0 2.6884765625 2.3515625 2.7939453125 2.3291015625 2.8203125 2.41015625 2.7392578125 2.443359375
9 3.3642578125 3.3115234375 3.40234375 3.3291015625 3.396484375 3.341796875 3.3564453125 3.322265625
9 3.1103515625 4.060546875 3.1201171875 4.0634765625 3.1005859375 4.10546875 3.08984375 4.1005859375
9 2.802734375 4.150390625 2.84765625 4.16796875 2.84375 4.1826171875 2.798828125 4.1630859375
10 0.615234375 1.634765625 0.61328125 1.626953125 0.625 1.615234375 0.62890625 1.626953125
10 0.62109375 1.6728515625 0.6181640625 1.666015625 0.630859375 1.658203125 0.634765625 1.666015625
10 0.7001953125 0.07421875 0.708984375 0.076171875 0.705078125 0.0927734375 0.697265625 0.087890625
10 0.7197265625 0.080078125 0.7265625 0.08203125 0.7216796875 0.0986328125 0.7138671875 0.095703125
10 0.642578125 0.236328125 0.6328125 0.2314453125 0.6416015625 0.216796875 0.6513671875 0.2197265625
10 0.7177734375 0.119140625 0.736328125 0.1259765625 0.732421875 0.1328125 0.7158203125 0.125
10 0.7548828125 0.1337890625 0.76953125 0.140625 0.765625 0.1474609375 0.751953125 0.140625
10 0.7900390625 0.1494140625 0.8076171875 0.1572265625 0.8037109375 0.1640625 0.787109375 0.15625
10 0.6796875 0.119140625 0.6884765625 0.12109375 0.6806640625 0.1376953125 0.6748046875 0.1337890625
10 0.6904296875 0.123046875 0.697265625 0.126953125 0.689453125 0.1416015625 0.68359375 0.1376953125
10 0.6943359375 0.13671875 0.701171875 0.1376953125 0.6953125 0.1533203125 0.689453125 0.150390625
10 0.90234375 0.1103515625 0.904296875 0.103515625 0.9228515625 0.1123046875 0.919921875 0.119140625
10 0.9130859375 0.0927734375 0.9169921875 0.0859375 0.9326171875 0.0947265625 0.927734375 0.1015625
10 0.8359375 0.275390625 0.84375 0.279296875 0.8359375 0.2958984375 0.8291015625 0.291015625
10 0.625 0.302734375 0.6162109375 0.296875 0.6240234375 0.283203125 0.630859375 0.2861328125
10 0.59765625 0.3330078125 0.5927734375 0.328125 0.5986328125 0.31640625 0.6064453125 0.3212890625
10 0.61328125 0.2958984375 0.6083984375 0.29296875 0.61328125 0.2802734375 0.62109375 0.283203125
10 0.7724609375 0.3408203125 0.77734375 0.3427734375 0.7705078125 0.3583984375 0.7666015625 0.3544921875
10 0.7802734375 0.345703125 0.7861328125 0.3486328125 0.7802734375 0.361328125 0.7744140625 0.359375
10 0.8037109375 0.3525390625 0.810546875 0.35546875 0.8037109375 0.3671875 0.7978515625 0.36328125
10 0.875 0.9970703125 0.8818359375 1.0 0.876953125 1.013671875 0.8701171875 1.0107421875
9 3.2685546875 3.544921875 3.3017578125 3.5615234375 3.2939453125 3.572265625 3.26171875 3.5546875
9 2.6982421875 2.19140625 2.7060546875 2.1875 2.7236328125 2.203125 2.7158203125 2.2099609375
10 0.92578125 1.04296875 0.9326171875 1.0439453125 0.9267578125 1.060546875 0.919921875 1.05859375
9 3.47265625 1.1796875 3.482421875 1.181640625 3.4765625 1.2041015625 3.466796875 1.19921875
0 0.6669921875 4.193359375 0.716796875 4.083984375 0.84375 4.1279296875 0.80078125 4.2431640625
0 0.779296875 3.9326171875 0.8203125 3.8232421875 0.953125 3.873046875 0.9033203125 3.986328125
0 0.9033203125 3.716796875 1.0068359375 3.654296875 1.080078125 3.7783203125 0.9873046875 3.8369140625
0 1.58203125 3.8935546875 1.6015625 4.0107421875 1.5029296875 4.0341796875 1.4736328125 3.9140625
0 1.47265625 4.4296875 1.4189453125 4.5400390625 1.322265625 4.5009765625 1.37109375 4.3896484375
0 2.1259765625 3.326171875 2.1689453125 3.2177734375 2.30859375 3.2734375 2.2548828125 3.3779296875
0 2.8369140625 2.2392578125 2.8857421875 2.126953125 3.01953125 2.1806640625 2.966796875 2.294921875
0 3.0810546875 1.87109375 3.126953125 1.76171875 3.2529296875 1.8173828125 3.2041015625 1.91796875
0 3.1328125 1.736328125 3.1767578125 1.626953125 3.30859375 1.6806640625 3.2568359375 1.7890625
0 2.54296875 1.7177734375 2.4375 1.740234375 2.4072265625 1.60546875 2.5107421875 1.5791015625
0 2.8671875 1.056640625 2.8193359375 1.1689453125 2.716796875 1.125 2.7685546875 1.01953125
0 2.927734375 0.8955078125 2.822265625 0.853515625 2.8681640625 0.748046875 2.9716796875 0.7939453125
0 1.88671875 1.2119140625 1.9296875 1.111328125 2.0634765625 1.1630859375 2.017578125 1.2724609375
0 2.96875 4.0478515625 2.91796875 4.150390625 2.798828125 4.1025390625 2.84375 3.9951171875
0 3.158203125 3.6962890625 3.1318359375 3.7587890625 3.046875 3.7275390625 3.076171875 3.66015625
0 3.2685546875 3.4375 3.2373046875 3.5009765625 3.1552734375 3.4658203125 3.185546875 3.4013671875
0 3.376953125 3.158203125 3.337890625 3.255859375 3.26171875 3.220703125 3.3076171875 3.130859375
0 2.623046875 3.828125 2.57421875 3.716796875 2.7001953125 3.66796875 2.75390625 3.775390625
9 3.4814453125 1.240234375 3.517578125 1.232421875 3.5234375 1.24609375 3.4873046875 1.2548828125
9 3.513671875 1.1875 3.5244140625 1.1904296875 3.5126953125 1.220703125 3.5009765625 1.216796875
9 3.498046875 1.1796875 3.509765625 1.185546875 3.4970703125 1.2138671875 3.486328125 1.2060546875
9 3.447265625 1.17578125 3.4541015625 1.177734375 3.4462890625 1.20703125 3.4384765625 1.201171875
9 3.45703125 1.181640625 3.466796875 1.1865234375 3.4599609375 1.2109375 3.451171875 1.20703125
10 0.8876953125 1.0283203125 0.8994140625 1.015625 0.9052734375 1.0224609375 0.892578125 1.0341796875
10 0.9140625 1.0380859375 0.9208984375 1.0400390625 0.9169921875 1.0546875 0.91015625 1.0517578125
0 3.5400390625 2.6669921875 3.4912109375 2.7880859375 3.3798828125 2.7421875 3.4326171875 2.626953125
10 1.458984375 1.849609375 1.4677734375 1.84765625 1.470703125 1.8642578125 1.4609375 1.8662109375
10 1.4560546875 2.1064453125 1.4619140625 2.11328125 1.453125 2.125 1.447265625 2.12109375
10 1.4267578125 1.9130859375 1.4375 1.9111328125 1.4365234375 1.9248046875 1.42578125 1.92578125
10 1.4189453125 1.79296875 1.4248046875 1.791015625 1.4306640625 1.8017578125 1.423828125 1.8046875
10 1.4580078125 2.044921875 1.4658203125 2.0478515625 1.4619140625 2.064453125 1.453125 2.0615234375
10 1.4296875 2.0810546875 1.4375 2.0830078125 1.435546875 2.0947265625 1.427734375 2.0927734375
10 1.0283203125 2.962890625 1.021484375 2.9560546875 1.0322265625 2.943359375 1.0390625 2.94921875
10 0.525390625 3.3779296875 0.5302734375 3.37109375 0.5439453125 3.3779296875 0.5390625 3.3857421875
9 0.8388671875 3.6865234375 0.8466796875 3.6796875 0.8583984375 3.6923828125 0.8505859375 3.6982421875
9 0.8525390625 3.6708984375 0.8681640625 3.68359375 0.86328125 3.6884765625 0.8486328125 3.6767578125
9 0.85546875 3.66796875 0.8623046875 3.6630859375 0.875 3.67578125 0.869140625 3.6796875
9 0.94140625 3.6005859375 0.94921875 3.5947265625 0.958984375 3.6123046875 0.9501953125 3.619140625
9 0.951171875 3.5927734375 0.9609375 3.587890625 0.97265625 3.6083984375 0.9638671875 3.6142578125
9 0.974609375 3.5830078125 0.9833984375 3.5791015625 0.994140625 3.5986328125 0.984375 3.603515625
9 1.1044921875 3.57421875 1.0927734375 3.572265625 1.09375 3.5478515625 1.1044921875 3.546875
9 1.556640625 3.73828125 1.56640625 3.7431640625 1.5556640625 3.763671875 1.5458984375 3.7578125
9 2.19921875 2.912109375 2.2197265625 2.919921875 2.2158203125 2.9267578125 2.1962890625 2.9189453125
9 2.1962890625 2.908203125 2.1982421875 2.8984375 2.224609375 2.908203125 2.220703125 2.9169921875
9 2.2001953125 2.8955078125 2.203125 2.88671875 2.23046875 2.8974609375 2.2255859375 2.90625
9 2.0361328125 3.607421875 2.0361328125 3.59765625 2.0712890625 3.5966796875 2.0712890625 3.6083984375
9 2.0498046875 3.7353515625 2.05859375 3.734375 2.0595703125 3.7568359375 2.05078125 3.7568359375
10 1.0439453125 1.4736328125 1.0361328125 1.46875 1.04296875 1.4541015625 1.0498046875 1.45703125
10 1.072265625 1.484375 1.0791015625 1.4814453125 1.0869140625 1.498046875 1.0791015625 1.5
10 1.072265625 1.447265625 1.0791015625 1.44921875 1.076171875 1.4677734375 1.0673828125 1.4658203125
10 1.443359375 1.916015625 1.451171875 1.9150390625 1.451171875 1.9287109375 1.443359375 1.9287109375
10 1.462890625 1.9375 1.4716796875 1.9365234375 1.47265625 1.951171875 1.46484375 1.953125
9 1.392578125 1.865234375 1.40234375 1.8623046875 1.4052734375 1.888671875 1.3955078125 1.8896484375
10 1.4609375 1.9130859375 1.4697265625 1.912109375 1.4716796875 1.9248046875 1.4609375 1.9267578125
10 0.609375 1.65234375 0.60546875 1.64453125 0.619140625 1.6357421875 0.6220703125 1.642578125
10 0.4150390625 1.8115234375 0.4140625 1.8037109375 0.4306640625 1.7978515625 0.431640625 1.8056640625
10 0.4658203125 1.80859375 0.462890625 1.802734375 0.48046875 1.79296875 0.484375 1.80078125
10 0.375 1.83984375 0.3740234375 1.833984375 0.38671875 1.830078125 0.388671875 1.8369140625
10 0.392578125 1.8349609375 0.3896484375 1.828125 0.40625 1.822265625 0.408203125 1.830078125
10 0.3115234375 1.5205078125 0.3193359375 1.5234375 0.310546875 1.5390625 0.302734375 1.5361328125
10 0.3359375 1.5283203125 0.3427734375 1.5322265625 0.3369140625 1.546875 0.330078125 1.5439453125
10 0.041015625 1.8017578125 0.04296875 1.7939453125 0.0615234375 1.7998046875 0.0595703125 1.8076171875
10 0.103515625 1.7724609375 0.10546875 1.7646484375 0.1259765625 1.767578125 0.125 1.7744140625
10 0.2744140625 1.642578125 0.2666015625 1.6376953125 0.2744140625 1.6259765625 0.2802734375 1.62890625
10 1.2158203125 2.6259765625 1.224609375 2.62890625 1.21875 2.6455078125 1.2099609375 2.640625
10 1.05078125 2.90234375 1.056640625 2.90625 1.046875 2.9208984375 1.0400390625 2.9150390625
10 1.1005859375 2.923828125 1.1064453125 2.9287109375 1.09765625 2.9423828125 1.0908203125 2.9365234375
10 1.0673828125 2.9248046875 1.076171875 2.9296875 1.06640625 2.9462890625 1.0576171875 2.939453125
10 0.990234375 2.9921875 0.998046875 2.9990234375 0.986328125 3.01171875 0.9794921875 3.0029296875
10 0.7841796875 3.1044921875 0.78125 3.1123046875 0.7646484375 3.10546875 0.7685546875 3.09765625
10 0.904296875 3.0625 0.908203125 3.068359375 0.892578125 3.0771484375 0.888671875 3.0693359375
9 0.185546875 2.6376953125 0.1943359375 2.634765625 0.1982421875 2.6591796875 0.189453125 2.66015625
10 0.2197265625 2.548828125 0.2255859375 2.5478515625 0.228515625 2.564453125 0.2216796875 2.56640625
10 0.21484375 2.591796875 0.22265625 2.58984375 0.224609375 2.607421875 0.216796875 2.609375
9 1.400390625 1.8974609375 1.408203125 1.8955078125 1.4111328125 1.912109375 1.40234375 1.9130859375
10 1.1259765625 1.7294921875 1.1337890625 1.724609375 1.142578125 1.7373046875 1.134765625 1.7412109375
10 1.4619140625 2.01953125 1.4716796875 2.021484375 1.4677734375 2.037109375 1.4599609375 2.0341796875
0 0.6162109375 4.3271484375 0.662109375 4.220703125 0.7939453125 4.265625 0.7373046875 4.3798828125
