10 1.076171875 0.7373046875 1.0576171875 0.740234375 1.056640625 0.7001953125 1.0732421875 0.6943359375
9 0.142578125 0.7529296875 0.2626953125 0.7529296875 0.2626953125 0.77734375 0.142578125 0.77734375
9 0.3857421875 0.9609375 0.3642578125 0.9619140625 0.3671875 0.822265625 0.3896484375 0.8232421875
9 0.3564453125 0.9560546875 0.3359375 0.955078125 0.337890625 0.8193359375 0.3603515625 0.818359375
9 0.3291015625 0.9541015625 0.3095703125 0.9541015625 0.3134765625 0.81640625 0.3310546875 0.8154296875
9 0.302734375 0.955078125 0.2802734375 0.9560546875 0.279296875 0.818359375 0.3037109375 0.818359375
9 0.150390625 0.9248046875 0.244140625 0.9248046875 0.244140625 0.9482421875 0.150390625 0.9482421875
9 0.13671875 0.873046875 0.2490234375 0.873046875 0.2490234375 0.8974609375 0.13671875 0.8974609375
9 0.11328125 0.841796875 0.23046875 0.841796875 0.23046875 0.8671875 0.11328125 0.8671875
9 0.1328125 0.7236328125 0.2646484375 0.7236328125 0.2646484375 0.748046875 0.1328125 0.748046875
9 0.439453125 0.9560546875 0.4189453125 0.9560546875 0.4228515625 0.8212890625 0.443359375 0.8203125
9 0.1328125 0.6962890625 0.2646484375 0.6962890625 0.2646484375 0.7177734375 0.1328125 0.7177734375
9 0.1533203125 0.6630859375 0.24609375 0.6630859375 0.24609375 0.6845703125 0.1533203125 0.6845703125
9 0.1533203125 0.6298828125 0.2578125 0.6298828125 0.2578125 0.6552734375 0.1533203125 0.6552734375
9 0.142578125 0.599609375 0.26171875 0.599609375 0.26171875 0.6259765625 0.142578125 0.6259765625
9 0.158203125 0.5693359375 0.2802734375 0.5693359375 0.2802734375 0.595703125 0.158203125 0.595703125
9 0.1416015625 0.5419921875 0.2783203125 0.5419921875 0.2783203125 0.56640625 0.1416015625 0.56640625
9 0.1435546875 0.51171875 0.26171875 0.51171875 0.26171875 0.5390625 0.1435546875 0.5390625
9 0.4140625 0.955078125 0.390625 0.958984375 0.3935546875 0.8203125 0.416015625 0.8193359375
9 0.4638671875 0.958984375 0.4453125 0.958984375 0.4501953125 0.8212890625 0.4697265625 0.822265625
9 0.7802734375 0.3271484375 0.884765625 0.33203125 0.8857421875 0.349609375 0.7783203125 0.34765625
9 0.7529296875 0.962890625 0.7333984375 0.9638671875 0.7373046875 0.8271484375 0.755859375 0.826171875
10 0.8759765625 0.244140625 0.8759765625 0.2685546875 0.8212890625 0.2685546875 0.8203125 0.244140625
10 0.771484375 0.267578125 0.771484375 0.2451171875 0.8115234375 0.24609375 0.8125 0.265625
9 0.78515625 0.23046875 0.7861328125 0.2080078125 0.8896484375 0.2080078125 0.890625 0.2294921875
9 0.7880859375 0.1748046875 0.8955078125 0.1708984375 0.8955078125 0.1943359375 0.7890625 0.197265625
9 0.78125 0.138671875 0.9013671875 0.138671875 0.9013671875 0.162109375 0.7822265625 0.1630859375
9 0.7265625 0.12890625 0.728515625 0.1083984375 0.9013671875 0.1083984375 0.8994140625 0.1298828125
9 0.5732421875 0.4853515625 0.685546875 0.4775390625 0.6865234375 0.501953125 0.5732421875 0.509765625
9 0.7265625 0.962890625 0.7060546875 0.9638671875 0.7109375 0.8251953125 0.73046875 0.82421875
9 0.4892578125 0.95703125 0.4697265625 0.958984375 0.4765625 0.8212890625 0.4951171875 0.8212890625
9 0.7001953125 0.9619140625 0.6826171875 0.9619140625 0.68359375 0.82421875 0.7041015625 0.8232421875
9 0.67578125 0.962890625 0.6552734375 0.96484375 0.6552734375 0.8232421875 0.6787109375 0.8232421875
9 0.6279296875 0.9609375 0.607421875 0.9619140625 0.6103515625 0.82421875 0.6298828125 0.82421875
9 0.5986328125 0.962890625 0.5791015625 0.96484375 0.58203125 0.8232421875 0.6025390625 0.82421875
9 0.5712890625 0.9599609375 0.5517578125 0.9619140625 0.55859375 0.8193359375 0.5771484375 0.8193359375
9 0.5439453125 0.9619140625 0.5224609375 0.9609375 0.53125 0.8212890625 0.5537109375 0.8212890625
9 0.515625 0.9560546875 0.49609375 0.958984375 0.5009765625 0.818359375 0.521484375 0.81640625
9 0.173828125 0.482421875 0.2802734375 0.482421875 0.2802734375 0.5068359375 0.173828125 0.5068359375
