1 0.712890625 3.00390625 0.7099609375 2.9775390625 0.7841796875 2.97265625 0.787109375 3.0009765625
7 0.7861328125 3.001953125 0.78515625 3.0224609375 0.3876953125 3.015625 0.3876953125 2.998046875
1 0.654296875 2.5419921875 0.6552734375 2.5205078125 0.7177734375 2.5224609375 0.71875 2.5458984375
1 0.94140625 1.6220703125 0.9462890625 1.6015625 1.0439453125 1.6220703125 1.0380859375 1.6435546875
1 1.0439453125 1.5830078125 1.0400390625 1.599609375 0.9775390625 1.5859375 0.982421875 1.5703125
1 0.9775390625 0.888671875 0.9599609375 0.8876953125 0.962890625 0.84375 0.982421875 0.8447265625
7 0.6572265625 3.8349609375 0.654296875 3.8544921875 0.3046875 3.8095703125 0.306640625 3.7919921875
7 0.6787109375 3.6181640625 0.6787109375 3.63671875 0.3505859375 3.6142578125 0.3505859375 3.5986328125
7 0.8046875 2.8212890625 0.8056640625 2.8408203125 0.40625 2.84765625 0.4072265625 2.83203125
1 0.69140625 3.048828125 0.69140625 3.0205078125 0.7998046875 3.021484375 0.7998046875 3.05078125
7 0.7392578125 2.5478515625 0.73828125 2.5673828125 0.4267578125 2.546875 0.427734375 2.53125
7 0.92578125 2.17578125 0.92578125 2.1943359375 0.4736328125 2.1865234375 0.474609375 2.166015625
7 0.9794921875 1.931640625 0.966796875 1.9697265625 0.5791015625 1.853515625 0.58984375 1.8203125
7 1.00390625 1.8330078125 0.9990234375 1.8505859375 0.603515625 1.7529296875 0.609375 1.734375
7 1.03515625 1.60546875 1.03125 1.6201171875 0.654296875 1.517578125 0.6572265625 1.50390625
7 1.0390625 1.291015625 1.0361328125 1.3076171875 0.763671875 1.259765625 0.7646484375 1.244140625
1 0.6181640625 2.998046875 0.6181640625 2.974609375 0.6875 2.9716796875 0.6884765625 2.9990234375
1 0.669921875 3.638671875 0.66796875 3.65625 0.6142578125 3.6533203125 0.6171875 3.6318359375
1 0.6611328125 3.8076171875 0.658203125 3.828125 0.56640625 3.8212890625 0.5673828125 3.7998046875
1 0.5419921875 3.8759765625 0.548828125 3.841796875 0.654296875 3.857421875 0.6494140625 3.89453125
7 0.587890625 3.9990234375 0.5849609375 4.013671875 0.3046875 4.0 0.3056640625 3.982421875
1 0.60546875 4.013671875 0.6025390625 4.046875 0.515625 4.0390625 0.517578125 4.0078125
7 0.6416015625 4.1455078125 0.6416015625 4.166015625 0.2802734375 4.162109375 0.2783203125 4.140625
1 0.443359375 4.1796875 0.44140625 4.1630859375 0.48046875 4.16015625 0.482421875 4.1787109375
1 0.51171875 4.2060546875 0.509765625 4.1640625 0.6474609375 4.1640625 0.6474609375 4.208984375
7 0.5947265625 4.3486328125 0.5947265625 4.3701171875 0.224609375 4.3564453125 0.22265625 4.333984375
1 0.52734375 4.384765625 0.52734375 4.3681640625 0.591796875 4.369140625 0.5859375 4.3974609375
1 0.7578125 4.388671875 0.73046875 4.3759765625 0.7470703125 4.310546875 0.7861328125 4.32421875
7 0.5751953125 4.8232421875 0.57421875 4.8447265625 0.306640625 4.84375 0.306640625 4.8271484375
1 0.5244140625 4.8232421875 0.5244140625 4.8037109375 0.5654296875 4.80078125 0.576171875 4.82421875
7 0.5830078125 5.19140625 0.5908203125 5.21484375 0.3017578125 5.2685546875 0.298828125 5.24609375
1 0.5322265625 5.2001953125 0.5283203125 5.1796875 0.5732421875 5.1728515625 0.5751953125 5.1943359375
7 0.7216796875 3.11328125 0.7216796875 3.140625 0.388671875 3.1533203125 0.388671875 3.12890625
7 0.9951171875 0.8955078125 0.994140625 0.9052734375 0.7412109375 0.8984375 0.7392578125 0.8857421875
