10 0.076171875 0.302734375 0.06640625 0.3173828125 0.0517578125 0.3037109375 0.0517578125 0.2880859375
9 1.310546875 0.7880859375 1.328125 0.77734375 1.3857421875 0.869140625 1.365234375 0.8818359375
9 0.9873046875 0.787109375 1.005859375 0.77734375 1.064453125 0.87109375 1.0419921875 0.880859375
9 1.0517578125 0.7919921875 1.0703125 0.783203125 1.1298828125 0.873046875 1.1083984375 0.8857421875
9 1.1416015625 0.7861328125 1.1630859375 0.775390625 1.2236328125 0.8642578125 1.1962890625 0.8759765625
9 1.1806640625 0.79296875 1.2021484375 0.7802734375 1.259765625 0.8701171875 1.2353515625 0.8828125
9 1.25 0.796875 1.26953125 0.7861328125 1.328125 0.875 1.302734375 0.8876953125
9 1.27734375 0.7919921875 1.2998046875 0.7802734375 1.357421875 0.87109375 1.3349609375 0.8818359375
9 1.3408203125 0.787109375 1.3583984375 0.775390625 1.41796875 0.8681640625 1.3974609375 0.8798828125
9 0.88671875 0.787109375 0.9033203125 0.775390625 0.9697265625 0.865234375 0.9462890625 0.8779296875
9 1.3779296875 0.7958984375 1.3955078125 0.78125 1.4541015625 0.8740234375 1.43359375 0.8857421875
9 1.40625 0.791015625 1.42578125 0.7783203125 1.4833984375 0.8671875 1.462890625 0.8798828125
9 1.4404296875 0.791015625 1.45703125 0.78125 1.5166015625 0.8701171875 1.4970703125 0.8818359375
9 1.474609375 0.7919921875 1.48828125 0.779296875 1.5517578125 0.8740234375 1.529296875 0.8818359375
9 1.505859375 0.794921875 1.5263671875 0.78125 1.5830078125 0.8701171875 1.5634765625 0.8857421875
9 1.5380859375 0.7919921875 1.5556640625 0.779296875 1.6142578125 0.87109375 1.59375 0.8818359375
9 0.947265625 0.787109375 0.966796875 0.77734375 1.0244140625 0.8623046875 1.001953125 0.873046875
9 0.8544921875 0.7861328125 0.873046875 0.7744140625 0.93359375 0.8681640625 0.9140625 0.8779296875
9 1.40234375 1.08203125 1.3798828125 1.068359375 1.4140625 1.0185546875 1.4345703125 1.03125
9 0.5234375 0.7802734375 0.541015625 0.7705078125 0.599609375 0.859375 0.5791015625 0.87109375
9 1.97265625 0.7626953125 1.9521484375 0.7734375 1.8974609375 0.6923828125 1.9189453125 0.6767578125
9 2.005859375 0.76171875 1.9833984375 0.7763671875 1.9296875 0.69140625 1.9541015625 0.6767578125
9 2.0400390625 0.763671875 2.01953125 0.77734375 1.9658203125 0.6962890625 1.9892578125 0.681640625
9 2.0693359375 0.7607421875 2.0478515625 0.7724609375 1.9951171875 0.6904296875 2.015625 0.673828125
9 0.45703125 0.78125 0.4755859375 0.7685546875 0.533203125 0.8583984375 0.51171875 0.8701171875
9 0.490234375 0.7822265625 0.5078125 0.76953125 0.5673828125 0.861328125 0.544921875 0.8720703125
9 0.560546875 0.78515625 0.580078125 0.77734375 0.63671875 0.865234375 0.6171875 0.87890625
9 0.8203125 0.787109375 0.8388671875 0.7744140625 0.8994140625 0.869140625 0.8779296875 0.8798828125
9 0.5908203125 0.7822265625 0.6064453125 0.771484375 0.66796875 0.86328125 0.646484375 0.875
9 0.6259765625 0.787109375 0.646484375 0.7763671875 0.705078125 0.8642578125 0.68359375 0.875
9 0.6884765625 0.7861328125 0.7080078125 0.7744140625 0.767578125 0.8623046875 0.7431640625 0.8759765625
9 0.72265625 0.7861328125 0.7431640625 0.7744140625 0.7998046875 0.865234375 0.77734375 0.8779296875
9 0.75390625 0.78125 0.771484375 0.7705078125 0.8291015625 0.8623046875 0.8095703125 0.8720703125
9 0.78515625 0.78125 0.8056640625 0.7724609375 0.8623046875 0.865234375 0.8427734375 0.875
9 1.568359375 0.7919921875 1.587890625 0.78125 1.650390625 0.87109375 1.6240234375 0.8828125
9 1.638671875 0.796875 1.6591796875 0.783203125 1.71875 0.876953125 1.693359375 0.890625
9 1.70703125 0.7998046875 1.7255859375 0.7900390625 1.7841796875 0.876953125 1.7607421875 0.8896484375
9 0.9375 1.08203125 0.91796875 1.068359375 0.951171875 1.0205078125 0.9716796875 1.0322265625
9 0.4833984375 1.0732421875 0.466796875 1.0615234375 0.4990234375 1.01171875 0.517578125 1.0244140625
9 0.5185546875 1.0712890625 0.5 1.060546875 0.53125 1.009765625 0.5517578125 1.021484375
9 0.7509765625 1.068359375 0.7294921875 1.056640625 0.7646484375 1.0068359375 0.7841796875 1.017578125
9 0.5517578125 1.072265625 0.5302734375 1.0615234375 0.564453125 1.0107421875 0.5859375 1.021484375
9 0.8427734375 1.080078125 0.8232421875 1.068359375 0.853515625 1.01953125 0.873046875 1.0302734375
9 0.875 1.0791015625 0.8564453125 1.0693359375 0.8876953125 1.0205078125 0.90625 1.03125
9 0.97265625 1.0830078125 0.9521484375 1.068359375 0.9873046875 1.0185546875 1.0068359375 1.029296875
9 1.6708984375 0.794921875 1.69140625 0.7861328125 1.748046875 0.8740234375 1.7265625 0.88671875
9 1.07421875 1.0771484375 1.052734375 1.0634765625 1.0869140625 1.013671875 1.109375 1.0263671875
9 1.1044921875 1.078125 1.0888671875 1.0673828125 1.123046875 1.015625 1.140625 1.02734375
9 1.1357421875 1.0791015625 1.1181640625 1.068359375 1.1513671875 1.0185546875 1.1689453125 1.0283203125
9 1.169921875 1.0810546875 1.150390625 1.0673828125 1.1845703125 1.01953125 1.203125 1.0322265625
9 1.2060546875 1.07421875 1.1875 1.0615234375 1.22265625 1.013671875 1.2412109375 1.025390625
9 1.2666015625 1.0849609375 1.2490234375 1.0703125 1.2822265625 1.0234375 1.3017578125 1.0361328125
9 0.455078125 1.0703125 0.4345703125 1.0576171875 0.466796875 1.0068359375 0.4853515625 1.01953125
9 0.4130859375 1.078125 0.39453125 1.06640625 0.427734375 1.015625 0.447265625 1.0283203125
9 0.3876953125 1.072265625 0.3671875 1.0615234375 0.4013671875 1.009765625 0.419921875 1.0234375
9 0.357421875 1.0703125 0.3369140625 1.05859375 0.3671875 1.0068359375 0.388671875 1.0185546875
9 0.322265625 1.0703125 0.3017578125 1.0576171875 0.3349609375 1.0068359375 0.3564453125 1.021484375
9 0.2880859375 1.076171875 0.2646484375 1.0634765625 0.2978515625 1.0126953125 0.3203125 1.025390625
9 0.251953125 1.0751953125 0.23046875 1.0615234375 0.2626953125 1.0126953125 0.2841796875 1.025390625
9 0.2158203125 1.0693359375 0.19921875 1.0576171875 0.232421875 1.009765625 0.2509765625 1.0234375
9 1.998046875 0.796875 2.017578125 0.7861328125 2.07421875 0.875 2.05078125 0.8876953125
9 1.9658203125 0.796875 1.984375 0.78515625 2.041015625 0.873046875 2.0185546875 0.8837890625
9 1.931640625 0.794921875 1.94921875 0.783203125 2.0087890625 0.8701171875 1.98828125 0.8828125
9 1.8974609375 0.7939453125 1.9150390625 0.7822265625 1.9755859375 0.8720703125 1.9541015625 0.884765625
9 1.8662109375 0.7958984375 1.8857421875 0.78515625 1.943359375 0.8720703125 1.921875 0.8837890625
9 1.8359375 0.798828125 1.85546875 0.7861328125 1.912109375 0.8740234375 1.8916015625 0.888671875
9 1.7998046875 0.794921875 1.8203125 0.783203125 1.8740234375 0.8720703125 1.8564453125 0.8818359375
9 1.7763671875 0.8076171875 1.7939453125 0.7958984375 1.853515625 0.8857421875 1.83203125 0.900390625
9 1.734375 0.7919921875 1.7529296875 0.7802734375 1.810546875 0.8701171875 1.791015625 0.8818359375
9 1.9345703125 0.7548828125 1.9140625 0.765625 1.8603515625 0.6826171875 1.8828125 0.669921875
9 1.90625 0.7626953125 1.8857421875 0.7744140625 1.8310546875 0.6923828125 1.853515625 0.6767578125
9 1.875 0.763671875 1.853515625 0.7763671875 1.80078125 0.6943359375 1.8212890625 0.681640625
9 1.5185546875 0.42578125 1.5419921875 0.4384765625 1.484375 0.521484375 1.46484375 0.505859375
9 1.18359375 0.3896484375 1.2060546875 0.40234375 1.150390625 0.490234375 1.1279296875 0.47265625
9 1.2119140625 0.396484375 1.234375 0.4111328125 1.1787109375 0.4951171875 1.1572265625 0.48046875
9 1.23828125 0.4013671875 1.2607421875 0.4169921875 1.2080078125 0.5 1.185546875 0.486328125
9 1.2666015625 0.4091796875 1.291015625 0.4228515625 1.236328125 0.5068359375 1.21484375 0.490234375
9 1.33203125 0.4091796875 1.35546875 0.4208984375 1.3017578125 0.5068359375 1.27734375 0.4912109375
9 1.396484375 0.4111328125 1.4189453125 0.4248046875 1.3642578125 0.5087890625 1.3408203125 0.494140625
9 1.6494140625 0.42578125 1.6728515625 0.4375 1.6171875 0.5234375 1.595703125 0.5087890625
9 2.0234375 0.458984375 2.0458984375 0.47265625 1.986328125 0.5625 1.9658203125 0.544921875
9 1.6787109375 0.431640625 1.7041015625 0.4462890625 1.6474609375 0.5322265625 1.6279296875 0.5166015625
9 1.7412109375 0.4375 1.765625 0.453125 1.7119140625 0.5341796875 1.685546875 0.51953125
9 1.80859375 0.4365234375 1.830078125 0.4482421875 1.7734375 0.5390625 1.7529296875 0.525390625
9 1.8681640625 0.44140625 1.8935546875 0.45703125 1.8369140625 0.5458984375 1.8134765625 0.52734375
9 1.935546875 0.4453125 1.958984375 0.4580078125 1.8984375 0.546875 1.876953125 0.529296875
9 1.966796875 0.443359375 1.9892578125 0.4580078125 1.9345703125 0.546875 1.912109375 0.533203125
9 1.08984375 0.3828125 1.1142578125 0.3955078125 1.05859375 0.4833984375 1.0341796875 0.46875
9 1.0224609375 0.3818359375 1.0458984375 0.396484375 0.9912109375 0.4814453125 0.9716796875 0.46875
9 0.9873046875 0.3837890625 1.0107421875 0.396484375 0.95703125 0.486328125 0.9375 0.4697265625
9 0.9560546875 0.384765625 0.9794921875 0.3974609375 0.92578125 0.482421875 0.9052734375 0.4677734375
9 0.9208984375 0.3837890625 0.9462890625 0.396484375 0.8935546875 0.482421875 0.875 0.4697265625
9 0.888671875 0.388671875 0.912109375 0.400390625 0.859375 0.490234375 0.8359375 0.47265625
9 0.845703125 0.41015625 0.8623046875 0.423828125 0.8115234375 0.5068359375 0.791015625 0.494140625
9 0.8232421875 0.3818359375 0.849609375 0.3974609375 0.79296875 0.4853515625 0.7705078125 0.46875
9 0.7900390625 0.3818359375 0.814453125 0.39453125 0.7568359375 0.482421875 0.7392578125 0.4716796875
9 0.759765625 0.380859375 0.7841796875 0.3935546875 0.73046875 0.4833984375 0.708984375 0.46875
9 0.6904296875 0.3876953125 0.71484375 0.4033203125 0.66015625 0.490234375 0.638671875 0.4775390625
9 0.66015625 0.3798828125 0.6865234375 0.39453125 0.6328125 0.48046875 0.6103515625 0.4658203125
9 0.626953125 0.37890625 0.650390625 0.390625 0.599609375 0.478515625 0.576171875 0.4658203125
9 0.59375 0.380859375 0.6162109375 0.396484375 0.5634765625 0.4833984375 0.5419921875 0.46875
9 0.5634765625 0.380859375 0.583984375 0.3935546875 0.529296875 0.484375 0.5078125 0.4697265625
9 0.5302734375 0.3798828125 0.552734375 0.392578125 0.498046875 0.482421875 0.4775390625 0.46875
9 0.5009765625 0.376953125 0.5224609375 0.390625 0.4736328125 0.4716796875 0.4521484375 0.455078125
9 1.9990234375 0.4443359375 2.0224609375 0.4560546875 1.96875 0.5390625 1.9501953125 0.5263671875
9 2.0556640625 0.458984375 2.0791015625 0.4736328125 2.0224609375 0.5634765625 2.0 0.546875
9 1.8427734375 0.765625 1.8232421875 0.77734375 1.7685546875 0.6943359375 1.791015625 0.6806640625
9 1.25390625 0.7607421875 1.232421875 0.771484375 1.1796875 0.6875 1.2021484375 0.673828125
9 1.025390625 0.755859375 1.0029296875 0.7685546875 0.9462890625 0.6787109375 0.9697265625 0.666015625
9 1.0859375 0.75 1.0634765625 0.76171875 1.005859375 0.6728515625 1.029296875 0.6572265625
9 1.1220703125 0.755859375 1.099609375 0.76953125 1.0439453125 0.6806640625 1.0654296875 0.6650390625
9 1.1533203125 0.75 1.1279296875 0.763671875 1.0732421875 0.67578125 1.0947265625 0.6611328125
9 1.10546875 0.6748046875 1.126953125 0.662109375 1.1875 0.751953125 1.1650390625 0.7685546875
9 1.2216796875 0.7607421875 1.201171875 0.7705078125 1.1484375 0.689453125 1.1689453125 0.673828125
9 1.349609375 0.7568359375 1.326171875 0.767578125 1.2744140625 0.6845703125 1.2958984375 0.6708984375
9 2.12109375 0.45703125 2.14453125 0.470703125 2.0869140625 0.56640625 2.064453125 0.5498046875
9 1.41015625 0.697265625 1.431640625 0.6806640625 1.4794921875 0.7568359375 1.458984375 0.7685546875
9 1.609375 0.7587890625 1.587890625 0.7705078125 1.54296875 0.6962890625 1.564453125 0.681640625
9 1.7119140625 0.763671875 1.689453125 0.7763671875 1.63671875 0.6923828125 1.6611328125 0.67578125
9 1.7490234375 0.76953125 1.7275390625 0.78125 1.673828125 0.697265625 1.6962890625 0.6826171875
9 1.7783203125 0.763671875 1.755859375 0.77734375 1.705078125 0.6904296875 1.724609375 0.6796875
9 1.8115234375 0.765625 1.79296875 0.7763671875 1.740234375 0.6953125 1.759765625 0.68359375
9 0.99609375 0.7626953125 0.9736328125 0.7763671875 0.9189453125 0.6845703125 0.9404296875 0.671875
9 0.962890625 0.7587890625 0.94140625 0.771484375 0.8837890625 0.68359375 0.90625 0.6669921875
9 0.9306640625 0.7607421875 0.908203125 0.7724609375 0.849609375 0.6826171875 0.8740234375 0.6689453125
9 0.8623046875 0.7568359375 0.8388671875 0.767578125 0.78515625 0.6787109375 0.806640625 0.6640625
9 0.8310546875 0.7587890625 0.8076171875 0.76953125 0.751953125 0.6796875 0.77734375 0.6650390625
9 0.7978515625 0.7568359375 0.7763671875 0.7685546875 0.720703125 0.6806640625 0.7421875 0.66796875
9 0.765625 0.7578125 0.744140625 0.7705078125 0.6875 0.6865234375 0.7119140625 0.6708984375
9 0.732421875 0.7568359375 0.7109375 0.767578125 0.654296875 0.6796875 0.673828125 0.6689453125
9 0.701171875 0.7578125 0.6767578125 0.76953125 0.623046875 0.681640625 0.64453125 0.6669921875
9 0.666015625 0.7548828125 0.64453125 0.7666015625 0.5849609375 0.67578125 0.6083984375 0.662109375
9 0.6005859375 0.7509765625 0.5771484375 0.765625 0.521484375 0.67578125 0.54296875 0.6611328125
9 0.568359375 0.7529296875 0.54296875 0.7646484375 0.4873046875 0.6748046875 0.5087890625 0.662109375
9 0.5361328125 0.755859375 0.51171875 0.765625 0.455078125 0.67578125 0.478515625 0.6611328125
9 2.2451171875 0.4677734375 2.271484375 0.4814453125 2.220703125 0.5693359375 2.1962890625 0.5546875
9 2.212890625 0.4697265625 2.236328125 0.4833984375 2.18359375 0.5751953125 2.1591796875 0.560546875
9 2.1865234375 0.458984375 2.208984375 0.47265625 2.154296875 0.5634765625 2.1328125 0.5498046875
9 2.150390625 0.4609375 2.17578125 0.474609375 2.119140625 0.5693359375 2.0966796875 0.5537109375
9 1.365234375 1.0849609375 1.34375 1.072265625 1.3759765625 1.0244140625 1.3984375 1.0390625
9 1.431640625 1.0849609375 1.4150390625 1.072265625 1.4462890625 1.0234375 1.466796875 1.03515625
10 0.0712890625 0.3232421875 0.0615234375 0.3408203125 0.0478515625 0.3330078125 0.048828125 0.3134765625
10 1.26171875 1.5634765625 1.283203125 1.5625 1.2861328125 1.609375 1.2626953125 1.609375
10 0.9736328125 1.3779296875 0.9931640625 1.3759765625 0.9931640625 1.41796875 0.97265625 1.4189453125
10 1.015625 1.431640625 1.0390625 1.4287109375 1.0419921875 1.4765625 1.017578125 1.4765625
10 1.1123046875 1.427734375 1.1328125 1.4267578125 1.1328125 1.4716796875 1.1123046875 1.46875
10 1.13671875 1.3798828125 1.15625 1.380859375 1.1552734375 1.4208984375 1.1376953125 1.41796875
10 1.279296875 1.384765625 1.2978515625 1.3837890625 1.298828125 1.4267578125 1.2783203125 1.4267578125
10 0.951171875 1.712890625 0.97265625 1.7138671875 0.9736328125 1.759765625 0.9541015625 1.759765625
9 1.0771484375 1.84765625 1.0986328125 1.84765625 1.1005859375 1.91015625 1.078125 1.9111328125
10 0.8056640625 1.4326171875 0.822265625 1.4326171875 0.8232421875 1.4736328125 0.8056640625 1.4716796875
9 1.1328125 1.8486328125 1.1591796875 1.8466796875 1.1591796875 1.908203125 1.134765625 1.90625
9 1.1640625 1.849609375 1.18359375 1.84765625 1.1884765625 1.9091796875 1.1640625 1.90625
10 1.23828125 1.8720703125 1.2568359375 1.8701171875 1.2578125 1.9111328125 1.236328125 1.9111328125
10 2.21484375 0.0703125 2.23828125 0.06640625 2.25390625 0.0986328125 2.2373046875 0.1044921875
9 2.32421875 0.5732421875 2.3232421875 0.5947265625 2.23828125 0.6005859375 2.236328125 0.5771484375
9 2.3212890625 0.6103515625 2.3203125 0.6318359375 2.234375 0.6328125 2.2353515625 0.611328125
10 0.9384765625 1.4365234375 0.958984375 1.4326171875 0.9541015625 1.47265625 0.9375 1.474609375
10 0.826171875 1.4267578125 0.8076171875 1.4267578125 0.8076171875 1.3857421875 0.8271484375 1.3837890625
9 1.466796875 1.08203125 1.44921875 1.0693359375 1.482421875 1.0205078125 1.501953125 1.0322265625
9 0.58203125 1.33984375 0.5830078125 1.3583984375 0.486328125 1.3671875 0.484375 1.3447265625
10 0.326171875 0.0927734375 0.3671875 0.0869140625 0.369140625 0.1025390625 0.3310546875 0.1083984375
10 0.3203125 0.1201171875 0.357421875 0.1123046875 0.3603515625 0.126953125 0.3232421875 0.1337890625
9 0.2587890625 0.5205078125 0.259765625 0.498046875 0.359375 0.498046875 0.3603515625 0.51953125
9 0.22265625 0.5751953125 0.22265625 0.5537109375 0.3203125 0.5556640625 0.3203125 0.578125
9 0.203125 0.60546875 0.203125 0.583984375 0.30078125 0.5849609375 0.2998046875 0.6064453125
9 0.18359375 0.6337890625 0.185546875 0.6103515625 0.283203125 0.6123046875 0.283203125 0.6337890625
9 0.5283203125 1.4326171875 0.5087890625 1.4248046875 0.52734375 1.37109375 0.5498046875 1.37890625
10 0.73046875 1.474609375 0.7158203125 1.4716796875 0.7138671875 1.4326171875 0.73046875 1.427734375
9 0.0498046875 1.4560546875 0.029296875 1.44140625 0.0693359375 1.392578125 0.0859375 1.408203125
9 0.11328125 1.509765625 0.09375 1.4921875 0.1298828125 1.447265625 0.1484375 1.4619140625
9 0.171875 1.564453125 0.15234375 1.5498046875 0.1923828125 1.50390625 0.2119140625 1.5185546875
9 0.1962890625 1.583984375 0.1787109375 1.572265625 0.2177734375 1.5244140625 0.234375 1.537109375
9 0.220703125 1.607421875 0.2001953125 1.5888671875 0.2392578125 1.544921875 0.255859375 1.55859375
9 0.3251953125 1.5791015625 0.34375 1.5654296875 0.3857421875 1.6162109375 0.365234375 1.6298828125
9 2.32421875 0.6376953125 2.3251953125 0.658203125 2.240234375 0.6572265625 2.240234375 0.63671875
9 2.326171875 0.666015625 2.328125 0.685546875 2.23828125 0.685546875 2.23828125 0.6650390625
9 2.3251953125 0.6904296875 2.326171875 0.7099609375 2.2431640625 0.7138671875 2.23828125 0.693359375
10 2.244140625 1.8994140625 2.2470703125 1.8798828125 2.294921875 1.8837890625 2.2900390625 1.9013671875
9 2.31640625 1.64453125 2.3154296875 1.6650390625 2.2197265625 1.66015625 2.2216796875 1.63671875
9 2.314453125 1.6787109375 2.31640625 1.701171875 2.2236328125 1.6962890625 2.224609375 1.673828125
9 2.306640625 1.712890625 2.3076171875 1.7314453125 2.2177734375 1.732421875 2.21875 1.7099609375
9 2.298828125 1.7568359375 2.296875 1.77734375 2.201171875 1.775390625 2.2021484375 1.7529296875
9 2.3037109375 1.787109375 2.3056640625 1.8095703125 2.2138671875 1.8115234375 2.2138671875 1.7890625
9 2.3056640625 1.8603515625 2.3037109375 1.8828125 2.2021484375 1.876953125 2.205078125 1.8525390625
10 2.15625 1.865234375 2.1953125 1.8662109375 2.193359375 1.8828125 2.154296875 1.880859375
9 2.328125 0.7216796875 2.326171875 0.7412109375 2.2431640625 0.736328125 2.2451171875 0.71484375
9 2.07421875 1.9111328125 2.0751953125 1.888671875 2.1826171875 1.8935546875 2.181640625 1.916015625
10 1.6787109375 1.708984375 1.6953125 1.7099609375 1.6923828125 1.7470703125 1.6767578125 1.7451171875
10 2.0673828125 1.443359375 2.0849609375 1.4462890625 2.07421875 1.486328125 2.0576171875 1.482421875
10 1.6728515625 1.41015625 1.6875 1.41015625 1.6875 1.447265625 1.669921875 1.447265625
10 0.2861328125 1.6796875 0.2744140625 1.6669921875 0.3046875 1.6396484375 0.31640625 1.6513671875
10 0.0771484375 0.349609375 0.0703125 0.3681640625 0.048828125 0.3544921875 0.048828125 0.3369140625
9 2.318359375 1.609375 2.314453125 1.62890625 2.216796875 1.6171875 2.22265625 1.5966796875
9 2.3232421875 1.580078125 2.3203125 1.6005859375 2.224609375 1.5888671875 2.228515625 1.5654296875
9 2.3251953125 1.5458984375 2.322265625 1.5673828125 2.2265625 1.556640625 2.2294921875 1.5341796875
9 2.3291015625 1.5166015625 2.3271484375 1.5380859375 2.2294921875 1.52734375 2.232421875 1.505859375
9 2.3203125 1.1669921875 2.3212890625 1.189453125 2.2568359375 1.1923828125 2.2568359375 1.169921875
9 2.32421875 1.109375 2.3271484375 1.1298828125 2.2490234375 1.1337890625 2.25 1.1103515625
9 2.3232421875 1.080078125 2.32421875 1.1015625 2.2470703125 1.103515625 2.2470703125 1.08203125
9 2.3232421875 1.048828125 2.326171875 1.072265625 2.2470703125 1.076171875 2.2470703125 1.0517578125
9 2.3232421875 0.9931640625 2.32421875 1.017578125 2.2451171875 1.015625 2.244140625 0.9921875
9 2.32421875 0.9384765625 2.3232421875 0.958984375 2.2421875 0.958984375 2.2421875 0.9375
9 2.32421875 0.912109375 2.32421875 0.93359375 2.2412109375 0.9306640625 2.2421875 0.91015625
9 2.3232421875 0.884765625 2.3212890625 0.90625 2.2412109375 0.904296875 2.2431640625 0.8828125
9 2.322265625 0.85546875 2.322265625 0.8798828125 2.23828125 0.87890625 2.23828125 0.857421875
9 2.3193359375 0.8291015625 2.3193359375 0.8486328125 2.234375 0.8515625 2.234375 0.830078125
9 2.3251953125 0.802734375 2.3251953125 0.8232421875 2.240234375 0.822265625 2.2412109375 0.7998046875
9 2.326171875 0.7724609375 2.328125 0.7958984375 2.2392578125 0.7978515625 2.236328125 0.7744140625
9 2.3212890625 0.74609375 2.322265625 0.767578125 2.2333984375 0.7685546875 2.2353515625 0.7470703125
9 2.048828125 1.107421875 2.0703125 1.1220703125 2.033203125 1.1708984375 2.0146484375 1.1572265625
9 2.0166015625 1.1015625 2.0380859375 1.115234375 2.001953125 1.16796875 1.9833984375 1.154296875
9 1.982421875 1.1025390625 2.00390625 1.1142578125 1.9716796875 1.1689453125 1.951171875 1.15625
9 0.4150390625 1.0849609375 0.435546875 1.0966796875 0.4013671875 1.1494140625 0.384765625 1.1337890625
9 0.2158203125 1.0859375 0.236328125 1.0966796875 0.203125 1.1494140625 0.181640625 1.1357421875
9 0.248046875 1.0859375 0.267578125 1.099609375 0.234375 1.1513671875 0.2138671875 1.1376953125
9 0.2724609375 1.099609375 0.294921875 1.1123046875 0.26171875 1.1640625 0.2392578125 1.1474609375
9 0.3125 1.0859375 0.333984375 1.09765625 0.3046875 1.1494140625 0.2822265625 1.138671875
9 0.341796875 1.095703125 0.361328125 1.107421875 0.330078125 1.158203125 0.3095703125 1.14453125
9 0.3818359375 1.0888671875 0.400390625 1.0986328125 0.3662109375 1.15234375 0.3486328125 1.13671875
9 0.4443359375 1.0927734375 0.46484375 1.103515625 0.4326171875 1.15625 0.412109375 1.1416015625
9 0.70703125 1.09375 0.7265625 1.1044921875 0.6982421875 1.15625 0.6767578125 1.1435546875
9 0.4794921875 1.091796875 0.4990234375 1.1025390625 0.46484375 1.154296875 0.4453125 1.140625
9 0.51171875 1.0888671875 0.533203125 1.09765625 0.501953125 1.154296875 0.4794921875 1.1376953125
9 0.5361328125 1.095703125 0.560546875 1.1083984375 0.52734375 1.162109375 0.5078125 1.1484375
9 0.5703125 1.1005859375 0.5908203125 1.1123046875 0.5556640625 1.1650390625 0.5361328125 1.1494140625
9 0.60546875 1.09765625 0.625 1.1103515625 0.591796875 1.162109375 0.572265625 1.146484375
9 0.640625 1.0947265625 0.66015625 1.10546875 0.62890625 1.15625 0.607421875 1.142578125
9 0.1728515625 1.1015625 0.193359375 1.1162109375 0.1591796875 1.166015625 0.1376953125 1.1513671875
9 2.0517578125 1.0927734375 2.03515625 1.0810546875 2.068359375 1.033203125 2.0869140625 1.0439453125
9 2.021484375 1.087890625 2.0029296875 1.076171875 2.0361328125 1.0263671875 2.0556640625 1.037109375
9 1.9873046875 1.0908203125 1.9677734375 1.078125 2.00390625 1.0283203125 2.021484375 1.041015625
9 1.95703125 1.087890625 1.9404296875 1.0771484375 1.9736328125 1.0263671875 1.990234375 1.037109375
9 1.9248046875 1.08984375 1.9052734375 1.0810546875 1.9375 1.0302734375 1.95703125 1.0400390625
9 1.8896484375 1.0888671875 1.8720703125 1.078125 1.908203125 1.0283203125 1.9248046875 1.0390625
9 1.8583984375 1.087890625 1.8408203125 1.0771484375 1.873046875 1.0263671875 1.8916015625 1.0380859375
9 1.82421875 1.0908203125 1.8046875 1.0791015625 1.837890625 1.029296875 1.857421875 1.0400390625
9 1.7919921875 1.0888671875 1.7734375 1.0791015625 1.80859375 1.0244140625 1.8271484375 1.0361328125
9 1.76171875 1.0927734375 1.740234375 1.08203125 1.76953125 1.0302734375 1.7919921875 1.041015625
9 1.728515625 1.087890625 1.708984375 1.0732421875 1.7431640625 1.0234375 1.763671875 1.0380859375
9 1.69140625 1.08984375 1.671875 1.0751953125 1.705078125 1.0263671875 1.7265625 1.0400390625
9 1.5927734375 1.08984375 1.57421875 1.0771484375 1.6083984375 1.0283203125 1.626953125 1.0400390625
9 1.5595703125 1.0908203125 1.5419921875 1.078125 1.57421875 1.029296875 1.5927734375 1.0400390625
9 1.52734375 1.087890625 1.509765625 1.0771484375 1.5439453125 1.02734375 1.560546875 1.0390625
9 1.498046875 1.0869140625 1.4775390625 1.0732421875 1.51171875 1.025390625 1.53125 1.0361328125
9 0.67578125 1.091796875 0.6943359375 1.1025390625 0.6611328125 1.15625 0.6435546875 1.1435546875
9 0.7392578125 1.0927734375 0.759765625 1.1025390625 0.7275390625 1.1572265625 0.708984375 1.1455078125
9 1.951171875 1.103515625 1.970703125 1.11328125 1.9384765625 1.1650390625 1.919921875 1.1552734375
9 1.693359375 1.099609375 1.7119140625 1.11328125 1.6767578125 1.1611328125 1.6591796875 1.146484375
9 1.4599609375 1.099609375 1.4794921875 1.1103515625 1.4453125 1.1611328125 1.4267578125 1.1494140625
9 1.4912109375 1.1015625 1.5107421875 1.1123046875 1.478515625 1.1650390625 1.458984375 1.1533203125
9 1.5244140625 1.0986328125 1.5458984375 1.1103515625 1.5126953125 1.162109375 1.494140625 1.150390625
9 1.5595703125 1.1005859375 1.5791015625 1.1103515625 1.5458984375 1.1630859375 1.52734375 1.15234375
9 1.6240234375 1.099609375 1.6455078125 1.1103515625 1.6123046875 1.1640625 1.591796875 1.150390625
9 1.6533203125 1.1083984375 1.6728515625 1.12109375 1.6376953125 1.173828125 1.619140625 1.16015625
9 1.7197265625 1.111328125 1.7412109375 1.123046875 1.705078125 1.1728515625 1.6865234375 1.158203125
9 0.7724609375 1.0947265625 0.7900390625 1.1044921875 0.7587890625 1.15625 0.7412109375 1.14453125
9 1.75390625 1.1064453125 1.775390625 1.1171875 1.744140625 1.169921875 1.7216796875 1.1552734375
9 1.7841796875 1.103515625 1.806640625 1.115234375 1.7744140625 1.16796875 1.7529296875 1.15625
9 1.8193359375 1.103515625 1.83984375 1.1142578125 1.80859375 1.1669921875 1.7880859375 1.15234375
9 1.853515625 1.103515625 1.875 1.1142578125 1.841796875 1.1650390625 1.8212890625 1.154296875
9 1.8837890625 1.10546875 1.90234375 1.1181640625 1.8701171875 1.16796875 1.8505859375 1.154296875
9 1.9189453125 1.1064453125 1.9365234375 1.1162109375 1.904296875 1.16796875 1.884765625 1.1533203125
9 1.42578125 1.1005859375 1.447265625 1.1123046875 1.4130859375 1.1650390625 1.3935546875 1.1513671875
9 1.396484375 1.0966796875 1.4150390625 1.109375 1.3837890625 1.16015625 1.36328125 1.146484375
9 1.359375 1.1015625 1.380859375 1.11328125 1.3466796875 1.1640625 1.330078125 1.15234375
9 1.3251953125 1.103515625 1.34765625 1.11328125 1.314453125 1.166015625 1.29296875 1.154296875
9 1.2919921875 1.1025390625 1.3125 1.1142578125 1.2802734375 1.1650390625 1.26171875 1.1513671875
9 1.263671875 1.099609375 1.28125 1.1123046875 1.248046875 1.162109375 1.23046875 1.15234375
9 1.2294921875 1.099609375 1.248046875 1.1103515625 1.21484375 1.1630859375 1.1962890625 1.1513671875
9 1.1943359375 1.1025390625 1.21484375 1.115234375 1.177734375 1.16796875 1.16015625 1.1533203125
9 1.1630859375 1.099609375 1.1806640625 1.1123046875 1.146484375 1.162109375 1.12890625 1.1513671875
9 1.1298828125 1.0986328125 1.1494140625 1.1103515625 1.1171875 1.162109375 1.0966796875 1.1494140625
9 1.099609375 1.095703125 1.119140625 1.1083984375 1.0859375 1.1591796875 1.0654296875 1.146484375
9 1.033203125 1.09765625 1.0537109375 1.1083984375 1.0224609375 1.158203125 1.001953125 1.1455078125
9 1.0 1.099609375 1.01953125 1.11328125 0.9853515625 1.1611328125 0.9677734375 1.1474609375
9 0.9716796875 1.09375 0.9892578125 1.1044921875 0.9560546875 1.15625 0.9375 1.1435546875
9 0.9384765625 1.09765625 0.9560546875 1.109375 0.9189453125 1.158203125 0.9033203125 1.14453125
9 0.90234375 1.08984375 0.921875 1.0986328125 0.890625 1.1533203125 0.8720703125 1.1416015625
9 0.798828125 1.1015625 0.8203125 1.1123046875 0.7900390625 1.1630859375 0.7666015625 1.150390625
9 0.462890625 0.37890625 0.4892578125 0.3916015625 0.4345703125 0.48046875 0.4111328125 0.46484375
