10 1.05859375 0.5517578125 1.0439453125 0.5595703125 1.025390625 0.5205078125 1.0400390625 0.513671875
9 0.888671875 0.482421875 0.908203125 0.470703125 0.98828125 0.619140625 0.966796875 0.630859375
9 0.6796875 0.5791015625 0.701171875 0.5693359375 0.779296875 0.720703125 0.7578125 0.7333984375
9 0.703125 0.56640625 0.7216796875 0.5556640625 0.802734375 0.708984375 0.7822265625 0.720703125
9 0.7275390625 0.5556640625 0.748046875 0.544921875 0.8251953125 0.69921875 0.8056640625 0.708984375
9 0.755859375 0.55078125 0.7763671875 0.5419921875 0.8466796875 0.6865234375 0.8271484375 0.6982421875
9 0.77734375 0.5439453125 0.7978515625 0.5341796875 0.87109375 0.6796875 0.8505859375 0.689453125
9 0.7998046875 0.53125 0.8193359375 0.5224609375 0.9033203125 0.673828125 0.8798828125 0.685546875
9 0.8193359375 0.513671875 0.8408203125 0.50390625 0.9228515625 0.6552734375 0.904296875 0.66796875
9 0.84375 0.5048828125 0.8642578125 0.494140625 0.9443359375 0.646484375 0.9267578125 0.65625
9 0.908203125 0.4658203125 0.9296875 0.455078125 1.009765625 0.6044921875 0.990234375 0.6162109375
10 0.8671875 0.4921875 0.880859375 0.4873046875 0.8974609375 0.521484375 0.8837890625 0.5283203125
9 0.931640625 0.4541015625 0.953125 0.443359375 1.03125 0.5927734375 1.01171875 0.603515625
9 1.0009765625 0.423828125 1.0224609375 0.412109375 1.107421875 0.56640625 1.083984375 0.578125
9 1.0263671875 0.4140625 1.046875 0.4052734375 1.1279296875 0.5546875 1.1103515625 0.56640625
9 1.044921875 0.39453125 1.06640625 0.384765625 1.15234375 0.5400390625 1.1298828125 0.552734375
9 1.220703125 0.6796875 1.205078125 0.7001953125 1.12109375 0.626953125 1.1416015625 0.6083984375
9 1.1591796875 0.7001953125 1.14453125 0.7197265625 1.0302734375 0.6240234375 1.0419921875 0.60546875
9 1.1533203125 0.7314453125 1.140625 0.7509765625 1.009765625 0.6416015625 1.0244140625 0.6240234375
9 1.123046875 0.7431640625 1.10546875 0.7626953125 0.978515625 0.6533203125 0.9912109375 0.6337890625
9 0.634765625 0.603515625 0.6533203125 0.5927734375 0.7353515625 0.7421875 0.71484375 0.75390625
9 0.611328125 0.615234375 0.6318359375 0.6044921875 0.7099609375 0.751953125 0.689453125 0.7646484375
9 0.59375 0.6318359375 0.609375 0.6240234375 0.68359375 0.767578125 0.66796875 0.77734375
9 0.5693359375 0.6396484375 0.5869140625 0.630859375 0.66796875 0.783203125 0.6474609375 0.79296875
9 0.205078125 0.5625 0.1884765625 0.572265625 0.126953125 0.4462890625 0.1435546875 0.4375
9 0.2265625 0.5517578125 0.2109375 0.5615234375 0.1396484375 0.419921875 0.158203125 0.4111328125
9 0.24609375 0.533203125 0.228515625 0.5439453125 0.1640625 0.40625 0.1826171875 0.396484375
9 0.3681640625 0.4873046875 0.3486328125 0.498046875 0.271484375 0.3427734375 0.29296875 0.333984375
9 0.388671875 0.4697265625 0.3701171875 0.482421875 0.2978515625 0.333984375 0.3173828125 0.3232421875
9 0.4482421875 0.427734375 0.431640625 0.4375 0.365234375 0.302734375 0.3857421875 0.2939453125
9 0.474609375 0.4189453125 0.45703125 0.4287109375 0.3828125 0.27734375 0.404296875 0.267578125
9 0.4990234375 0.408203125 0.4794921875 0.419921875 0.41015625 0.2666015625 0.4287109375 0.2587890625
9 0.58203125 0.3935546875 0.5654296875 0.4033203125 0.4931640625 0.2626953125 0.509765625 0.2529296875
9 0.380859375 0.7822265625 0.4052734375 0.7705078125 0.4599609375 0.8818359375 0.4384765625 0.89453125
9 0.4013671875 0.71484375 0.423828125 0.703125 0.5048828125 0.85546875 0.4833984375 0.8671875
9 0.423828125 0.697265625 0.44140625 0.6884765625 0.525390625 0.845703125 0.5078125 0.85546875
9 0.4521484375 0.69921875 0.470703125 0.6904296875 0.537109375 0.814453125 0.51953125 0.822265625
9 0.4677734375 0.6708984375 0.48828125 0.6611328125 0.5654296875 0.8115234375 0.544921875 0.82421875
9 0.50390625 0.68359375 0.51953125 0.6748046875 0.5830078125 0.7998046875 0.56640625 0.8095703125
9 0.5244140625 0.6708984375 0.541015625 0.66015625 0.6025390625 0.7861328125 0.5849609375 0.796875
9 0.5439453125 0.650390625 0.5625 0.6416015625 0.642578125 0.7919921875 0.6220703125 0.802734375
9 1.0927734375 0.751953125 1.072265625 0.76953125 0.9453125 0.662109375 0.9619140625 0.6435546875
9 0.9287109375 0.826171875 0.9130859375 0.8447265625 0.7822265625 0.734375 0.80078125 0.7138671875
9 0.853515625 0.8603515625 0.837890625 0.8837890625 0.7099609375 0.775390625 0.7275390625 0.755859375
10 0.8857421875 1.1396484375 0.8779296875 1.123046875 0.9130859375 1.10546875 0.919921875 1.12109375
10 1.208984375 1.4501953125 1.1943359375 1.458984375 1.173828125 1.421875 1.1875 1.4130859375
10 1.291015625 1.44921875 1.2998046875 1.4638671875 1.2705078125 1.486328125 1.2607421875 1.4697265625
10 1.275390625 1.43359375 1.28515625 1.4482421875 1.2548828125 1.4677734375 1.24609375 1.4521484375
10 1.220703125 1.4775390625 1.2255859375 1.458984375 1.26171875 1.474609375 1.2548828125 1.4892578125
10 0.5703125 1.03125 0.5712890625 1.0498046875 0.533203125 1.0498046875 0.533203125 1.029296875
10 1.021484375 0.7373046875 1.0078125 0.7509765625 0.9814453125 0.7265625 0.9951171875 0.712890625
10 0.9921875 0.7119140625 0.978515625 0.7236328125 0.951171875 0.6982421875 0.962890625 0.6865234375
10 0.9580078125 0.68359375 0.947265625 0.6982421875 0.9169921875 0.673828125 0.9287109375 0.6591796875
10 0.89453125 0.7587890625 0.9091796875 0.744140625 0.939453125 0.7734375 0.9267578125 0.7861328125
10 0.8154296875 0.79296875 0.8271484375 0.779296875 0.859375 0.8046875 0.8466796875 0.8193359375
10 0.61328125 0.87109375 0.6025390625 0.8828125 0.576171875 0.857421875 0.5859375 0.8447265625
10 0.7021484375 0.8369140625 0.6884765625 0.8505859375 0.650390625 0.8203125 0.6630859375 0.8046875
10 0.5517578125 0.396484375 0.5361328125 0.4033203125 0.5185546875 0.365234375 0.5341796875 0.357421875
10 0.4580078125 0.31640625 0.47265625 0.3076171875 0.4921875 0.345703125 0.478515625 0.353515625
10 0.3759765625 0.3828125 0.3916015625 0.3759765625 0.4091796875 0.412109375 0.3955078125 0.419921875
10 0.3251953125 0.4716796875 0.30859375 0.4794921875 0.2890625 0.4384765625 0.3046875 0.4306640625
10 0.857421875 0.208984375 0.8720703125 0.2001953125 0.9013671875 0.244140625 0.88671875 0.2529296875
10 1.1455078125 1.4423828125 1.1318359375 1.44921875 1.1142578125 1.4150390625 1.1279296875 1.4072265625
10 0.201171875 1.3525390625 0.193359375 1.3349609375 0.224609375 1.3173828125 0.2333984375 1.3349609375
9 0.8291015625 0.875 0.8154296875 0.896484375 0.6884765625 0.7900390625 0.703125 0.7734375
10 0.20703125 1.3984375 0.2001953125 1.380859375 0.2392578125 1.36328125 0.2470703125 1.3798828125
9 0.7578125 0.916015625 0.7431640625 0.9365234375 0.6201171875 0.8310546875 0.634765625 0.8125
9 0.73046875 0.92578125 0.7138671875 0.947265625 0.5869140625 0.8388671875 0.603515625 0.8203125
9 0.654296875 0.966796875 0.6416015625 0.9833984375 0.537109375 0.8916015625 0.55078125 0.8740234375
9 0.61328125 1.001953125 0.6005859375 1.0205078125 0.4765625 0.9091796875 0.4921875 0.890625
9 0.578125 1.01171875 0.5615234375 1.029296875 0.4501953125 0.9189453125 0.4638671875 0.904296875
9 0.5703125 1.169921875 0.5576171875 1.150390625 0.716796875 1.0693359375 0.7275390625 1.0869140625
10 0.7919921875 0.322265625 0.7802734375 0.333984375 0.751953125 0.30859375 0.763671875 0.2958984375
10 0.7998046875 0.2529296875 0.81640625 0.2451171875 0.8349609375 0.279296875 0.8193359375 0.2880859375
10 0.8623046875 0.3212890625 0.8564453125 0.3056640625 0.8935546875 0.291015625 0.8994140625 0.306640625
10 0.853515625 0.2998046875 0.8466796875 0.2841796875 0.8837890625 0.2666015625 0.890625 0.28125
10 0.9462890625 0.2578125 0.9404296875 0.2412109375 0.9765625 0.2275390625 0.9833984375 0.2451171875
10 0.8876953125 0.443359375 0.896484375 0.458984375 0.861328125 0.478515625 0.8525390625 0.462890625
10 0.8779296875 0.197265625 0.892578125 0.1904296875 0.91015625 0.2265625 0.8955078125 0.2333984375
10 0.8955078125 0.1875 0.91015625 0.1796875 0.927734375 0.216796875 0.9140625 0.22265625
10 0.916015625 0.1806640625 0.9296875 0.1748046875 0.9482421875 0.2119140625 0.9345703125 0.2197265625
1 0.25390625 0.759765625 0.259765625 0.7783203125 0.2138671875 0.79296875 0.2080078125 0.7734375
10 0.34765625 1.0224609375 0.330078125 1.013671875 0.3486328125 0.9716796875 0.3662109375 0.9794921875
9 0.18359375 0.57421875 0.1650390625 0.5859375 0.087890625 0.4345703125 0.1103515625 0.421875
