9 1.0712890625 1.58203125 1.0595703125 1.60546875 0.958984375 1.556640625 0.9716796875 1.53125
9 0.61328125 1.3642578125 0.6044921875 1.3837890625 0.46875 1.3173828125 0.4794921875 1.2998046875
9 0.603515625 1.1611328125 0.62109375 1.16796875 0.57421875 1.2705078125 0.5556640625 1.2626953125
9 0.630859375 1.1728515625 0.6484375 1.181640625 0.5986328125 1.283203125 0.578125 1.2734375
9 0.66015625 1.1748046875 0.6787109375 1.18359375 0.6259765625 1.287109375 0.6064453125 1.2763671875
9 0.6826171875 1.1904296875 0.6982421875 1.201171875 0.6533203125 1.2919921875 0.6337890625 1.283203125
9 0.71484375 1.16796875 0.7333984375 1.1796875 0.6708984375 1.322265625 0.6484375 1.3125
9 0.4365234375 1.2109375 0.4267578125 1.2294921875 0.2880859375 1.158203125 0.298828125 1.1376953125
9 0.2900390625 1.1328125 0.2734375 1.1533203125 0.1513671875 1.064453125 0.1650390625 1.0458984375
9 0.234375 1.1669921875 0.2216796875 1.185546875 0.111328125 1.103515625 0.125 1.0869140625
9 0.388671875 1.2548828125 0.37890625 1.275390625 0.2490234375 1.203125 0.2626953125 1.1826171875
9 0.69921875 1.423828125 0.7109375 1.40234375 0.8564453125 1.474609375 0.8466796875 1.494140625
10 0.5625 1.1083984375 0.58203125 1.1162109375 0.5537109375 1.1728515625 0.5322265625 1.1669921875
9 0.80859375 1.4111328125 0.8203125 1.390625 0.96484375 1.4619140625 0.955078125 1.4814453125
9 0.91796875 1.33984375 0.9248046875 1.322265625 1.0625 1.37109375 1.0556640625 1.3896484375
9 0.9091796875 1.3681640625 0.9169921875 1.3486328125 1.056640625 1.3984375 1.0498046875 1.416015625
9 0.9365234375 1.4072265625 0.9443359375 1.3896484375 1.087890625 1.443359375 1.0810546875 1.4619140625
9 0.9248046875 1.4267578125 0.935546875 1.4111328125 1.068359375 1.46875 1.0595703125 1.4853515625
10 1.11328125 1.5400390625 1.10546875 1.55859375 1.0478515625 1.52734375 1.0546875 1.51171875
9 0.9775390625 1.173828125 0.9873046875 1.1904296875 0.849609375 1.2666015625 0.83984375 1.248046875
9 0.84765625 1.23046875 0.8388671875 1.212890625 0.9765625 1.140625 0.986328125 1.158203125
9 0.830078125 1.205078125 0.82421875 1.1865234375 0.95703125 1.119140625 0.96484375 1.138671875
9 0.587890625 1.1240234375 0.60546875 1.1328125 0.546875 1.2548828125 0.52734375 1.24609375
9 0.544921875 1.0849609375 0.5634765625 1.09375 0.4970703125 1.2275390625 0.478515625 1.216796875
10 1.2158203125 0.3427734375 1.20703125 0.326171875 1.2412109375 0.306640625 1.2490234375 0.322265625
9 0.296875 0.8193359375 0.283203125 0.837890625 0.16796875 0.7451171875 0.181640625 0.728515625
10 0.2216796875 0.416015625 0.2353515625 0.421875 0.220703125 0.4541015625 0.2060546875 0.4462890625
10 0.2607421875 0.5830078125 0.2734375 0.56640625 0.322265625 0.6015625 0.3115234375 0.619140625
10 0.2822265625 0.5703125 0.291015625 0.5546875 0.345703125 0.58203125 0.3359375 0.6005859375
10 0.2978515625 0.5546875 0.3076171875 0.5380859375 0.3623046875 0.5576171875 0.3505859375 0.5791015625
9 0.37109375 0.6875 0.3564453125 0.7041015625 0.2470703125 0.615234375 0.26171875 0.5966796875
9 0.3583984375 0.71875 0.3466796875 0.740234375 0.21484375 0.64453125 0.2236328125 0.6259765625
9 0.224609375 0.6533203125 0.2978515625 0.7099609375 0.2861328125 0.7265625 0.2099609375 0.6689453125
10 0.2802734375 0.736328125 0.2685546875 0.751953125 0.216796875 0.71484375 0.23046875 0.6982421875
9 0.31640625 0.794921875 0.30078125 0.81640625 0.18359375 0.71875 0.1953125 0.703125
9 0.2802734375 0.841796875 0.267578125 0.8623046875 0.14453125 0.765625 0.158203125 0.748046875
9 0.5244140625 1.068359375 0.541015625 1.080078125 0.470703125 1.201171875 0.451171875 1.189453125
9 0.263671875 0.8828125 0.2734375 0.896484375 0.1572265625 0.9921875 0.1474609375 0.9755859375
9 0.1806640625 1.0107421875 0.263671875 0.931640625 0.27734375 0.9462890625 0.1943359375 1.025390625
9 0.318359375 0.896484375 0.337890625 0.9130859375 0.2431640625 1.0263671875 0.228515625 1.0126953125
9 0.345703125 0.921875 0.3583984375 0.939453125 0.2685546875 1.041015625 0.2548828125 1.029296875
10 0.3701171875 0.9345703125 0.3857421875 0.947265625 0.3525390625 0.9873046875 0.3388671875 0.97265625
9 0.39453125 1.0068359375 0.4072265625 1.0205078125 0.337890625 1.10546875 0.3203125 1.09375
9 0.4091796875 1.0302734375 0.423828125 1.0419921875 0.3564453125 1.1328125 0.33984375 1.12109375
9 0.4306640625 1.0498046875 0.4462890625 1.0595703125 0.396484375 1.1474609375 0.3759765625 1.134765625
9 0.470703125 1.033203125 0.4931640625 1.0439453125 0.42578125 1.1689453125 0.40234375 1.16015625
9 0.85546875 1.1357421875 0.951171875 1.091796875 0.958984375 1.109375 0.8662109375 1.15625
10 0.78125 0.9609375 0.7890625 0.9755859375 0.7607421875 0.9912109375 0.75390625 0.9755859375
10 0.802734375 0.990234375 0.810546875 1.001953125 0.7802734375 1.01953125 0.775390625 1.0048828125
10 0.8515625 0.2041015625 0.8662109375 0.1982421875 0.87890625 0.2314453125 0.8642578125 0.2373046875
10 0.69921875 0.455078125 0.7109375 0.4775390625 0.65625 0.50390625 0.6435546875 0.482421875
9 1.126953125 0.0517578125 1.1435546875 0.0361328125 1.2216796875 0.1240234375 1.203125 0.1416015625
9 1.2080078125 0.0537109375 1.2265625 0.0390625 1.3037109375 0.1318359375 1.287109375 0.150390625
9 1.1416015625 0.0283203125 1.1767578125 0.029296875 1.2314453125 0.091796875 1.2099609375 0.1103515625
10 1.2119140625 0.25390625 1.2353515625 0.2353515625 1.248046875 0.2529296875 1.22265625 0.2724609375
9 1.26171875 0.173828125 1.279296875 0.1611328125 1.3046875 0.1865234375 1.3037109375 0.2255859375
9 1.2412109375 0.0302734375 1.2724609375 0.03125 1.27734375 0.0390625 1.25390625 0.0546875
9 1.2900390625 0.04296875 1.306640625 0.0361328125 1.3076171875 0.068359375 1.2978515625 0.056640625
9 1.2822265625 0.091796875 1.3017578125 0.0771484375 1.306640625 0.0869140625 1.3046875 0.1259765625
10 0.6572265625 0.5966796875 0.673828125 0.5888671875 0.68359375 0.62109375 0.6669921875 0.6279296875
10 0.7880859375 1.01953125 0.8173828125 1.005859375 0.82421875 1.0205078125 0.794921875 1.0341796875
9 0.716796875 0.6220703125 0.69921875 0.630859375 0.6669921875 0.576171875 0.6884765625 0.5673828125
10 1.236328125 1.595703125 1.2685546875 1.6123046875 1.2666015625 1.6357421875 1.2255859375 1.615234375
10 1.140625 0.1171875 1.150390625 0.1328125 1.12109375 0.1494140625 1.111328125 0.134765625
10 1.1767578125 0.1875 1.1845703125 0.205078125 1.1533203125 0.2197265625 1.146484375 0.203125
10 1.21875 0.271484375 1.2265625 0.2861328125 1.197265625 0.302734375 1.189453125 0.2880859375
10 1.1533203125 0.1337890625 1.16015625 0.1513671875 1.1240234375 0.1689453125 1.1162109375 0.1533203125
10 1.1435546875 0.2021484375 1.1376953125 0.1875 1.169921875 0.169921875 1.1767578125 0.185546875
10 1.205078125 0.2353515625 1.2099609375 0.25 1.1787109375 0.263671875 1.171875 0.2490234375
10 1.2275390625 0.2890625 1.236328125 0.3046875 1.20703125 0.3212890625 1.197265625 0.3046875
10 0.6669921875 0.447265625 0.6767578125 0.466796875 0.6259765625 0.486328125 0.619140625 0.4697265625
10 0.6611328125 0.4169921875 0.6708984375 0.4365234375 0.615234375 0.462890625 0.6083984375 0.4443359375
10 0.6689453125 0.373046875 0.6806640625 0.365234375 0.697265625 0.4013671875 0.6845703125 0.4091796875
10 0.60546875 0.4580078125 0.619140625 0.466796875 0.6015625 0.498046875 0.5869140625 0.4892578125
9 0.4375 0.837890625 0.453125 0.8251953125 0.53125 0.9052734375 0.517578125 0.9208984375
9 0.466796875 0.8359375 0.482421875 0.8232421875 0.552734375 0.89453125 0.541015625 0.908203125
10 0.517578125 0.83203125 0.505859375 0.841796875 0.4814453125 0.8154296875 0.494140625 0.8046875
9 0.4794921875 0.78125 0.494140625 0.7646484375 0.623046875 0.8896484375 0.6083984375 0.9072265625
9 0.4970703125 0.7646484375 0.51171875 0.7470703125 0.62109375 0.8515625 0.60546875 0.8701171875
9 0.525390625 0.751953125 0.541015625 0.734375 0.6455078125 0.8388671875 0.62890625 0.85546875
9 0.5341796875 0.7109375 0.5517578125 0.6962890625 0.5927734375 0.740234375 0.5791015625 0.7568359375
9 0.5888671875 0.767578125 0.6064453125 0.755859375 0.6455078125 0.80078125 0.6298828125 0.814453125
10 0.71875 0.6494140625 0.728515625 0.6640625 0.685546875 0.685546875 0.6767578125 0.671875
10 0.736328125 0.6708984375 0.744140625 0.681640625 0.7177734375 0.6982421875 0.7109375 0.685546875
10 0.7451171875 0.689453125 0.75390625 0.7021484375 0.7236328125 0.7197265625 0.716796875 0.703125
9 0.7392578125 0.791015625 0.7314453125 0.7734375 0.779296875 0.748046875 0.7890625 0.7646484375
10 0.779296875 0.77734375 0.7890625 0.7919921875 0.74609375 0.8154296875 0.7392578125 0.7998046875
9 0.525390625 0.2412109375 0.541015625 0.2529296875 0.474609375 0.3388671875 0.4609375 0.3291015625
9 0.4833984375 0.412109375 0.466796875 0.3994140625 0.556640625 0.2744140625 0.572265625 0.2841796875
9 0.51171875 0.427734375 0.494140625 0.4150390625 0.580078125 0.28515625 0.5986328125 0.298828125
9 0.6162109375 0.2763671875 0.6318359375 0.28515625 0.5625 0.3984375 0.5439453125 0.3857421875
9 0.564453125 0.44921875 0.5439453125 0.4404296875 0.623046875 0.3056640625 0.640625 0.31640625
9 0.580078125 0.4775390625 0.5615234375 0.462890625 0.6533203125 0.3388671875 0.6708984375 0.353515625
10 0.2802734375 0.3076171875 0.296875 0.3173828125 0.2802734375 0.3466796875 0.2646484375 0.3388671875
