10 1.740234375 0.3076171875 1.7412109375 0.2890625 1.775390625 0.2919921875 1.7744140625 0.310546875
10 1.6474609375 0.3916015625 1.634765625 0.3740234375 1.67578125 0.376953125 1.6748046875 0.3955078125
10 0.2060546875 0.40234375 0.2060546875 0.3837890625 0.248046875 0.384765625 0.2470703125 0.4033203125
10 0.205078125 0.4208984375 0.2060546875 0.40234375 0.2490234375 0.4052734375 0.248046875 0.423828125
10 0.2001953125 0.4443359375 0.19921875 0.4267578125 0.2412109375 0.42578125 0.2412109375 0.4453125
10 0.201171875 0.466796875 0.201171875 0.447265625 0.2412109375 0.447265625 0.2412109375 0.4658203125
10 0.201171875 0.4921875 0.2021484375 0.4716796875 0.248046875 0.47265625 0.24609375 0.4921875
10 0.1875 0.5205078125 0.1875 0.501953125 0.2333984375 0.50390625 0.2333984375 0.521484375
10 0.2001953125 0.462890625 0.19921875 0.4814453125 0.1533203125 0.482421875 0.1533203125 0.462890625
10 0.2021484375 0.43359375 0.201171875 0.4560546875 0.1416015625 0.455078125 0.142578125 0.4326171875
10 0.2021484375 0.412109375 0.203125 0.43359375 0.1533203125 0.43359375 0.154296875 0.412109375
10 0.203125 0.3876953125 0.2021484375 0.40625 0.1611328125 0.40625 0.1611328125 0.38671875
10 0.2001953125 0.36328125 0.19921875 0.3818359375 0.1572265625 0.380859375 0.1572265625 0.36328125
10 0.203125 0.3203125 0.2021484375 0.33984375 0.1611328125 0.3408203125 0.16015625 0.3212890625
10 0.2001953125 0.2978515625 0.19921875 0.31640625 0.158203125 0.314453125 0.1591796875 0.2958984375
10 0.205078125 0.2705078125 0.205078125 0.2919921875 0.16015625 0.2919921875 0.158203125 0.271484375
10 0.2060546875 0.2529296875 0.205078125 0.2705078125 0.16015625 0.267578125 0.16015625 0.2490234375
10 0.208984375 0.1826171875 0.20703125 0.201171875 0.1640625 0.1982421875 0.1650390625 0.1796875
10 0.20703125 0.1611328125 0.20703125 0.1796875 0.1630859375 0.1787109375 0.1630859375 0.1591796875
10 0.2138671875 0.1376953125 0.2119140625 0.16015625 0.158203125 0.154296875 0.1591796875 0.1328125
10 0.2099609375 0.111328125 0.208984375 0.130859375 0.1669921875 0.12890625 0.1669921875 0.1103515625
10 0.20703125 0.08984375 0.20703125 0.1083984375 0.1630859375 0.107421875 0.1640625 0.087890625
10 0.2080078125 0.0693359375 0.20703125 0.083984375 0.1728515625 0.083984375 0.1728515625 0.0673828125
10 0.208984375 0.0458984375 0.208984375 0.060546875 0.16796875 0.060546875 0.1689453125 0.044921875
10 0.2197265625 0.0361328125 0.220703125 0.0185546875 0.259765625 0.01953125 0.259765625 0.0380859375
10 0.2119140625 0.0244140625 0.2109375 0.041015625 0.1748046875 0.0390625 0.17578125 0.0224609375
6 0.1806640625 0.6669921875 1.7109375 0.7119140625 1.66796875 1.447265625 0.16796875 1.3955078125
13 0.5224609375 0.8037109375 1.365234375 0.826171875 1.353515625 1.2958984375 0.5068359375 1.2724609375
4 0.8203125 0.3125 0.9111328125 0.3154296875 0.908203125 0.51171875 0.8125 0.51171875
4 0.705078125 0.30859375 0.7978515625 0.3115234375 0.791015625 0.5107421875 0.69921875 0.5078125
4 0.58984375 0.3017578125 0.68359375 0.306640625 0.67578125 0.505859375 0.5830078125 0.5029296875
10 0.2080078125 0.3798828125 0.2099609375 0.361328125 0.2490234375 0.365234375 0.24609375 0.3828125
10 0.205078125 0.359375 0.20703125 0.3427734375 0.2451171875 0.3447265625 0.2431640625 0.3623046875
10 0.2060546875 0.33984375 0.20703125 0.3232421875 0.2451171875 0.3232421875 0.2451171875 0.3408203125
10 1.607421875 0.087890625 1.6083984375 0.0712890625 1.634765625 0.072265625 1.6337890625 0.0888671875
10 1.599609375 0.046875 1.6396484375 0.048828125 1.6376953125 0.0654296875 1.59765625 0.0625
10 1.6025390625 0.3232421875 1.6025390625 0.3056640625 1.6298828125 0.3076171875 1.62890625 0.3232421875
10 1.44140625 1.5966796875 1.4267578125 1.5810546875 1.455078125 1.5537109375 1.46875 1.56640625
10 0.9267578125 0.158203125 0.9140625 0.1513671875 0.91796875 0.130859375 0.9306640625 0.1318359375
10 1.0068359375 0.0498046875 1.021484375 0.0419921875 1.041015625 0.0771484375 1.02734375 0.0869140625
10 0.9326171875 0.123046875 0.9140625 0.1220703125 0.9140625 0.1044921875 0.931640625 0.1015625
10 1.0634765625 0.0654296875 1.0498046875 0.0732421875 1.0263671875 0.037109375 1.0390625 0.0302734375
10 1.6279296875 1.6015625 1.611328125 1.587890625 1.63671875 1.5576171875 1.65234375 1.5703125
10 1.7353515625 0.435546875 1.7353515625 0.416015625 1.771484375 0.416015625 1.7705078125 0.4345703125
10 1.748046875 0.2802734375 1.7470703125 0.2626953125 1.77734375 0.26171875 1.775390625 0.279296875
10 1.7783203125 0.2060546875 1.77734375 0.2236328125 1.744140625 0.2236328125 1.744140625 0.2060546875
10 1.6123046875 0.228515625 1.6123046875 0.2109375 1.6328125 0.2109375 1.6337890625 0.228515625
10 1.6103515625 0.181640625 1.609375 0.166015625 1.634765625 0.166015625 1.6357421875 0.181640625
10 1.5927734375 0.1142578125 1.5927734375 0.09375 1.638671875 0.0947265625 1.6376953125 0.115234375
10 0.2060546875 0.3173828125 0.20703125 0.2998046875 0.2578125 0.2998046875 0.2568359375 0.318359375
10 1.328125 1.5478515625 1.34765625 1.5576171875 1.326171875 1.5966796875 1.306640625 1.5869140625
10 1.23046875 1.552734375 1.2294921875 1.5732421875 1.1845703125 1.5732421875 1.185546875 1.5517578125
10 1.29296875 1.548828125 1.3115234375 1.5576171875 1.2890625 1.6025390625 1.271484375 1.5947265625
10 0.212890625 0.078125 0.212890625 0.05859375 0.2529296875 0.0595703125 0.2529296875 0.078125
10 0.216796875 0.0546875 0.2177734375 0.0380859375 0.2568359375 0.0390625 0.255859375 0.0556640625
10 0.2109375 0.095703125 0.2119140625 0.076171875 0.2548828125 0.078125 0.25390625 0.0947265625
10 0.21484375 0.11328125 0.21484375 0.0947265625 0.2568359375 0.09765625 0.2548828125 0.1142578125
10 0.212890625 0.1552734375 0.2138671875 0.1376953125 0.2587890625 0.138671875 0.2578125 0.158203125
10 0.2138671875 0.177734375 0.212890625 0.1591796875 0.255859375 0.16015625 0.255859375 0.1767578125
10 0.208984375 0.201171875 0.2099609375 0.1826171875 0.25 0.18359375 0.25 0.2021484375
10 0.2119140625 0.2392578125 0.2138671875 0.2216796875 0.2529296875 0.2236328125 0.2529296875 0.240234375
10 0.2119140625 0.2568359375 0.212890625 0.2412109375 0.248046875 0.2421875 0.248046875 0.2578125
10 0.2041015625 0.2958984375 0.2060546875 0.279296875 0.24609375 0.2802734375 0.2451171875 0.296875
4 0.4775390625 0.2998046875 0.568359375 0.3017578125 0.5615234375 0.5009765625 0.4677734375 0.4990234375
