10 0.767578125 1.3251953125 0.7998046875 1.3466796875 0.7880859375 1.3642578125 0.7578125 1.341796875
9 1.2607421875 0.703125 1.265625 0.7216796875 1.0908203125 0.751953125 1.087890625 0.7294921875
9 1.4638671875 0.947265625 1.5673828125 1.0146484375 1.5537109375 1.03515625 1.4521484375 0.9638671875
9 1.3759765625 0.95703125 1.3935546875 0.9365234375 1.541015625 1.0341796875 1.52734375 1.0537109375
9 1.36328125 0.986328125 1.3759765625 0.96484375 1.53125 1.060546875 1.5185546875 1.0830078125
9 1.3486328125 1.0107421875 1.361328125 0.9912109375 1.50390625 1.080078125 1.4921875 1.10546875
9 1.3291015625 1.03125 1.3447265625 1.01171875 1.49609375 1.1083984375 1.4814453125 1.1328125
9 1.296875 1.087890625 1.3134765625 1.0634765625 1.4697265625 1.1630859375 1.453125 1.1865234375
9 1.283203125 1.1103515625 1.294921875 1.0888671875 1.4521484375 1.1904296875 1.4375 1.2119140625
9 1.3330078125 1.146484375 1.4375 1.2158203125 1.4248046875 1.2353515625 1.314453125 1.16796875
9 1.2509765625 1.1630859375 1.2646484375 1.1435546875 1.4140625 1.2373046875 1.4033203125 1.2578125
9 1.240234375 1.1884765625 1.2548828125 1.169921875 1.40234375 1.2666015625 1.3896484375 1.2861328125
10 1.0693359375 1.0107421875 1.0595703125 1.02734375 1.029296875 1.005859375 1.037109375 0.994140625
10 1.037109375 1.0439453125 1.0263671875 1.0615234375 0.9931640625 1.0390625 1.00390625 1.0234375
10 0.9423828125 1.111328125 0.9794921875 1.1396484375 0.970703125 1.154296875 0.9296875 1.1279296875
10 0.9677734375 1.1591796875 0.9599609375 1.17578125 0.91796875 1.150390625 0.9287109375 1.134765625
10 0.9150390625 0.9990234375 0.9189453125 0.974609375 0.9736328125 0.9736328125 0.9736328125 0.994140625
9 0.931640625 0.9599609375 0.927734375 0.9384765625 1.1103515625 0.9150390625 1.11328125 0.9365234375
9 1.1416015625 0.87890625 1.1455078125 0.8994140625 0.96875 0.923828125 0.966796875 0.8994140625
9 1.154296875 0.8427734375 1.158203125 0.8642578125 0.9912109375 0.888671875 0.990234375 0.865234375
9 1.203125 0.8017578125 1.20703125 0.8232421875 1.0361328125 0.8505859375 1.0322265625 0.8271484375
9 1.2119140625 0.7744140625 1.2119140625 0.796875 1.0419921875 0.810546875 1.0400390625 0.7861328125
9 1.2890625 0.671875 1.287109375 0.6904296875 1.1220703125 0.71484375 1.119140625 0.693359375
10 0.5703125 1.185546875 0.62890625 1.2275390625 0.6171875 1.24609375 0.55859375 1.2060546875
9 1.32421875 0.5810546875 1.328125 0.6044921875 1.15625 0.634765625 1.1474609375 0.611328125
9 1.5166015625 0.759765625 1.5302734375 0.7421875 1.67578125 0.837890625 1.6640625 0.857421875
9 1.5380859375 0.736328125 1.5498046875 0.7177734375 1.6943359375 0.8115234375 1.68359375 0.8310546875
9 1.61328125 0.7275390625 1.712890625 0.79296875 1.701171875 0.8115234375 1.6005859375 0.744140625
9 1.6171875 0.6923828125 1.7197265625 0.76171875 1.7099609375 0.78125 1.6044921875 0.7099609375
9 1.595703125 0.66796875 1.6083984375 0.650390625 1.7548828125 0.7470703125 1.740234375 0.771484375
9 1.6005859375 0.6337890625 1.6162109375 0.6142578125 1.76171875 0.7119140625 1.748046875 0.734375
9 1.658203125 0.6103515625 1.7587890625 0.6748046875 1.74609375 0.6943359375 1.6455078125 0.62890625
9 1.6962890625 0.5986328125 1.7958984375 0.6630859375 1.7822265625 0.6826171875 1.685546875 0.6201171875
9 1.669921875 0.5771484375 1.6806640625 0.5595703125 1.8310546875 0.6513671875 1.8203125 0.671875
9 1.701171875 0.521484375 1.7158203125 0.501953125 1.8701171875 0.603515625 1.85546875 0.62890625
9 1.7041015625 0.4873046875 1.716796875 0.470703125 1.86328125 0.56640625 1.849609375 0.587890625
9 1.73046875 0.4697265625 1.740234375 0.44921875 1.8955078125 0.5478515625 1.8837890625 0.568359375
9 1.7568359375 0.4462890625 1.7685546875 0.423828125 1.9189453125 0.5166015625 1.9052734375 0.5380859375
9 1.7724609375 0.4169921875 1.787109375 0.3974609375 1.93359375 0.48046875 1.921875 0.5048828125
9 1.79296875 0.3896484375 1.806640625 0.3681640625 1.9599609375 0.4501953125 1.947265625 0.4736328125
10 1.603515625 0.1845703125 1.580078125 0.1708984375 1.6181640625 0.11328125 1.640625 0.125
10 1.4140625 0.0751953125 1.392578125 0.0625 1.4111328125 0.03515625 1.4482421875 0.0361328125
10 1.4375 0.091796875 1.4169921875 0.0771484375 1.453125 0.0361328125 1.478515625 0.0380859375
9 1.2705078125 0.5234375 1.388671875 0.50390625 1.3916015625 0.53125 1.2734375 0.5478515625
10 0.7900390625 1.26171875 0.7734375 1.255859375 0.7890625 1.2109375 0.806640625 1.21875
9 0.8681640625 1.083984375 0.8935546875 1.0888671875 0.865234375 1.2646484375 0.8291015625 1.2578125
9 0.8447265625 1.0146484375 0.86328125 1.025390625 0.8291015625 1.0859375 0.8115234375 1.072265625
9 0.8056640625 1.0888671875 0.8251953125 1.1005859375 0.7529296875 1.2099609375 0.732421875 1.1962890625
9 0.8603515625 0.822265625 0.853515625 0.84375 0.6904296875 0.7763671875 0.69921875 0.75390625
9 0.892578125 0.763671875 0.8857421875 0.783203125 0.7236328125 0.728515625 0.734375 0.703125
9 0.9072265625 0.7373046875 0.8984375 0.7587890625 0.73828125 0.693359375 0.7470703125 0.669921875
9 0.93359375 0.708984375 0.927734375 0.732421875 0.7587890625 0.6728515625 0.767578125 0.6494140625
9 0.798828125 0.4248046875 0.8193359375 0.4384765625 0.7236328125 0.5859375 0.703125 0.5693359375
10 0.8447265625 0.443359375 0.830078125 0.431640625 0.853515625 0.40234375 0.8642578125 0.41015625
10 0.8017578125 0.369140625 0.81640625 0.376953125 0.7939453125 0.412109375 0.7783203125 0.4013671875
9 0.73828125 0.3984375 0.755859375 0.4140625 0.669921875 0.55859375 0.6484375 0.548828125
9 0.716796875 0.3828125 0.7353515625 0.3955078125 0.6455078125 0.5458984375 0.6240234375 0.53125
9 0.689453125 0.375 0.708984375 0.38671875 0.6142578125 0.5380859375 0.59375 0.5244140625
9 0.66796875 0.3525390625 0.6875 0.3671875 0.58984375 0.515625 0.5703125 0.501953125
9 0.5673828125 0.328125 0.58984375 0.3388671875 0.494140625 0.49609375 0.4716796875 0.48046875
9 0.2373046875 0.748046875 0.255859375 0.759765625 0.1826171875 0.8603515625 0.1650390625 0.84765625
9 0.1826171875 0.7158203125 0.2021484375 0.7265625 0.13671875 0.8291015625 0.119140625 0.8173828125
9 0.169921875 0.6904296875 0.1904296875 0.7021484375 0.119140625 0.8076171875 0.0966796875 0.7939453125
9 0.146484375 0.6640625 0.1689453125 0.6767578125 0.1044921875 0.7802734375 0.08203125 0.7666015625
9 0.48046875 0.28125 0.4638671875 0.267578125 0.5673828125 0.1240234375 0.5859375 0.138671875
10 0.0517578125 0.0478515625 0.068359375 0.056640625 0.0458984375 0.0849609375 0.044921875 0.05859375
10 0.07421875 0.0673828125 0.0966796875 0.080078125 0.0546875 0.1376953125 0.0439453125 0.1171875
9 0.841796875 0.84765625 0.833984375 0.8671875 0.67578125 0.802734375 0.685546875 0.7822265625
9 0.3671875 0.6572265625 0.3876953125 0.6689453125 0.29296875 0.818359375 0.2744140625 0.8046875
9 0.2958984375 0.818359375 0.314453125 0.8310546875 0.2626953125 0.90625 0.240234375 0.890625
10 0.50390625 0.9765625 0.486328125 0.9677734375 0.5126953125 0.923828125 0.5302734375 0.93359375
10 0.787109375 1.0947265625 0.771484375 1.0849609375 0.794921875 1.0458984375 0.80859375 1.0537109375
9 0.7568359375 1.1015625 0.775390625 1.11328125 0.7431640625 1.171875 0.71875 1.16015625
9 0.76171875 1.0322265625 0.7802734375 1.0458984375 0.6923828125 1.197265625 0.671875 1.18359375
9 0.734375 1.0244140625 0.7548828125 1.0390625 0.6591796875 1.1787109375 0.642578125 1.1689453125
10 0.6455078125 1.0458984375 0.6689453125 1.056640625 0.626953125 1.1240234375 0.6025390625 1.1103515625
10 0.7177734375 1.021484375 0.703125 1.0078125 0.732421875 0.98046875 0.7421875 0.9912109375
10 0.64453125 0.931640625 0.6611328125 0.931640625 0.650390625 0.974609375 0.634765625 0.9716796875
9 0.6064453125 0.939453125 0.6279296875 0.9541015625 0.537109375 1.1005859375 0.5146484375 1.083984375
9 0.5087890625 0.87109375 0.52734375 0.8828125 0.4365234375 1.0322265625 0.4140625 1.0224609375
10 0.2451171875 0.8349609375 0.2607421875 0.845703125 0.2421875 0.8759765625 0.2255859375 0.8583984375
9 0.4853515625 0.8603515625 0.50390625 0.87109375 0.4091796875 1.0166015625 0.390625 1.00390625
9 0.4580078125 0.84375 0.478515625 0.85546875 0.388671875 1.0009765625 0.3681640625 0.9873046875
9 0.435546875 0.8203125 0.455078125 0.8310546875 0.3603515625 0.9814453125 0.3388671875 0.9677734375
9 0.412109375 0.798828125 0.431640625 0.8125 0.3369140625 0.9580078125 0.3173828125 0.9443359375
10 0.3388671875 0.8603515625 0.3603515625 0.873046875 0.3193359375 0.9296875 0.2998046875 0.9169921875
10 0.37109375 0.8154296875 0.384765625 0.82421875 0.36328125 0.857421875 0.3486328125 0.84765625
9 0.3662109375 0.7685546875 0.3818359375 0.7802734375 0.291015625 0.927734375 0.271484375 0.91796875
10 0.3173828125 0.818359375 0.30078125 0.8076171875 0.326171875 0.7685546875 0.3427734375 0.779296875
9 1.49609375 0.7880859375 1.5087890625 0.7685546875 1.666015625 0.8642578125 1.6533203125 0.8837890625
9 1.484375 0.8125 1.494140625 0.7939453125 1.6474609375 0.88671875 1.6357421875 0.90625
9 1.525390625 0.8466796875 1.6279296875 0.916015625 1.6162109375 0.935546875 1.51171875 0.8642578125
9 2.369140625 0.99609375 2.478515625 1.0625 2.466796875 1.08203125 2.359375 1.015625
9 0.1484375 1.7685546875 0.1611328125 1.7490234375 0.283203125 1.8251953125 0.271484375 1.8427734375
9 0.1337890625 1.7919921875 0.1484375 1.7705078125 0.2666015625 1.83984375 0.2568359375 1.8603515625
9 0.05859375 1.076171875 0.1767578125 1.1357421875 0.1650390625 1.16015625 0.044921875 1.0986328125
9 1.9091796875 1.587890625 1.921875 1.568359375 2.078125 1.66015625 2.0673828125 1.681640625
9 1.9609375 1.5009765625 1.9765625 1.482421875 2.126953125 1.5732421875 2.1171875 1.59375
10 2.02734375 1.4658203125 2.037109375 1.447265625 2.09765625 1.48046875 2.08984375 1.5048828125
9 2.140625 1.2353515625 2.1533203125 1.2158203125 2.3154296875 1.298828125 2.302734375 1.3193359375
9 2.1728515625 1.1787109375 2.1845703125 1.1591796875 2.3359375 1.251953125 2.3232421875 1.271484375
9 2.1875 1.1513671875 2.1953125 1.1279296875 2.361328125 1.224609375 2.3515625 1.248046875
10 2.1669921875 1.1875 2.1982421875 1.2099609375 2.1884765625 1.22265625 2.15625 1.2021484375
9 1.99609375 1.57421875 2.09765625 1.6376953125 2.0888671875 1.658203125 1.984375 1.591796875
9 2.0537109375 1.4892578125 2.16015625 1.548828125 2.1474609375 1.5712890625 2.041015625 1.5068359375
9 2.1435546875 1.3466796875 2.2509765625 1.4072265625 2.2392578125 1.427734375 2.1298828125 1.365234375
9 2.1845703125 1.30078125 2.2939453125 1.35546875 2.28515625 1.3759765625 2.1748046875 1.3212890625
9 2.189453125 1.2646484375 2.3046875 1.326171875 2.2900390625 1.3486328125 2.1767578125 1.28515625
9 2.208984375 1.1240234375 2.2236328125 1.1015625 2.3828125 1.189453125 2.37109375 1.2099609375
9 2.2998046875 1.0986328125 2.40625 1.1640625 2.3935546875 1.1884765625 2.28515625 1.1201171875
10 2.28515625 1.0576171875 2.3193359375 1.0791015625 2.30859375 1.09375 2.2763671875 1.0712890625
9 2.28515625 1.0517578125 2.29296875 1.03125 2.4609375 1.12890625 2.447265625 1.150390625
9 0.18359375 1.751953125 0.19921875 1.7333984375 0.3173828125 1.810546875 0.3056640625 1.83203125
10 0.228515625 1.685546875 0.2158203125 1.6748046875 0.244140625 1.640625 0.2587890625 1.654296875
10 0.3076171875 1.4169921875 0.28515625 1.4052734375 0.3173828125 1.3515625 0.337890625 1.36328125
9 0.0458984375 1.404296875 0.16015625 1.4765625 0.1474609375 1.49609375 0.0361328125 1.423828125
9 0.2548828125 1.7353515625 0.3466796875 1.79296875 0.3330078125 1.8154296875 0.2431640625 1.75390625
9 0.0966796875 1.306640625 0.1875 1.3642578125 0.177734375 1.3876953125 0.08203125 1.328125
9 0.087890625 1.3330078125 0.181640625 1.392578125 0.171875 1.4150390625 0.0751953125 1.349609375
10 2.4873046875 1.658203125 2.5029296875 1.6513671875 2.51953125 1.6884765625 2.505859375 1.693359375
10 0.4169921875 1.6416015625 0.4033203125 1.6611328125 0.35546875 1.630859375 0.369140625 1.6103515625
10 0.8564453125 0.443359375 0.8720703125 0.455078125 0.84765625 0.4873046875 0.830078125 0.4755859375
10 1.2919921875 0.638671875 1.294921875 0.654296875 1.2568359375 0.6630859375 1.2529296875 0.6435546875
9 0.2451171875 1.349609375 0.22265625 1.3515625 0.2216796875 1.267578125 0.248046875 1.2685546875
9 0.1572265625 1.5048828125 0.146484375 1.52734375 0.0234375 1.4453125 0.0341796875 1.42578125
10 0.4384765625 1.4736328125 0.4248046875 1.4609375 0.455078125 1.421875 0.466796875 1.4326171875
9 0.2119140625 1.439453125 0.201171875 1.462890625 0.0576171875 1.3740234375 0.0703125 1.3525390625
9 0.1923828125 1.380859375 0.21484375 1.3720703125 0.251953125 1.4638671875 0.2255859375 1.4736328125
9 0.4228515625 1.7490234375 0.4140625 1.771484375 0.2880859375 1.701171875 0.30078125 1.6796875
9 0.2890625 1.6611328125 0.30078125 1.640625 0.421875 1.7138671875 0.4111328125 1.732421875
10 0.533203125 1.58984375 0.5244140625 1.60546875 0.4853515625 1.5751953125 0.49609375 1.5615234375
10 0.7021484375 1.28125 0.69140625 1.30078125 0.6357421875 1.263671875 0.6494140625 1.2412109375
10 0.5205078125 1.5341796875 0.50390625 1.51953125 0.5390625 1.4755859375 0.556640625 1.4873046875
10 0.4580078125 1.484375 0.4453125 1.4716796875 0.4765625 1.4365234375 0.4873046875 1.4462890625
9 2.3037109375 1.0263671875 2.3134765625 1.0048828125 2.478515625 1.09765625 2.46875 1.1201171875
9 2.330078125 0.958984375 2.34375 0.9375 2.4951171875 1.029296875 2.484375 1.05078125
9 1.515625 0.8740234375 1.615234375 0.94140625 1.6015625 0.962890625 1.5009765625 0.892578125
9 2.4208984375 0.943359375 2.431640625 0.92578125 2.4931640625 0.96484375 2.4833984375 0.9833984375
9 1.90234375 1.0126953125 2.0 1.0771484375 1.98828125 1.099609375 1.890625 1.033203125
9 1.892578125 1.0419921875 2.00390625 1.111328125 1.9921875 1.1318359375 1.8798828125 1.0615234375
9 1.81640625 1.0576171875 1.830078125 1.0361328125 1.9833984375 1.1396484375 1.9697265625 1.1572265625
9 1.837890625 1.1181640625 1.9521484375 1.1865234375 1.94140625 1.2080078125 1.826171875 1.138671875
9 1.8271484375 1.1474609375 1.9306640625 1.212890625 1.9189453125 1.232421875 1.814453125 1.1650390625
9 1.8017578125 1.1611328125 1.8984375 1.224609375 1.8876953125 1.2451171875 1.7890625 1.1806640625
9 1.7880859375 1.1884765625 1.88671875 1.25390625 1.873046875 1.2734375 1.7734375 1.205078125
9 1.7568359375 1.2060546875 1.8603515625 1.26953125 1.8505859375 1.291015625 1.744140625 1.224609375
9 1.7451171875 1.2607421875 1.7587890625 1.2392578125 1.859375 1.3056640625 1.845703125 1.3251953125
9 1.7470703125 1.267578125 1.859375 1.3359375 1.84765625 1.3564453125 1.734375 1.28515625
9 1.740234375 1.298828125 1.83984375 1.3623046875 1.8271484375 1.3828125 1.7265625 1.31640625
9 1.697265625 1.3095703125 1.8017578125 1.3759765625 1.791015625 1.396484375 1.68359375 1.3291015625
9 1.6884765625 1.33984375 1.79296875 1.4052734375 1.7822265625 1.4248046875 1.6767578125 1.357421875
9 1.6572265625 1.390625 1.7685546875 1.4609375 1.7568359375 1.48046875 1.642578125 1.41015625
9 1.6416015625 1.412109375 1.75390625 1.4853515625 1.740234375 1.505859375 1.626953125 1.4326171875
9 1.697265625 1.486328125 1.755859375 1.5234375 1.7421875 1.5439453125 1.68359375 1.505859375
9 1.62890625 1.443359375 1.689453125 1.4814453125 1.67578125 1.50390625 1.615234375 1.462890625
9 1.4111328125 0.91015625 1.4248046875 0.8896484375 1.5771484375 0.982421875 1.5625 1.001953125
10 1.470703125 0.904296875 1.4794921875 0.8896484375 1.5087890625 0.9091796875 1.501953125 0.9228515625
9 1.927734375 0.99609375 2.033203125 1.0615234375 2.01953125 1.083984375 1.9150390625 1.0146484375
9 1.875 0.955078125 1.888671875 0.9345703125 2.0390625 1.0302734375 2.0263671875 1.048828125
9 1.982421875 0.919921875 2.0888671875 0.9892578125 2.0771484375 1.0078125 1.9697265625 0.939453125
9 2.1669921875 0.6142578125 2.267578125 0.6806640625 2.255859375 0.69921875 2.1552734375 0.6337890625
9 2.4501953125 0.876953125 2.5478515625 0.9443359375 2.53515625 0.96484375 2.435546875 0.896484375
10 2.4384765625 0.8447265625 2.4482421875 0.83203125 2.482421875 0.8564453125 2.474609375 0.869140625
9 2.4814453125 0.810546875 2.583984375 0.875 2.572265625 0.896484375 2.4697265625 0.830078125
9 2.51953125 0.7587890625 2.6337890625 0.8310546875 2.62109375 0.8515625 2.5048828125 0.7802734375
9 2.494140625 0.7041015625 2.5078125 0.6787109375 2.662109375 0.787109375 2.64453125 0.806640625
9 2.1728515625 0.50390625 2.1875 0.4814453125 2.3505859375 0.5849609375 2.3369140625 0.6083984375
9 2.2099609375 0.5673828125 2.314453125 0.634765625 2.302734375 0.654296875 2.197265625 0.5849609375
9 2.1943359375 0.5927734375 2.3046875 0.662109375 2.2919921875 0.6845703125 2.1796875 0.6123046875
9 2.1572265625 0.64453125 2.26171875 0.7099609375 2.25 0.732421875 2.1435546875 0.6630859375
9 2.03125 0.87890625 2.134765625 0.9501953125 2.1220703125 0.96875 2.017578125 0.8994140625
9 2.1396484375 0.66796875 2.240234375 0.736328125 2.228515625 0.7548828125 2.125 0.6845703125
9 2.0654296875 0.6826171875 2.078125 0.6640625 2.2265625 0.7587890625 2.2138671875 0.779296875
9 2.1142578125 0.720703125 2.2138671875 0.7861328125 2.2021484375 0.8076171875 2.099609375 0.7421875
9 2.09375 0.7451171875 2.2001953125 0.8115234375 2.18359375 0.8349609375 2.078125 0.7626953125
10 2.0693359375 0.76953125 2.0576171875 0.78125 2.0166015625 0.755859375 2.02734375 0.7373046875
9 2.009765625 0.79296875 2.0224609375 0.7724609375 2.1806640625 0.8701171875 2.1669921875 0.8935546875
9 1.96484375 0.8017578125 1.9794921875 0.77734375 2.1455078125 0.8857421875 2.1337890625 0.904296875
9 2.033203125 0.84765625 2.138671875 0.9150390625 2.126953125 0.9345703125 2.021484375 0.8681640625
9 0.2783203125 0.3046875 0.30078125 0.3173828125 0.251953125 0.3974609375 0.2294921875 0.3818359375
