10 1.552734375 3.005859375 1.537109375 2.99609375 1.55859375 2.9599609375 1.5751953125 2.96875
10 0.765625 4.4033203125 0.779296875 4.4150390625 0.7548828125 4.4423828125 0.740234375 4.4306640625
10 0.3076171875 4.3837890625 0.32421875 4.39453125 0.302734375 4.4248046875 0.2861328125 4.4130859375
10 0.3447265625 4.2841796875 0.3603515625 4.2978515625 0.3369140625 4.3251953125 0.3212890625 4.3115234375
10 0.376953125 4.369140625 0.3623046875 4.3564453125 0.3916015625 4.3251953125 0.4052734375 4.337890625
10 0.3203125 4.2548828125 0.333984375 4.2685546875 0.3115234375 4.2919921875 0.296875 4.28125
10 0.4345703125 4.177734375 0.451171875 4.19140625 0.427734375 4.2177734375 0.4111328125 4.205078125
10 0.51953125 4.19140625 0.5322265625 4.2041015625 0.513671875 4.2265625 0.4990234375 4.21484375
10 0.4794921875 4.1611328125 0.4951171875 4.173828125 0.46875 4.205078125 0.453125 4.1923828125
10 0.6708984375 4.3154296875 0.68359375 4.326171875 0.6640625 4.3505859375 0.650390625 4.3388671875
10 0.6767578125 4.3701171875 0.662109375 4.3564453125 0.6845703125 4.3310546875 0.6982421875 4.3447265625
10 0.861328125 4.359375 0.8779296875 4.37109375 0.8544921875 4.4033203125 0.837890625 4.3916015625
10 0.7158203125 4.2724609375 0.69921875 4.2587890625 0.7216796875 4.2314453125 0.7373046875 4.244140625
10 0.4189453125 3.8974609375 0.4326171875 3.9072265625 0.4140625 3.9326171875 0.400390625 3.921875
10 0.76953125 4.3349609375 0.75390625 4.3193359375 0.787109375 4.283203125 0.8046875 4.296875
10 0.87890625 4.3125 0.8935546875 4.3232421875 0.8720703125 4.349609375 0.8583984375 4.3388671875
10 0.853515625 4.2822265625 0.8662109375 4.2939453125 0.8427734375 4.322265625 0.830078125 4.3115234375
10 0.7978515625 4.2177734375 0.8125 4.2314453125 0.7783203125 4.265625 0.765625 4.251953125
10 0.6474609375 4.1025390625 0.6611328125 4.115234375 0.6376953125 4.1416015625 0.6220703125 4.12890625
10 0.6298828125 4.083984375 0.6435546875 4.09765625 0.619140625 4.123046875 0.60546875 4.1103515625
10 0.5556640625 4.138671875 0.5419921875 4.1240234375 0.5751953125 4.08984375 0.5888671875 4.1044921875
10 0.5400390625 3.9931640625 0.5546875 4.0107421875 0.521484375 4.0390625 0.5068359375 4.021484375
10 0.474609375 3.99609375 0.458984375 3.9833984375 0.4853515625 3.953125 0.5009765625 3.9658203125
10 0.4580078125 3.98046875 0.443359375 3.9658203125 0.4716796875 3.9345703125 0.4873046875 3.9482421875
10 0.2255859375 4.353515625 0.208984375 4.33984375 0.2314453125 4.310546875 0.25 4.32421875
10 0.1796875 4.3125 0.166015625 4.30078125 0.193359375 4.26953125 0.208984375 4.2822265625
10 0.4794921875 4.2294921875 0.494140625 4.2431640625 0.46875 4.2705078125 0.4541015625 4.2578125
10 0.38671875 4.3046875 0.373046875 4.2900390625 0.4013671875 4.2607421875 0.416015625 4.2734375
10 0.869140625 4.4208984375 0.8525390625 4.4091796875 0.87890625 4.3759765625 0.89453125 4.388671875
10 0.7412109375 4.302734375 0.7265625 4.291015625 0.7568359375 4.255859375 0.7705078125 4.2666015625
10 0.6953125 4.2568359375 0.6826171875 4.244140625 0.708984375 4.2158203125 0.72265625 4.2275390625
10 0.6796875 4.244140625 0.6650390625 4.232421875 0.6904296875 4.203125 0.705078125 4.2158203125
10 0.671875 4.19140625 0.6865234375 4.2021484375 0.6650390625 4.2275390625 0.6513671875 4.216796875
10 0.63671875 3.9736328125 0.6298828125 3.9560546875 0.6611328125 3.9423828125 0.6689453125 3.9580078125
10 0.623046875 3.9609375 0.6142578125 3.94140625 0.65234375 3.919921875 0.6630859375 3.9404296875
10 0.607421875 3.94140625 0.5986328125 3.92578125 0.626953125 3.908203125 0.63671875 3.921875
10 0.587890625 3.9248046875 0.580078125 3.908203125 0.615234375 3.890625 0.623046875 3.9072265625
10 0.169921875 4.115234375 0.18359375 4.125 0.162109375 4.1552734375 0.1484375 4.1455078125
10 0.228515625 4.111328125 0.2431640625 4.1240234375 0.21875 4.1552734375 0.2041015625 4.14453125
10 0.416015625 4.1689453125 0.3974609375 4.15234375 0.4384765625 4.1025390625 0.4580078125 4.119140625
10 0.4384765625 4.1767578125 0.4248046875 4.1640625 0.44921875 4.13671875 0.4619140625 4.1494140625
10 0.3505859375 4.4638671875 0.337890625 4.4521484375 0.3603515625 4.4248046875 0.373046875 4.4365234375
10 0.158203125 4.4697265625 0.16796875 4.4580078125 0.1982421875 4.4833984375 0.1884765625 4.49609375
10 0.107421875 4.24609375 0.095703125 4.2353515625 0.1240234375 4.2021484375 0.134765625 4.2119140625
10 0.150390625 4.28515625 0.1376953125 4.2724609375 0.1630859375 4.2470703125 0.17578125 4.2587890625
10 0.365234375 4.2978515625 0.3779296875 4.3076171875 0.3525390625 4.33984375 0.33984375 4.330078125
10 0.2587890625 4.380859375 0.2451171875 4.3701171875 0.2705078125 4.3408203125 0.283203125 4.3515625
10 0.2216796875 4.3046875 0.2314453125 4.3125 0.2099609375 4.3369140625 0.201171875 4.328125
10 0.333984375 4.2705078125 0.3466796875 4.2802734375 0.3212890625 4.30859375 0.3095703125 4.298828125
10 0.4462890625 3.8984375 0.4609375 3.9111328125 0.431640625 3.94921875 0.4169921875 3.9365234375
10 0.404296875 3.8779296875 0.41796875 3.890625 0.39453125 3.919921875 0.380859375 3.9091796875
10 0.689453125 4.3896484375 0.67578125 4.3759765625 0.705078125 4.34375 0.71875 4.3564453125
0 2.5234375 4.8623046875 2.40234375 4.60546875 2.67578125 4.484375 2.7919921875 4.7236328125
9 1.986328125 6.095703125 2.0009765625 6.080078125 2.0517578125 6.125 2.03515625 6.1435546875
9 0.736328125 3.8017578125 0.7255859375 3.783203125 0.8310546875 3.7255859375 0.84375 3.7451171875
9 0.6796875 3.5166015625 0.697265625 3.53125 0.65625 3.5830078125 0.6376953125 3.568359375
9 0.66796875 3.447265625 0.6884765625 3.4609375 0.6240234375 3.546875 0.6064453125 3.5302734375
9 0.560546875 3.2451171875 0.580078125 3.2587890625 0.5185546875 3.3544921875 0.4970703125 3.3408203125
0 3.7373046875 0.3662109375 3.677734375 0.4150390625 3.63671875 0.3642578125 3.7021484375 0.3173828125
0 3.64453125 0.146484375 3.5693359375 0.201171875 3.5263671875 0.1474609375 3.61328125 0.0966796875
0 3.64453125 0.3076171875 3.7060546875 0.2548828125 3.7548828125 0.3095703125 3.68359375 0.36328125
0 2.033203125 3.92578125 1.9052734375 3.685546875 2.1796875 3.548828125 2.3076171875 3.7861328125
0 2.3603515625 4.5537109375 2.2294921875 4.30078125 2.505859375 4.1708984375 2.638671875 4.4111328125
0 2.88671875 5.455078125 2.763671875 5.2119140625 3.044921875 5.0771484375 3.1728515625 5.3046875
10 0.1220703125 3.92578125 0.107421875 3.912109375 0.1328125 3.8828125 0.1474609375 3.8974609375
0 3.2490234375 6.1162109375 3.123046875 5.87109375 3.4189453125 5.7373046875 3.53125 5.9638671875
0 1.8544921875 4.7685546875 1.9775390625 4.9921875 1.7265625 5.138671875 1.603515625 4.90234375
0 1.6953125 4.455078125 1.8203125 4.693359375 1.5654296875 4.826171875 1.4404296875 4.58203125
0 1.541015625 4.158203125 1.65234375 4.388671875 1.3974609375 4.525390625 1.2802734375 4.2734375
0 1.0390625 3.234375 1.169921875 3.4677734375 0.9052734375 3.611328125 0.7861328125 3.37109375
0 0.896484375 2.9521484375 1.0205078125 3.19140625 0.7587890625 3.326171875 0.6337890625 3.0810546875
0 0.390625 2.841796875 0.412109375 2.5712890625 0.71484375 2.59375 0.6923828125 2.84375
0 1.3740234375 2.6923828125 1.2431640625 2.4541015625 1.521484375 2.3154296875 1.6474609375 2.5498046875
0 1.107421875 2.4091796875 0.8896484375 2.0029296875 1.369140625 1.7802734375 1.576171875 2.185546875
0 0.5517578125 1.365234375 0.39453125 1.0224609375 0.7255859375 0.8759765625 0.8837890625 1.193359375
10 0.9013671875 2.9384765625 0.884765625 2.9443359375 0.869140625 2.9111328125 0.8837890625 2.904296875
10 0.4833984375 3.064453125 0.4755859375 3.0771484375 0.4462890625 3.0546875 0.4541015625 3.0419921875
10 0.470703125 3.0830078125 0.4609375 3.0947265625 0.4326171875 3.0712890625 0.4423828125 3.05859375
10 0.455078125 3.09765625 0.4453125 3.1083984375 0.4208984375 3.0869140625 0.4287109375 3.0751953125
10 0.103515625 3.9150390625 0.08984375 3.9033203125 0.1171875 3.8740234375 0.130859375 3.88671875
10 0.220703125 3.9697265625 0.20703125 3.9560546875 0.2314453125 3.927734375 0.24609375 3.94140625
10 0.20703125 3.8955078125 0.220703125 3.9072265625 0.193359375 3.939453125 0.1796875 3.9267578125
10 0.1884765625 3.884765625 0.201171875 3.8974609375 0.177734375 3.92578125 0.1650390625 3.9140625
10 0.1015625 3.8603515625 0.11328125 3.873046875 0.0869140625 3.900390625 0.0751953125 3.888671875
10 0.1171875 3.869140625 0.10546875 3.85546875 0.1337890625 3.8291015625 0.14453125 3.841796875
10 0.1142578125 3.8193359375 0.1259765625 3.8291015625 0.1025390625 3.85546875 0.08984375 3.845703125
10 0.0966796875 3.7998046875 0.1103515625 3.810546875 0.0869140625 3.8388671875 0.0751953125 3.8291015625
10 0.083984375 3.9736328125 0.0966796875 3.986328125 0.0693359375 4.0185546875 0.068359375 3.9912109375
10 0.07421875 3.8193359375 0.0751953125 3.7978515625 0.08203125 3.7880859375 0.09375 3.7958984375
10 0.111328125 3.4755859375 0.0986328125 3.486328125 0.0830078125 3.4716796875 0.0849609375 3.451171875
10 0.1181640625 3.4541015625 0.1044921875 3.466796875 0.083984375 3.4443359375 0.0869140625 3.4228515625
10 0.0947265625 3.4248046875 0.107421875 3.4140625 0.1357421875 3.443359375 0.123046875 3.4541015625
10 0.17578125 3.392578125 0.1611328125 3.4052734375 0.1337890625 3.376953125 0.146484375 3.3623046875
10 0.1669921875 3.349609375 0.1796875 3.3369140625 0.208984375 3.36328125 0.197265625 3.3759765625
10 0.2216796875 3.34765625 0.208984375 3.3603515625 0.1826171875 3.3349609375 0.193359375 3.3232421875
10 0.3583984375 3.201171875 0.34765625 3.212890625 0.3173828125 3.189453125 0.3271484375 3.1767578125
10 0.3720703125 3.1865234375 0.3623046875 3.1982421875 0.3310546875 3.1708984375 0.341796875 3.1591796875
10 0.3984375 3.154296875 0.388671875 3.166015625 0.3603515625 3.1435546875 0.3701171875 3.130859375
10 0.4140625 3.138671875 0.404296875 3.1494140625 0.3759765625 3.1259765625 0.38671875 3.1123046875
10 0.44140625 3.1123046875 0.4326171875 3.123046875 0.404296875 3.099609375 0.4130859375 3.0869140625
10 0.7197265625 4.361328125 0.734375 4.37109375 0.7119140625 4.4013671875 0.6982421875 4.3916015625
10 0.6259765625 4.3310546875 0.609375 4.3193359375 0.640625 4.2822265625 0.65625 4.2958984375
10 1.259765625 2.5400390625 1.2431640625 2.548828125 1.220703125 2.513671875 1.236328125 2.50390625
10 1.6630859375 6.294921875 1.6484375 6.2822265625 1.6767578125 6.2490234375 1.6904296875 6.2607421875
10 1.7548828125 5.630859375 1.7421875 5.6201171875 1.765625 5.5927734375 1.77734375 5.603515625
10 1.6015625 5.4501953125 1.6162109375 5.443359375 1.6328125 5.4765625 1.6201171875 5.4833984375
10 1.5732421875 5.39453125 1.5869140625 5.384765625 1.6083984375 5.4189453125 1.5947265625 5.427734375
10 1.515625 5.29296875 1.53125 5.2841796875 1.552734375 5.3212890625 1.537109375 5.330078125
10 1.4638671875 5.19921875 1.4814453125 5.189453125 1.5048828125 5.232421875 1.4873046875 5.2412109375
10 1.669921875 5.9150390625 1.654296875 5.9306640625 1.6123046875 5.8916015625 1.6259765625 5.8759765625
10 1.4912109375 6.2744140625 1.5048828125 6.283203125 1.4873046875 6.306640625 1.474609375 6.296875
10 1.64453125 6.2197265625 1.6591796875 6.232421875 1.63671875 6.2568359375 1.623046875 6.2451171875
10 1.453125 6.2255859375 1.439453125 6.212890625 1.4638671875 6.1845703125 1.478515625 6.1982421875
10 1.7060546875 6.2724609375 1.7197265625 6.28515625 1.69140625 6.31640625 1.6767578125 6.3037109375
10 1.66015625 6.234375 1.6748046875 6.2470703125 1.6513671875 6.2734375 1.63671875 6.2607421875
10 1.2978515625 5.48828125 1.310546875 5.47265625 1.34765625 5.5078125 1.3349609375 5.5224609375
10 1.470703125 6.2978515625 1.4560546875 6.28515625 1.478515625 6.2587890625 1.4931640625 6.271484375
10 1.4306640625 6.255859375 1.4150390625 6.2421875 1.4384765625 6.216796875 1.4541015625 6.2314453125
10 1.4521484375 6.2333984375 1.4677734375 6.2451171875 1.4462890625 6.271484375 1.431640625 6.26171875
10 1.529296875 6.296875 1.5126953125 6.2841796875 1.5380859375 6.25390625 1.5537109375 6.2646484375
10 1.513671875 6.28125 1.498046875 6.2685546875 1.5234375 6.2392578125 1.5380859375 6.2509765625
10 1.4814453125 6.2041015625 1.4951171875 6.216796875 1.4697265625 6.2431640625 1.455078125 6.23046875
10 1.619140625 6.197265625 1.6318359375 6.208984375 1.611328125 6.234375 1.5966796875 6.22265625
10 1.544921875 6.1318359375 1.5576171875 6.142578125 1.537109375 6.1669921875 1.5244140625 6.158203125
10 1.5322265625 6.1181640625 1.5458984375 6.1279296875 1.5224609375 6.158203125 1.5087890625 6.1484375
10 1.5576171875 6.1435546875 1.5732421875 6.1552734375 1.5498046875 6.185546875 1.5341796875 6.173828125
10 1.7998046875 5.625 1.8134765625 5.6337890625 1.7939453125 5.66015625 1.7802734375 5.6513671875
10 1.8427734375 5.66796875 1.8564453125 5.6796875 1.8330078125 5.708984375 1.8193359375 5.6962890625
10 1.7294921875 6.3017578125 1.7431640625 6.3125 1.7353515625 6.3212890625 1.71484375 6.3203125
10 1.2158203125 3.4541015625 1.2314453125 3.4482421875 1.2470703125 3.484375 1.2314453125 3.4912109375
10 1.3837890625 2.73046875 1.369140625 2.740234375 1.3515625 2.7060546875 1.3671875 2.697265625
10 1.1015625 2.4287109375 1.1123046875 2.4140625 1.1474609375 2.435546875 1.13671875 2.451171875
10 1.8291015625 3.66796875 1.8134765625 3.6767578125 1.796875 3.6396484375 1.8115234375 3.6318359375
10 2.017578125 3.9287109375 2.001953125 3.9384765625 1.9833984375 3.90234375 2.0009765625 3.892578125
10 3.5029296875 6.3720703125 3.4912109375 6.3525390625 3.533203125 6.330078125 3.5439453125 6.3505859375
9 2.9150390625 6.1396484375 2.947265625 6.146484375 2.9287109375 6.234375 2.8955078125 6.2294921875
10 2.7607421875 6.24609375 2.771484375 6.2333984375 2.8017578125 6.2568359375 2.791015625 6.2705078125
10 2.734375 6.2802734375 2.7451171875 6.2685546875 2.7744140625 6.29296875 2.7646484375 6.3037109375
10 2.8115234375 6.189453125 2.82421875 6.17578125 2.8603515625 6.208984375 2.84765625 6.220703125
10 2.7021484375 6.314453125 2.712890625 6.302734375 2.7431640625 6.3291015625 2.7314453125 6.3408203125
10 2.4599609375 4.8759765625 2.47265625 4.869140625 2.4931640625 4.9052734375 2.4794921875 4.9130859375
10 2.3671875 4.576171875 2.3505859375 4.5830078125 2.3349609375 4.55078125 2.3505859375 4.54296875
10 0.2578125 0.9306640625 0.2734375 0.9228515625 0.2900390625 0.9541015625 0.275390625 0.9619140625
10 0.3525390625 1.0322265625 0.3359375 1.04296875 0.3173828125 1.0078125 0.3330078125 1.0
9 0.4111328125 0.42578125 0.43359375 0.4375 0.3818359375 0.5361328125 0.35546875 0.5244140625
9 0.2294921875 0.5556640625 0.2177734375 0.5322265625 0.3134765625 0.4775390625 0.326171875 0.4990234375
9 0.26171875 0.62890625 0.234375 0.6416015625 0.1826171875 0.5400390625 0.2099609375 0.52734375
9 0.7353515625 3.8046875 0.7216796875 3.7802734375 0.833984375 3.7236328125 0.845703125 3.7470703125
10 0.6845703125 3.634765625 0.6748046875 3.6162109375 0.7177734375 3.595703125 0.7265625 3.6142578125
9 0.6689453125 3.4462890625 0.6884765625 3.4599609375 0.6259765625 3.5458984375 0.603515625 3.5302734375
9 0.5595703125 3.2451171875 0.580078125 3.2578125 0.5166015625 3.35546875 0.49609375 3.33984375
10 1.984375 6.09765625 2.0029296875 6.078125 2.052734375 6.125 2.0341796875 6.142578125
10 1.291015625 5.5205078125 1.3056640625 5.505859375 1.3369140625 5.53515625 1.3212890625 5.55078125
10 0.64453125 4.34375 0.630859375 4.33203125 0.65625 4.3046875 0.6689453125 4.31640625
10 0.1044921875 6.1376953125 0.103515625 6.1533203125 0.06640625 6.1513671875 0.06640625 6.1337890625
10 0.951171875 4.8134765625 0.94140625 4.7998046875 0.970703125 4.7783203125 0.98046875 4.7900390625
10 0.94140625 4.7958984375 0.931640625 4.7822265625 0.9609375 4.76171875 0.970703125 4.7744140625
10 0.9306640625 4.77734375 0.921875 4.76171875 0.955078125 4.7421875 0.96484375 4.7587890625
10 0.9228515625 4.755859375 0.9150390625 4.740234375 0.9462890625 4.7236328125 0.955078125 4.740234375
10 0.724609375 4.640625 0.7197265625 4.6572265625 0.681640625 4.6435546875 0.6865234375 4.626953125
10 0.736328125 4.6220703125 0.732421875 4.6376953125 0.693359375 4.626953125 0.6962890625 4.611328125
10 0.0546875 6.2509765625 0.0595703125 6.234375 0.0927734375 6.2421875 0.0888671875 6.2587890625
10 0.1015625 6.20703125 0.0986328125 6.22265625 0.0615234375 6.216796875 0.0654296875 6.201171875
10 0.1904296875 6.228515625 0.2060546875 6.2412109375 0.177734375 6.2734375 0.162109375 6.2607421875
10 0.19921875 6.14453125 0.197265625 6.162109375 0.158203125 6.158203125 0.1591796875 6.1416015625
10 0.05078125 6.267578125 0.052734375 6.2529296875 0.08984375 6.2568359375 0.087890625 6.271484375
10 1.1826171875 5.423828125 1.1943359375 5.412109375 1.2236328125 5.439453125 1.212890625 5.4501953125
10 0.216796875 6.24609375 0.2294921875 6.259765625 0.212890625 6.27734375 0.1884765625 6.2763671875
10 0.166015625 5.2421875 0.1669921875 5.2197265625 0.205078125 5.220703125 0.2041015625 5.2412109375
10 0.1650390625 5.1533203125 0.177734375 5.1669921875 0.150390625 5.193359375 0.1376953125 5.1806640625
10 0.13671875 5.166015625 0.12109375 5.166015625 0.123046875 5.12890625 0.138671875 5.12890625
10 0.0517578125 4.7646484375 0.0712890625 4.765625 0.0673828125 4.806640625 0.0498046875 4.8056640625
10 0.0537109375 4.6943359375 0.072265625 4.6943359375 0.072265625 4.732421875 0.0546875 4.732421875
10 0.0556640625 4.630859375 0.076171875 4.6328125 0.0732421875 4.67578125 0.0546875 4.6748046875
10 0.9423828125 4.466796875 0.931640625 4.453125 0.962890625 4.423828125 0.974609375 4.4365234375
10 0.75 4.3896484375 0.7646484375 4.40234375 0.7412109375 4.427734375 0.7265625 4.4150390625
10 0.7802734375 4.419921875 0.79296875 4.4296875 0.771484375 4.458984375 0.7578125 4.4482421875
10 0.9912109375 4.880859375 0.9814453125 4.865234375 1.0126953125 4.84375 1.0234375 4.8603515625
10 1.091796875 4.8505859375 1.08203125 4.8330078125 1.1142578125 4.8134765625 1.125 4.8310546875
10 1.212890625 4.9990234375 1.220703125 5.015625 1.1884765625 5.03125 1.1796875 5.015625
10 1.203125 4.978515625 1.212890625 4.9951171875 1.1796875 5.0107421875 1.171875 4.99609375
10 1.1962890625 4.9599609375 1.2041015625 4.9755859375 1.1708984375 4.994140625 1.1630859375 4.9794921875
10 1.1865234375 4.9443359375 1.1923828125 4.958984375 1.16015625 4.9765625 1.1533203125 4.9619140625
10 1.2216796875 5.015625 1.2314453125 5.0302734375 1.205078125 5.0478515625 1.1953125 5.0322265625
10 1.234375 5.0341796875 1.244140625 5.0498046875 1.2109375 5.0703125 1.2021484375 5.0546875
10 1.1748046875 4.92578125 1.18359375 4.94140625 1.1513671875 4.9580078125 1.1435546875 4.9423828125
10 1.2998046875 5.013671875 1.283203125 5.0224609375 1.263671875 4.9853515625 1.279296875 4.9755859375
10 1.2470703125 4.9140625 1.2314453125 4.923828125 1.212890625 4.8896484375 1.2275390625 4.880859375
10 1.7802734375 5.6025390625 1.7958984375 5.6142578125 1.775390625 5.6416015625 1.7587890625 5.62890625
10 1.6259765625 5.490234375 1.642578125 5.48046875 1.6650390625 5.5224609375 1.6484375 5.53125
10 1.5419921875 5.33984375 1.556640625 5.33203125 1.5810546875 5.3740234375 1.56640625 5.380859375
10 1.4921875 5.2529296875 1.505859375 5.2451171875 1.5263671875 5.27734375 1.5126953125 5.28515625
10 1.373046875 5.03515625 1.38671875 5.0263671875 1.40625 5.05859375 1.39453125 5.06640625
10 1.064453125 5.0302734375 1.0556640625 5.013671875 1.0908203125 4.994140625 1.1005859375 5.01171875
10 0.74609375 5.001953125 0.759765625 4.9873046875 0.7939453125 5.0185546875 0.7822265625 5.03125
10 1.1005859375 5.1064453125 1.09375 5.0888671875 1.1318359375 5.072265625 1.1396484375 5.0888671875
10 1.0927734375 5.083984375 1.0849609375 5.0673828125 1.12109375 5.0498046875 1.1298828125 5.0673828125
10 1.048828125 4.9931640625 1.0400390625 4.978515625 1.0732421875 4.958984375 1.0830078125 4.9736328125
10 1.04296875 4.974609375 1.033203125 4.9609375 1.0654296875 4.939453125 1.076171875 4.953125
10 1.005859375 4.9208984375 0.9970703125 4.904296875 1.0322265625 4.884765625 1.041015625 4.9013671875
10 1.2802734375 4.861328125 1.2958984375 4.8525390625 1.3193359375 4.8916015625 1.3046875 4.900390625
10 1.21875 5.087890625 1.208984375 5.0732421875 1.244140625 5.05078125 1.25390625 5.06640625
0 0.3828125 0.19140625 0.7470703125 0.3017578125 0.6015625 0.6484375 0.27734375 0.54296875
