9 4.5947265625 3.7001953125 4.5830078125 3.689453125 4.65234375 3.619140625 4.6640625 3.62890625
7 2.9677734375 3.3505859375 2.978515625 3.3505859375 2.9814453125 3.458984375 2.9716796875 3.4609375
7 3.1337890625 3.32421875 3.1435546875 3.3251953125 3.1455078125 3.3974609375 3.13671875 3.3974609375
7 3.2431640625 3.2734375 3.25390625 3.2734375 3.2578125 3.3544921875 3.25 3.357421875
7 3.3232421875 3.2529296875 3.3330078125 3.25390625 3.33203125 3.3515625 3.3232421875 3.3525390625
7 3.3896484375 3.2578125 3.400390625 3.2578125 3.3955078125 3.3427734375 3.38671875 3.341796875
7 3.416015625 3.2578125 3.423828125 3.2587890625 3.4228515625 3.3525390625 3.4140625 3.353515625
7 3.5234375 3.2841796875 3.533203125 3.2841796875 3.5361328125 3.3603515625 3.52734375 3.3583984375
7 3.626953125 3.2587890625 3.6376953125 3.2587890625 3.6416015625 3.3583984375 3.6318359375 3.3583984375
7 3.662109375 3.267578125 3.671875 3.2666015625 3.6708984375 3.36328125 3.6630859375 3.36328125
7 3.728515625 3.2685546875 3.740234375 3.2685546875 3.7392578125 3.3603515625 3.73046875 3.3603515625
7 3.8095703125 3.2353515625 3.8203125 3.2353515625 3.8173828125 3.3046875 3.8076171875 3.3056640625
7 3.896484375 3.22265625 3.908203125 3.224609375 3.9033203125 3.3359375 3.890625 3.330078125
7 3.9853515625 3.322265625 3.9951171875 3.322265625 3.9931640625 3.3896484375 3.98046875 3.3896484375
7 4.0537109375 3.3525390625 4.0625 3.3515625 4.06640625 3.4609375 4.056640625 3.4580078125
7 4.1669921875 3.3994140625 4.177734375 3.4013671875 4.1796875 3.4765625 4.1689453125 3.4775390625
7 4.265625 3.35546875 4.2705078125 3.3486328125 4.32421875 3.3896484375 4.3203125 3.396484375
7 4.22265625 3.390625 4.2333984375 3.3857421875 4.26953125 3.447265625 4.2587890625 3.453125
7 4.3125 3.3125 4.31640625 3.3056640625 4.365234375 3.3310546875 4.3623046875 3.3388671875
7 4.3076171875 3.24609375 4.3115234375 3.234375 4.384765625 3.2529296875 4.3818359375 3.2626953125
7 4.3369140625 3.19140625 4.33984375 3.181640625 4.404296875 3.1962890625 4.4013671875 3.205078125
7 4.4404296875 2.9697265625 4.44140625 2.958984375 4.5068359375 2.9658203125 4.501953125 2.9775390625
7 4.4501953125 2.92578125 4.4521484375 2.916015625 4.5283203125 2.9228515625 4.525390625 2.931640625
7 4.4521484375 2.8447265625 4.453125 2.8330078125 4.568359375 2.8369140625 4.5654296875 2.8486328125
7 4.50390625 2.77734375 4.50390625 2.7685546875 4.5703125 2.7685546875 4.5693359375 2.7783203125
7 4.5185546875 2.650390625 4.517578125 2.6396484375 4.58203125 2.646484375 4.58203125 2.654296875
7 4.521484375 2.6162109375 4.521484375 2.607421875 4.5859375 2.611328125 4.5869140625 2.6201171875
7 4.4970703125 2.5673828125 4.498046875 2.55859375 4.5576171875 2.5595703125 4.556640625 2.5703125
7 4.5166015625 2.4970703125 4.515625 2.484375 4.578125 2.4873046875 4.576171875 2.49609375
7 3.0927734375 3.322265625 3.1064453125 3.3232421875 3.103515625 3.41796875 3.0927734375 3.416015625
7 2.6875 3.5302734375 2.69921875 3.5302734375 2.7021484375 3.6201171875 2.69140625 3.6220703125
7 4.515625 2.1376953125 4.515625 2.126953125 4.578125 2.1328125 4.578125 2.1435546875
7 2.8173828125 3.4697265625 2.8271484375 3.4638671875 2.8671875 3.5419921875 2.859375 3.548828125
7 0.90234375 2.484375 0.884765625 2.4892578125 0.8798828125 2.4423828125 0.8935546875 2.4345703125
7 0.2587890625 3.8701171875 0.26171875 3.880859375 0.16796875 3.8984375 0.166015625 3.8876953125
7 0.32421875 3.9306640625 0.3330078125 3.9365234375 0.279296875 4.0234375 0.2705078125 4.01953125
7 0.7177734375 3.9013671875 0.728515625 3.900390625 0.7412109375 3.978515625 0.734375 3.9814453125
7 0.65625 3.9638671875 0.666015625 3.9638671875 0.6669921875 4.0166015625 0.658203125 4.0185546875
7 0.8662109375 3.830078125 0.8759765625 3.8291015625 0.884765625 3.912109375 0.875 3.916015625
7 0.7734375 3.861328125 0.783203125 3.8603515625 0.8056640625 3.947265625 0.796875 3.9501953125
7 0.9814453125 3.8203125 0.9892578125 3.8193359375 0.9921875 3.8671875 0.9833984375 3.8701171875
7 1.0224609375 3.7841796875 1.03125 3.7841796875 1.0283203125 3.86328125 1.021484375 3.8623046875
7 1.2626953125 3.7490234375 1.271484375 3.7490234375 1.2802734375 3.8095703125 1.271484375 3.810546875
7 1.1826171875 3.73828125 1.19140625 3.7373046875 1.197265625 3.7958984375 1.1875 3.79296875
7 1.392578125 3.71484375 1.400390625 3.71484375 1.4013671875 3.767578125 1.3916015625 3.7685546875
7 1.5263671875 3.7197265625 1.53515625 3.7197265625 1.53515625 3.8017578125 1.52734375 3.8017578125
7 1.5830078125 3.720703125 1.59375 3.720703125 1.5927734375 3.7998046875 1.583984375 3.80078125
7 1.6796875 3.720703125 1.69140625 3.72265625 1.6865234375 3.8203125 1.6748046875 3.8203125
7 1.763671875 3.712890625 1.7734375 3.712890625 1.7734375 3.81640625 1.7646484375 3.818359375
7 1.845703125 3.69140625 1.8564453125 3.689453125 1.8671875 3.7900390625 1.857421875 3.7919921875
7 1.8193359375 3.728515625 1.8291015625 3.7255859375 1.8359375 3.7724609375 1.8232421875 3.7724609375
7 1.9267578125 3.666015625 1.94140625 3.6650390625 1.943359375 3.732421875 1.9287109375 3.734375
7 1.9921875 3.6259765625 2.0048828125 3.626953125 2.001953125 3.685546875 1.9892578125 3.6884765625
7 2.0546875 3.6005859375 2.068359375 3.59765625 2.0732421875 3.6689453125 2.060546875 3.6728515625
7 2.12890625 3.609375 2.1396484375 3.6083984375 2.1396484375 3.6474609375 2.1298828125 3.650390625
7 2.2333984375 3.61328125 2.2451171875 3.615234375 2.240234375 3.6826171875 2.23046875 3.6806640625
7 2.3046875 3.6201171875 2.3154296875 3.6201171875 2.314453125 3.6826171875 2.3056640625 3.6826171875
7 2.3564453125 3.62109375 2.3671875 3.62109375 2.3623046875 3.7255859375 2.3525390625 3.72265625
7 2.421875 3.630859375 2.43359375 3.6279296875 2.44921875 3.7275390625 2.4384765625 3.73046875
7 2.623046875 3.5498046875 2.6328125 3.5478515625 2.6513671875 3.6240234375 2.6416015625 3.62890625
7 4.4638671875 2.4091796875 4.4638671875 2.3955078125 4.5732421875 2.39453125 4.5732421875 2.40625
7 4.4765625 2.2099609375 4.4775390625 2.1982421875 4.5439453125 2.20703125 4.5419921875 2.2177734375
7 0.6181640625 2.88671875 0.6171875 2.8994140625 0.505859375 2.8779296875 0.513671875 2.8642578125
7 3.583984375 1.431640625 3.5830078125 1.4423828125 3.5185546875 1.4404296875 3.51953125 1.4287109375
7 3.5849609375 1.5830078125 3.5859375 1.59375 3.5390625 1.6015625 3.53515625 1.591796875
7 3.6162109375 1.71875 3.615234375 1.73046875 3.55859375 1.7255859375 3.5576171875 1.7177734375
7 3.609375 1.751953125 3.609375 1.7626953125 3.5556640625 1.7626953125 3.556640625 1.751953125
7 3.5947265625 1.865234375 3.5947265625 1.8740234375 3.5419921875 1.8740234375 3.541015625 1.865234375
7 3.5732421875 1.9794921875 3.5703125 1.9931640625 3.5068359375 1.9833984375 3.5078125 1.97265625
7 3.5615234375 2.140625 3.55859375 2.150390625 3.4970703125 2.123046875 3.5029296875 2.11328125
7 3.43359375 2.39453125 3.427734375 2.3994140625 3.3857421875 2.322265625 3.3935546875 2.3154296875
7 3.21875 2.4248046875 3.208984375 2.4248046875 3.2109375 2.330078125 3.220703125 2.3291015625
7 3.1181640625 2.43359375 3.109375 2.431640625 3.1396484375 2.306640625 3.1455078125 2.3095703125
7 2.974609375 2.3037109375 2.9658203125 2.2998046875 3.0048828125 2.2333984375 3.01171875 2.2412109375
7 2.927734375 2.259765625 2.9189453125 2.255859375 2.9482421875 2.181640625 2.958984375 2.1845703125
7 2.8759765625 2.236328125 2.8662109375 2.2333984375 2.896484375 2.158203125 2.9052734375 2.162109375
7 2.693359375 2.216796875 2.6826171875 2.2158203125 2.6962890625 2.1337890625 2.705078125 2.1357421875
7 2.78515625 2.181640625 2.7724609375 2.1796875 2.7880859375 2.1044921875 2.796875 2.107421875
7 2.5517578125 2.1884765625 2.53515625 2.1884765625 2.5517578125 2.083984375 2.56640625 2.0859375
7 2.4814453125 2.1318359375 2.47265625 2.130859375 2.48046875 2.013671875 2.490234375 2.013671875
7 2.36328125 2.0888671875 2.353515625 2.09375 2.3349609375 2.0068359375 2.3447265625 2.0068359375
7 2.28515625 2.10546875 2.275390625 2.1103515625 2.259765625 2.021484375 2.26953125 2.01953125
7 2.228515625 2.08203125 2.2158203125 2.087890625 2.2041015625 2.0322265625 2.2158203125 2.0283203125
7 2.15625 2.11328125 2.1435546875 2.119140625 2.13671875 2.0703125 2.1455078125 2.0654296875
7 2.0869140625 2.1806640625 2.0751953125 2.185546875 2.0625 2.1298828125 2.0732421875 2.12890625
7 1.6494140625 2.2861328125 1.640625 2.2939453125 1.5986328125 2.216796875 1.6064453125 2.2109375
7 1.5908203125 2.31640625 1.580078125 2.3251953125 1.5458984375 2.2568359375 1.556640625 2.25
7 1.521484375 2.3798828125 1.51171875 2.3876953125 1.46875 2.3095703125 1.4775390625 2.3037109375
7 1.4423828125 2.4150390625 1.4326171875 2.4228515625 1.3916015625 2.3349609375 1.3994140625 2.3291015625
7 1.35546875 2.4716796875 1.3447265625 2.478515625 1.3037109375 2.3837890625 1.3125 2.376953125
7 0.7451171875 2.8994140625 0.734375 2.9150390625 0.544921875 2.7958984375 0.55078125 2.7822265625
7 3.591796875 1.3271484375 3.58984375 1.337890625 3.5341796875 1.3271484375 3.5361328125 1.31640625
7 3.650390625 1.185546875 3.6474609375 1.1962890625 3.5810546875 1.1787109375 3.5830078125 1.1669921875
7 4.5224609375 2.0888671875 4.5224609375 2.0771484375 4.583984375 2.08203125 4.5810546875 2.09375
7 3.7041015625 1.0791015625 3.7001953125 1.08984375 3.63671875 1.068359375 3.6416015625 1.0556640625
7 4.458984375 2.3046875 4.4599609375 2.29296875 4.5693359375 2.2998046875 4.5693359375 2.3134765625
7 4.5478515625 1.978515625 4.5458984375 1.9658203125 4.6005859375 1.96484375 4.599609375 1.9765625
7 4.51953125 1.6787109375 4.5234375 1.6669921875 4.6220703125 1.69140625 4.619140625 1.703125
7 4.5361328125 1.7978515625 4.53515625 1.7890625 4.6259765625 1.7705078125 4.62890625 1.78125
7 4.53515625 1.947265625 4.53515625 1.9384765625 4.60546875 1.9423828125 4.6044921875 1.953125
7 4.5458984375 1.8515625 4.5458984375 1.8408203125 4.59765625 1.8388671875 4.5986328125 1.84765625
7 4.5693359375 1.2705078125 4.5712890625 1.2578125 4.6416015625 1.2705078125 4.638671875 1.28125
7 4.57421875 1.109375 4.572265625 1.09765625 4.626953125 1.087890625 4.626953125 1.1015625
7 4.591796875 1.212890625 4.587890625 1.2001953125 4.638671875 1.1845703125 4.642578125 1.1962890625
1 4.5712890625 0.9853515625 4.583984375 0.982421875 4.5849609375 1.013671875 4.572265625 1.013671875
7 4.5859375 1.009765625 4.58203125 0.9951171875 4.650390625 0.9912109375 4.6513671875 1.0029296875
7 4.5849609375 0.8955078125 4.580078125 0.8857421875 4.6494140625 0.8544921875 4.654296875 0.865234375
7 4.6015625 0.9482421875 4.6005859375 0.94140625 4.6474609375 0.9375 4.6484375 0.9453125
7 4.6318359375 0.7587890625 4.6279296875 0.7490234375 4.7119140625 0.7099609375 4.716796875 0.716796875
7 4.6103515625 0.646484375 4.603515625 0.63671875 4.7109375 0.5634765625 4.716796875 0.5751953125
7 4.599609375 0.5361328125 4.591796875 0.5283203125 4.65625 0.4833984375 4.662109375 0.4912109375
7 4.46484375 0.5205078125 4.455078125 0.51171875 4.5458984375 0.4052734375 4.552734375 0.4130859375
7 4.3212890625 0.4833984375 4.3115234375 0.4794921875 4.376953125 0.3466796875 4.3876953125 0.3525390625
7 4.224609375 0.4677734375 4.2119140625 0.4609375 4.2890625 0.3408203125 4.2998046875 0.34765625
7 4.1171875 0.380859375 4.107421875 0.3837890625 4.0986328125 0.302734375 4.1103515625 0.2998046875
7 4.0029296875 0.5224609375 3.9931640625 0.53125 3.9248046875 0.4443359375 3.935546875 0.4345703125
7 3.8681640625 0.5322265625 3.8583984375 0.541015625 3.8203125 0.474609375 3.8310546875 0.46875
7 3.837890625 0.568359375 3.830078125 0.5771484375 3.76953125 0.525390625 3.7783203125 0.517578125
7 3.814453125 0.6171875 3.8046875 0.626953125 3.7421875 0.5595703125 3.7509765625 0.55078125
7 3.794921875 0.7099609375 3.7919921875 0.71875 3.697265625 0.6591796875 3.701171875 0.65234375
7 3.779296875 0.7421875 3.7744140625 0.7509765625 3.6923828125 0.6962890625 3.6953125 0.6875
7 3.7255859375 0.9306640625 3.720703125 0.9423828125 3.6474609375 0.9072265625 3.6513671875 0.896484375
7 0.8271484375 2.5830078125 0.8193359375 2.5830078125 0.8251953125 2.490234375 0.833984375 2.4912109375
