9 1.4541015625 0.484375 1.4541015625 0.498046875 1.388671875 0.4853515625 1.39453125 0.46875
0 0.9599609375 4.53125 1.197265625 4.5390625 1.189453125 4.802734375 0.9521484375 4.8017578125
0 0.5283203125 1.0986328125 0.5234375 1.3251953125 0.310546875 1.3154296875 0.318359375 1.0947265625
0 0.521484375 1.3505859375 0.5166015625 1.5654296875 0.2998046875 1.5634765625 0.30859375 1.345703125
0 0.5068359375 1.9013671875 0.4990234375 2.1181640625 0.2646484375 2.111328125 0.2744140625 1.890625
0 0.4599609375 2.1923828125 0.439453125 2.4169921875 0.234375 2.41015625 0.24609375 2.1865234375
0 0.48828125 2.44140625 0.4794921875 2.6591796875 0.2451171875 2.654296875 0.2578125 2.4375
0 0.458984375 2.7392578125 0.4453125 2.9580078125 0.2109375 2.953125 0.220703125 2.7333984375
0 0.4716796875 2.9775390625 0.4580078125 3.21484375 0.1904296875 3.2119140625 0.1962890625 2.97265625
0 0.435546875 3.2626953125 0.423828125 3.517578125 0.1435546875 3.5068359375 0.154296875 3.2490234375
0 0.427734375 3.587890625 0.41796875 3.806640625 0.181640625 3.7998046875 0.1904296875 3.5849609375
0 0.4423828125 3.8603515625 0.4296875 4.1103515625 0.1484375 4.1103515625 0.158203125 3.8544921875
0 0.158203125 4.45703125 0.1787109375 4.2119140625 0.4375 4.2314453125 0.4228515625 4.4609375
0 0.1328125 4.5009765625 0.384765625 4.505859375 0.3701171875 4.77734375 0.12109375 4.7724609375
0 0.4052734375 4.50390625 0.66015625 4.5107421875 0.6435546875 4.791015625 0.3974609375 4.7841796875
0 0.703125 4.5126953125 0.8759765625 4.515625 0.875 4.693359375 0.7001953125 4.693359375
0 1.2314453125 4.5224609375 1.4677734375 4.5263671875 1.458984375 4.80078125 1.2255859375 4.791015625
9 1.041015625 0.5927734375 1.0361328125 0.60546875 0.9658203125 0.5517578125 0.974609375 0.541015625
0 1.505859375 4.544921875 1.744140625 4.5556640625 1.7333984375 4.826171875 1.49609375 4.8154296875
0 1.779296875 4.537109375 2.0224609375 4.548828125 2.0107421875 4.81640625 1.7763671875 4.80859375
0 2.1123046875 4.25 1.8720703125 4.2392578125 1.884765625 3.9697265625 2.1201171875 3.982421875
0 1.2744140625 4.2080078125 1.03515625 4.2001953125 1.0478515625 3.931640625 1.28125 3.9375
0 0.99609375 4.1962890625 0.7578125 4.1884765625 0.783203125 3.9169921875 1.0068359375 3.9296875
0 1.3134765625 3.2783203125 1.4951171875 3.28515625 1.48046875 3.4853515625 1.3115234375 3.47265625
0 1.0703125 3.2880859375 1.24609375 3.2900390625 1.236328125 3.4873046875 1.064453125 3.486328125
0 1.390625 2.9404296875 1.1357421875 2.9384765625 1.150390625 2.6552734375 1.3955078125 2.671875
0 1.6591796875 2.9521484375 1.4111328125 2.94140625 1.421875 2.6640625 1.669921875 2.673828125
0 1.0771484375 2.6796875 1.060546875 2.919921875 0.7900390625 2.9091796875 0.8017578125 2.6708984375
0 0.814453125 2.0146484375 0.826171875 1.7783203125 1.09765625 1.7890625 1.078125 2.0166015625
0 1.298828125 0.3720703125 1.4443359375 0.193359375 1.625 0.341796875 1.486328125 0.5029296875
0 1.0361328125 0.2421875 1.05859375 0.244140625 1.0576171875 0.28515625 1.03515625 0.2841796875
0 1.4296875 0.9453125 1.6513671875 0.9521484375 1.64453125 1.1806640625 1.4287109375 1.17578125
0 0.5830078125 0.580078125 0.373046875 0.7158203125 0.2578125 0.4697265625 0.4443359375 0.357421875
