10 1.6064453125 0.078125 1.5888671875 0.06640625 1.6025390625 0.044921875 1.6259765625 0.0458984375
10 1.2392578125 0.1103515625 1.23828125 0.134765625 1.1767578125 0.12890625 1.1806640625 0.103515625
4 0.4775390625 0.16796875 0.56640625 0.171875 0.5576171875 0.3642578125 0.466796875 0.361328125
4 0.6162109375 0.171875 0.705078125 0.1748046875 0.69921875 0.3671875 0.6064453125 0.365234375
4 0.3232421875 0.4599609375 0.4169921875 0.4599609375 0.4111328125 0.65234375 0.322265625 0.6513671875
4 0.466796875 0.462890625 0.556640625 0.4658203125 0.5517578125 0.66015625 0.4599609375 0.6572265625
4 0.60546875 0.466796875 0.697265625 0.4697265625 0.6904296875 0.662109375 0.5986328125 0.66015625
13 1.5986328125 1.7373046875 2.33984375 1.7578125 2.330078125 2.2080078125 1.5888671875 2.1865234375
6 1.9560546875 0.2236328125 2.6240234375 0.240234375 2.5419921875 1.7099609375 1.9111328125 1.6767578125
13 2.0361328125 0.5517578125 2.5166015625 0.5654296875 2.4892578125 1.3779296875 2.01171875 1.3623046875
3 0.3916015625 1.3759765625 0.412109375 0.8994140625 0.91015625 0.919921875 0.8916015625 1.3984375
3 2.513671875 2.9443359375 1.8798828125 2.9306640625 1.916015625 2.2685546875 2.53125 2.310546875
3 0.7236328125 2.896484375 0.7666015625 2.0654296875 1.625 2.11328125 1.5908203125 2.9306640625
10 1.458984375 0.375 1.4365234375 0.375 1.439453125 0.3330078125 1.458984375 0.333984375
10 1.4736328125 0.39453125 1.4951171875 0.39453125 1.4951171875 0.4375 1.4736328125 0.4375
10 1.4580078125 0.2275390625 1.478515625 0.2275390625 1.478515625 0.2734375 1.4580078125 0.2734375
10 1.1396484375 0.6923828125 1.1640625 0.6923828125 1.1611328125 0.740234375 1.1396484375 0.73828125
10 1.2099609375 0.7490234375 1.1845703125 0.7470703125 1.1865234375 0.6953125 1.212890625 0.6953125
10 1.23046875 0.720703125 1.228515625 0.7001953125 1.2744140625 0.697265625 1.2763671875 0.71875
10 1.1806640625 0.81640625 1.1787109375 0.796875 1.2216796875 0.796875 1.2216796875 0.814453125
10 1.1826171875 0.8349609375 1.1826171875 0.8154296875 1.22265625 0.814453125 1.22265625 0.833984375
10 1.134765625 0.814453125 1.1376953125 0.7939453125 1.1806640625 0.798828125 1.177734375 0.818359375
10 1.0966796875 0.794921875 1.095703125 0.814453125 1.0546875 0.8134765625 1.0556640625 0.7939453125
10 1.05078125 0.81640625 1.0947265625 0.81640625 1.0947265625 0.8388671875 1.05078125 0.8369140625
10 0.333984375 2.5634765625 0.3583984375 2.5654296875 0.3544921875 2.6064453125 0.333984375 2.60546875
10 0.3359375 2.4765625 0.3564453125 2.4765625 0.353515625 2.5205078125 0.3330078125 2.51953125
10 0.1611328125 2.345703125 0.162109375 2.3662109375 0.119140625 2.3671875 0.1181640625 2.3466796875
4 0.3359375 0.1630859375 0.4267578125 0.166015625 0.419921875 0.3583984375 0.326171875 0.35546875
