10 0.642578125 0.033203125 0.6416015625 0.056640625 0.5966796875 0.0556640625 0.5966796875 0.0322265625
10 2.201171875 0.2490234375 2.2197265625 0.2490234375 2.2177734375 0.2900390625 2.2001953125 0.2900390625
10 2.4267578125 0.33203125 2.408203125 0.326171875 2.421875 0.287109375 2.439453125 0.29296875
10 2.357421875 0.3115234375 2.3408203125 0.3056640625 2.3525390625 0.267578125 2.369140625 0.2724609375
10 2.375 0.2734375 2.396484375 0.279296875 2.3828125 0.322265625 2.3623046875 0.31640625
10 2.2900390625 0.291015625 2.26953125 0.2900390625 2.2705078125 0.2451171875 2.2890625 0.24609375
10 2.26171875 0.28515625 2.2451171875 0.28515625 2.24609375 0.248046875 2.263671875 0.2490234375
10 2.2236328125 0.2490234375 2.240234375 0.2509765625 2.236328125 0.2939453125 2.220703125 0.29296875
10 2.1494140625 0.244140625 2.1689453125 0.24609375 2.1669921875 0.283203125 2.1484375 0.2822265625
10 2.638671875 1.0771484375 2.6640625 1.0771484375 2.6640625 1.0966796875 2.638671875 1.0966796875
10 2.21875 0.244140625 2.2001953125 0.244140625 2.2001953125 0.205078125 2.2177734375 0.2041015625
10 2.1787109375 0.1982421875 2.197265625 0.2001953125 2.1943359375 0.244140625 2.1748046875 0.2431640625
10 2.4443359375 0.1376953125 2.4248046875 0.138671875 2.42578125 0.1015625 2.4443359375 0.1025390625
10 2.416015625 0.138671875 2.3984375 0.1376953125 2.3984375 0.095703125 2.4169921875 0.0947265625
10 2.3955078125 0.142578125 2.3759765625 0.1416015625 2.3779296875 0.099609375 2.396484375 0.1005859375
10 2.3740234375 0.1396484375 2.3544921875 0.1396484375 2.3564453125 0.0947265625 2.3740234375 0.0947265625
10 2.4609375 0.2607421875 2.439453125 0.259765625 2.4404296875 0.2119140625 2.4609375 0.2138671875
10 2.4130859375 0.25390625 2.3935546875 0.2548828125 2.3935546875 0.21875 2.412109375 0.21875
10 2.341796875 0.25 2.322265625 0.2509765625 2.3232421875 0.2109375 2.341796875 0.2109375
10 2.466796875 0.3046875 2.4833984375 0.3115234375 2.46875 0.3525390625 2.4521484375 0.3466796875
10 2.6201171875 0.220703125 2.62109375 0.2412109375 2.5732421875 0.2412109375 2.5732421875 0.220703125
10 2.6142578125 0.24609375 2.615234375 0.2646484375 2.5693359375 0.2666015625 2.568359375 0.248046875
10 2.6181640625 0.2705078125 2.6181640625 0.2880859375 2.5712890625 0.2880859375 2.5703125 0.2705078125
10 2.484375 0.2626953125 2.4638671875 0.263671875 2.4638671875 0.208984375 2.484375 0.2099609375
10 2.4501953125 0.4208984375 2.4677734375 0.4287109375 2.4521484375 0.46875 2.4345703125 0.4609375
10 2.4287109375 0.4609375 2.4111328125 0.4521484375 2.427734375 0.416015625 2.4443359375 0.423828125
10 2.4052734375 0.4521484375 2.3857421875 0.443359375 2.40625 0.404296875 2.423828125 0.412109375
10 2.3662109375 0.4345703125 2.3486328125 0.4287109375 2.361328125 0.38671875 2.3798828125 0.3916015625
10 2.3681640625 0.25 2.3515625 0.2509765625 2.349609375 0.2109375 2.365234375 0.2109375
10 2.240234375 0.24609375 2.22265625 0.2470703125 2.22265625 0.2041015625 2.2412109375 0.2041015625
10 2.265625 0.2431640625 2.24609375 0.2412109375 2.2490234375 0.1982421875 2.267578125 0.19921875
10 2.154296875 0.2021484375 2.171875 0.203125 2.1689453125 0.2412109375 2.15234375 0.2412109375
10 2.1767578125 0.244140625 2.1953125 0.244140625 2.193359375 0.2841796875 2.1748046875 0.2841796875
10 2.34765625 0.138671875 2.3310546875 0.138671875 2.3291015625 0.0966796875 2.3466796875 0.0966796875
10 2.6416015625 1.0546875 2.6650390625 1.0546875 2.6650390625 1.0703125 2.6416015625 1.0703125
10 2.3701171875 0.2109375 2.388671875 0.2109375 2.3896484375 0.2509765625 2.3720703125 0.251953125
3 2.009765625 0.9501953125 2.0419921875 0.3681640625 2.5986328125 0.4208984375 2.5888671875 0.970703125
10 2.4951171875 0.07421875 2.494140625 0.0859375 2.4560546875 0.0830078125 2.4541015625 0.0732421875
10 0.9560546875 0.02734375 0.95703125 0.0400390625 0.91796875 0.0380859375 0.91796875 0.0263671875
10 0.830078125 0.0244140625 0.830078125 0.0361328125 0.794921875 0.0361328125 0.794921875 0.0234375
10 0.646484375 0.017578125 0.6455078125 0.03125 0.607421875 0.029296875 0.6064453125 0.017578125
10 0.7626953125 0.021484375 0.763671875 0.037109375 0.720703125 0.037109375 0.7197265625 0.021484375
3 1.6650390625 1.919921875 1.7392578125 0.9892578125 2.6240234375 1.0400390625 2.583984375 1.966796875
6 0.6708984375 0.46484375 1.373046875 0.345703125 1.66015625 1.87109375 0.96484375 2.0087890625
10 2.650390625 1.033203125 2.6669921875 1.033203125 2.6669921875 1.048828125 2.650390625 1.048828125
13 0.833984375 0.798828125 1.3330078125 0.7041015625 1.4931640625 1.5439453125 0.994140625 1.6396484375
4 0.7255859375 1.6650390625 0.8212890625 1.6630859375 0.8212890625 1.86328125 0.7236328125 1.8671875
4 0.5712890625 1.662109375 0.6669921875 1.6640625 0.662109375 1.86328125 0.56640625 1.8642578125
4 0.416015625 1.6591796875 0.509765625 1.66015625 0.5068359375 1.861328125 0.4130859375 1.8603515625
4 0.5751953125 1.3466796875 0.66796875 1.349609375 0.666015625 1.55078125 0.572265625 1.548828125
4 0.4189453125 1.3447265625 0.5126953125 1.3486328125 0.5107421875 1.548828125 0.4150390625 1.548828125
10 2.619140625 0.078125 2.6171875 0.0927734375 2.5791015625 0.0888671875 2.5791015625 0.078125
10 2.646484375 0.5859375 2.6796875 0.5859375 2.6796875 0.6044921875 2.646484375 0.6044921875
10 2.64453125 0.6123046875 2.6787109375 0.6123046875 2.6787109375 0.6298828125 2.64453125 0.6298828125
10 2.64453125 0.634765625 2.677734375 0.634765625 2.677734375 0.6513671875 2.64453125 0.6513671875
10 2.6416015625 0.6572265625 2.6767578125 0.6572265625 2.6767578125 0.673828125 2.6416015625 0.673828125
10 2.650390625 0.7001953125 2.67578125 0.7001953125 2.67578125 0.716796875 2.650390625 0.716796875
10 2.6416015625 0.72265625 2.67578125 0.72265625 2.67578125 0.7431640625 2.6416015625 0.7431640625
10 2.6494140625 0.75 2.6748046875 0.75 2.6748046875 0.763671875 2.6494140625 0.763671875
10 2.6416015625 0.7705078125 2.673828125 0.7705078125 2.673828125 0.7890625 2.6416015625 0.7890625
10 2.6435546875 0.81640625 2.671875 0.81640625 2.671875 0.8330078125 2.6435546875 0.8330078125
10 2.64453125 0.8349609375 2.671875 0.8349609375 2.671875 0.8525390625 2.64453125 0.8525390625
10 2.6416015625 0.853515625 2.6708984375 0.853515625 2.6708984375 0.873046875 2.6416015625 0.873046875
10 2.6396484375 0.875 2.6708984375 0.875 2.6708984375 0.89453125 2.6396484375 0.89453125
10 2.642578125 0.896484375 2.669921875 0.896484375 2.669921875 0.9169921875 2.642578125 0.9169921875
10 2.642578125 0.91796875 2.669921875 0.91796875 2.669921875 0.93359375 2.642578125 0.93359375
10 2.6435546875 0.939453125 2.669921875 0.939453125 2.669921875 0.95703125 2.6435546875 0.95703125
10 2.6396484375 0.958984375 2.6689453125 0.958984375 2.6689453125 0.98046875 2.6396484375 0.98046875
10 2.2734375 0.205078125 2.291015625 0.205078125 2.2900390625 0.2431640625 2.2734375 0.2431640625
10 2.4150390625 0.2119140625 2.4345703125 0.212890625 2.4345703125 0.25390625 2.4169921875 0.2548828125
10 0.7578125 0.0400390625 0.7568359375 0.060546875 0.716796875 0.05859375 0.716796875 0.0400390625
10 2.3984375 2.2578125 2.376953125 2.255859375 2.380859375 2.1982421875 2.40625 2.2001953125
10 1.001953125 2.0205078125 1.0009765625 2.0390625 0.9560546875 2.037109375 0.9560546875 2.0185546875
10 0.9521484375 2.0205078125 0.951171875 2.0390625 0.9072265625 2.037109375 0.908203125 2.0185546875
10 1.3466796875 2.1083984375 1.345703125 2.126953125 1.296875 2.1240234375 1.2978515625 2.1044921875
10 1.7431640625 2.1337890625 1.7431640625 2.115234375 1.7900390625 2.1142578125 1.7890625 2.1337890625
10 1.890625 2.060546875 1.892578125 2.04296875 1.9375 2.046875 1.935546875 2.064453125
10 2.37890625 2.2470703125 2.35546875 2.244140625 2.3623046875 2.1982421875 2.3837890625 2.201171875
10 2.4052734375 2.078125 2.404296875 2.0576171875 2.4462890625 2.0576171875 2.44921875 2.078125
10 0.763671875 0.3564453125 0.7607421875 0.3359375 0.8056640625 0.33203125 0.8076171875 0.353515625
10 2.3046875 2.072265625 2.3046875 2.052734375 2.3447265625 2.0546875 2.3427734375 2.07421875
10 2.26171875 2.103515625 2.2626953125 2.0810546875 2.3076171875 2.0830078125 2.306640625 2.10546875
10 1.455078125 2.0517578125 1.455078125 2.0322265625 1.5009765625 2.03515625 1.4990234375 2.0556640625
10 1.3759765625 2.03125 1.375 2.0517578125 1.330078125 2.05078125 1.330078125 2.0283203125
10 1.275390625 2.029296875 1.2744140625 2.046875 1.2353515625 2.0458984375 1.236328125 2.0263671875
10 1.1865234375 2.04296875 1.1884765625 2.0234375 1.232421875 2.0263671875 1.2294921875 2.0458984375
10 0.822265625 2.0185546875 0.8193359375 2.037109375 0.7744140625 2.033203125 0.77734375 2.013671875
10 0.6328125 2.0126953125 0.630859375 2.0302734375 0.5927734375 2.0283203125 0.5927734375 2.0107421875
10 0.677734375 2.013671875 0.677734375 2.0302734375 0.6376953125 2.0283203125 0.6396484375 2.01171875
10 0.587890625 0.35546875 0.5888671875 0.373046875 0.5498046875 0.375 0.548828125 0.357421875
10 0.9228515625 0.3232421875 0.923828125 0.3408203125 0.8828125 0.3427734375 0.8818359375 0.32421875
10 0.978515625 0.3193359375 0.98046875 0.33984375 0.9365234375 0.3427734375 0.935546875 0.322265625
10 1.044921875 0.3134765625 1.0458984375 0.333984375 1.0009765625 0.3369140625 0.998046875 0.3173828125
10 2.6162109375 0.0966796875 2.6142578125 0.1162109375 2.572265625 0.11328125 2.57421875 0.09375
10 2.5791015625 0.138671875 2.580078125 0.1201171875 2.6220703125 0.1220703125 2.62109375 0.140625
10 1.3271484375 2.029296875 1.32421875 2.05078125 1.2841796875 2.0478515625 1.2861328125 2.02734375
10 0.4833984375 2.0107421875 0.4814453125 2.029296875 0.4365234375 2.0283203125 0.4365234375 2.009765625
10 0.162109375 1.99609375 0.1455078125 1.994140625 0.1513671875 1.9521484375 0.1669921875 1.9541015625
10 0.064453125 2.056640625 0.064453125 2.037109375 0.1064453125 2.0380859375 0.10546875 2.056640625
10 0.1171875 2.0556640625 0.119140625 2.037109375 0.16015625 2.0419921875 0.1572265625 2.0595703125
10 0.185546875 0.517578125 0.1650390625 0.517578125 0.166015625 0.4736328125 0.185546875 0.4736328125
10 0.1181640625 0.1201171875 0.1357421875 0.12109375 0.1357421875 0.1640625 0.1171875 0.1640625
10 0.833984375 0.04296875 0.833984375 0.0625 0.791015625 0.060546875 0.7919921875 0.041015625
10 1.24609375 2.0791015625 1.2451171875 2.0966796875 1.2041015625 2.0947265625 1.205078125 2.076171875
10 0.4130859375 0.0322265625 0.4140625 0.013671875 0.458984375 0.017578125 0.458984375 0.0361328125
10 2.40234375 0.28125 2.41796875 0.287109375 2.40625 0.32421875 2.3896484375 0.3193359375
10 2.529296875 2.0810546875 2.5322265625 2.060546875 2.5751953125 2.064453125 2.5732421875 2.083984375
10 2.3349609375 2.1298828125 2.333984375 2.146484375 2.296875 2.1455078125 2.296875 2.12890625
10 2.2490234375 2.0703125 2.2509765625 2.0537109375 2.2919921875 2.056640625 2.2900390625 2.0751953125
10 2.205078125 2.0712890625 2.2080078125 2.0537109375 2.248046875 2.0576171875 2.2451171875 2.0751953125
10 2.396484375 2.0595703125 2.3955078125 2.0791015625 2.3515625 2.0751953125 2.353515625 2.056640625
10 2.4501953125 2.0791015625 2.451171875 2.060546875 2.4931640625 2.0634765625 2.4912109375 2.08203125
10 2.580078125 2.080078125 2.580078125 2.0625 2.6201171875 2.0625 2.619140625 2.0810546875
10 2.4921875 0.44140625 2.509765625 0.447265625 2.498046875 0.4814453125 2.48046875 0.4755859375
10 0.0849609375 1.1455078125 0.083984375 1.1650390625 0.0380859375 1.1640625 0.0380859375 1.14453125
10 2.474609375 0.4267578125 2.4921875 0.4345703125 2.4775390625 0.4677734375 2.4609375 0.4619140625
10 2.3828125 0.3935546875 2.3994140625 0.400390625 2.3828125 0.4404296875 2.3662109375 0.4345703125
10 2.33984375 0.3828125 2.357421875 0.388671875 2.3447265625 0.423828125 2.3271484375 0.41796875
10 2.3193359375 0.3740234375 2.333984375 0.380859375 2.3203125 0.4130859375 2.3046875 0.4072265625
10 2.296875 0.365234375 2.3125 0.3720703125 2.298828125 0.404296875 2.283203125 0.3994140625
10 2.4482421875 0.2958984375 2.466796875 0.302734375 2.44921875 0.34375 2.4326171875 0.3359375
10 2.0986328125 2.0693359375 2.1005859375 2.0498046875 2.1455078125 2.0546875 2.1435546875 2.0732421875
10 2.05078125 2.0673828125 2.0517578125 2.048828125 2.0908203125 2.05078125 2.0908203125 2.068359375
10 1.794921875 2.130859375 1.794921875 2.1103515625 1.837890625 2.111328125 1.837890625 2.1318359375
10 1.591796875 2.17578125 1.5703125 2.17578125 1.5712890625 2.130859375 1.591796875 2.1318359375
10 1.68359375 2.126953125 1.6845703125 2.107421875 1.73046875 2.111328125 1.728515625 2.130859375
10 1.775390625 2.0634765625 1.775390625 2.0400390625 1.8349609375 2.0419921875 1.833984375 2.0654296875
10 1.724609375 2.05859375 1.7255859375 2.0400390625 1.765625 2.041015625 1.7646484375 2.05859375
10 1.673828125 2.05859375 1.6748046875 2.0380859375 1.71484375 2.0390625 1.71484375 2.0595703125
10 1.6142578125 2.0576171875 1.615234375 2.037109375 1.662109375 2.0390625 1.66015625 2.05859375
10 1.5634765625 2.0556640625 1.564453125 2.0341796875 1.6103515625 2.0380859375 1.6083984375 2.0576171875
10 0.015625 2.05859375 0.0166015625 2.0400390625 0.060546875 2.041015625 0.0595703125 2.060546875
10 0.22265625 2.0869140625 0.2041015625 2.0732421875 0.23046875 2.03515625 0.2490234375 2.0478515625
10 0.580078125 2.0107421875 0.5810546875 2.0302734375 0.5380859375 2.0283203125 0.5390625 2.009765625
10 0.53515625 2.009765625 0.533203125 2.02734375 0.494140625 2.0244140625 0.4951171875 2.0078125
10 0.578125 2.0947265625 0.5751953125 2.1142578125 0.5302734375 2.1083984375 0.5322265625 2.0888671875
10 0.142578125 2.083984375 0.140625 2.107421875 0.080078125 2.1015625 0.08203125 2.080078125
10 0.0595703125 1.4833984375 0.0791015625 1.4833984375 0.078125 1.5244140625 0.0595703125 1.5244140625
4 0.421875 1.0322265625 0.5166015625 1.0322265625 0.513671875 1.234375 0.419921875 1.2353515625
