7 0.7080078125 2.375 0.70703125 2.3896484375 0.5185546875 2.3681640625 0.51953125 2.3544921875
7 2.4365234375 0.4111328125 2.4228515625 0.412109375 2.4267578125 0.318359375 2.4384765625 0.318359375
7 1.0205078125 1.2568359375 1.0078125 1.2607421875 0.994140625 1.1728515625 1.005859375 1.1689453125
7 1.1435546875 1.328125 1.1298828125 1.333984375 1.095703125 1.16796875 1.111328125 1.1640625
7 1.240234375 1.1591796875 1.23046875 1.1669921875 1.205078125 1.107421875 1.2177734375 1.0986328125
7 1.4306640625 0.9970703125 1.419921875 1.0048828125 1.4013671875 0.9658203125 1.412109375 0.95703125
7 1.6689453125 0.806640625 1.6552734375 0.8076171875 1.6552734375 0.7607421875 1.6669921875 0.7607421875
7 1.7451171875 0.75 1.7373046875 0.7587890625 1.708984375 0.724609375 1.71484375 0.71484375
7 1.8193359375 0.6923828125 1.8076171875 0.7001953125 1.7724609375 0.64453125 1.7822265625 0.6318359375
7 1.9482421875 0.51953125 1.9306640625 0.5263671875 1.91796875 0.46484375 1.9306640625 0.4560546875
7 2.037109375 0.4482421875 2.0234375 0.453125 2.0087890625 0.3857421875 2.0224609375 0.3779296875
7 2.1162109375 0.4189453125 2.10546875 0.4189453125 2.107421875 0.3486328125 2.1181640625 0.34765625
7 2.27734375 0.41796875 2.263671875 0.419921875 2.2666015625 0.357421875 2.27734375 0.35546875
7 3.2294921875 0.529296875 3.2109375 0.52734375 3.21875 0.447265625 3.2353515625 0.4482421875
7 0.5732421875 2.615234375 0.578125 2.6279296875 0.46875 2.666015625 0.46484375 2.6552734375
7 3.4853515625 1.7275390625 3.5 1.7158203125 3.55078125 1.7841796875 3.5322265625 1.796875
7 2.2724609375 3.228515625 2.27734375 3.21484375 2.4697265625 3.30859375 2.4619140625 3.3232421875
7 2.2890625 3.431640625 2.2958984375 3.4169921875 2.3623046875 3.451171875 2.3544921875 3.4677734375
7 0.8564453125 2.8505859375 0.86328125 2.861328125 0.75390625 2.943359375 0.748046875 2.9345703125
7 0.98828125 3.0615234375 1.0 3.0703125 0.9599609375 3.119140625 0.9482421875 3.1103515625
7 1.1201171875 3.16015625 1.1279296875 3.1708984375 1.0908203125 3.203125 1.083984375 3.1943359375
7 0.8896484375 2.9658203125 0.8994140625 2.98046875 0.8447265625 3.0146484375 0.8369140625 3.00390625
7 0.759765625 2.716796875 0.76953125 2.728515625 0.6357421875 2.8447265625 0.625 2.833984375
7 0.69921875 2.71875 0.705078125 2.73046875 0.587890625 2.8125 0.5830078125 2.8037109375
7 0.6015625 2.7060546875 0.611328125 2.7216796875 0.537109375 2.7705078125 0.5302734375 2.7578125
7 0.5576171875 2.6640625 0.5625 2.677734375 0.484375 2.705078125 0.478515625 2.6923828125
7 0.953125 1.33203125 0.9404296875 1.33984375 0.8828125 1.2265625 0.892578125 1.2158203125
