0 2.328125 0.205078125 2.20703125 0.208984375 2.208984375 0.0361328125 2.3291015625 0.0400390625
0 1.3916015625 3.84765625 1.4560546875 3.7333984375 1.59765625 3.8154296875 1.53515625 3.916015625
0 1.5302734375 1.24609375 1.5810546875 1.1650390625 1.68359375 1.220703125 1.6328125 1.3017578125
0 1.482421875 1.33203125 1.525390625 1.263671875 1.611328125 1.3134765625 1.56640625 1.3818359375
0 1.4296875 1.4267578125 1.46875 1.353515625 1.5537109375 1.400390625 1.513671875 1.470703125
0 1.322265625 1.611328125 1.3642578125 1.537109375 1.44921875 1.587890625 1.404296875 1.6552734375
0 0.9111328125 1.916015625 0.8388671875 1.962890625 0.7919921875 1.875 0.8603515625 1.8310546875
0 0.833984375 2.0751953125 0.78515625 2.1435546875 0.6982421875 2.099609375 0.7412109375 2.0263671875
0 1.0859375 2.31640625 1.12890625 2.244140625 1.2119140625 2.2919921875 1.171875 2.3603515625
0 0.599609375 2.841796875 0.654296875 2.7607421875 0.7587890625 2.828125 0.7099609375 2.9052734375
0 0.3017578125 2.9140625 0.30078125 2.9921875 0.1962890625 2.9970703125 0.1982421875 2.9169921875
0 0.80078125 4.4384765625 0.7236328125 4.564453125 0.5673828125 4.4794921875 0.646484375 4.3505859375
0 0.12109375 5.0712890625 0.0927734375 5.1767578125 0.0009765625 5.1513671875 0.001953125 5.0419921875
0 1.181640625 3.771484375 1.1123046875 3.876953125 0.9951171875 3.8095703125 1.0673828125 3.69921875
0 1.4609375 3.7236328125 1.5263671875 3.6044921875 1.6708984375 3.689453125 1.60546875 3.796875
0 1.255859375 4.1025390625 1.310546875 4.0107421875 1.4287109375 4.0703125 1.376953125 4.16015625
0 3.001953125 0.685546875 2.93359375 0.7880859375 2.787109375 0.705078125 2.8486328125 0.5986328125
0 1.5537109375 4.3173828125 1.6328125 4.36328125 1.5576171875 4.4833984375 1.4814453125 4.4404296875
0 1.048828125 4.47265625 1.1044921875 4.3798828125 1.2099609375 4.4501953125 1.15625 4.53125
0 1.482421875 3.3173828125 1.37890625 3.4765625 1.201171875 3.3798828125 1.3037109375 3.2138671875
0 1.640625 3.0849609375 1.5107421875 3.2841796875 1.2841796875 3.1572265625 1.412109375 2.951171875
0 1.90234375 2.64453125 1.775390625 2.845703125 1.548828125 2.716796875 1.669921875 2.5126953125
0 1.9853515625 2.4453125 1.9052734375 2.572265625 1.7578125 2.4892578125 1.833984375 2.357421875
0 2.1376953125 2.2001953125 2.021484375 2.3876953125 1.8193359375 2.2705078125 1.927734375 2.0771484375
0 2.24609375 2.00390625 2.1669921875 2.1298828125 1.99609375 2.0361328125 2.0751953125 1.90234375
0 2.3876953125 1.7587890625 2.279296875 1.94921875 2.0947265625 1.84375 2.2080078125 1.65234375
0 2.634765625 1.33984375 2.55859375 1.46484375 2.384765625 1.3720703125 2.46484375 1.2421875
0 2.7578125 1.1201171875 2.6748046875 1.25390625 2.5126953125 1.15234375 2.5888671875 1.0224609375
0 2.3525390625 2.236328125 2.408203125 2.1396484375 2.5224609375 2.2109375 2.46484375 2.2978515625
0 2.3154296875 2.353515625 2.3623046875 2.271484375 2.47265625 2.341796875 2.423828125 2.4140625
0 1.7021484375 0.5478515625 1.6572265625 0.6162109375 1.5703125 0.564453125 1.6123046875 0.4951171875
