0 1.029296875 0.9541015625 1.138671875 0.892578125 1.212890625 1.009765625 1.107421875 1.0703125
0 1.2685546875 0.78125 1.37890625 0.72265625 1.4619140625 0.8662109375 1.349609375 0.92578125
0 1.5185546875 0.6640625 1.6201171875 0.595703125 1.7041015625 0.720703125 1.59375 0.7822265625
0 1.751953125 0.51953125 1.8623046875 0.45703125 1.9345703125 0.578125 1.82421875 0.6435546875
0 2.1591796875 0.3115234375 2.26171875 0.24609375 2.3388671875 0.365234375 2.244140625 0.431640625
0 1.994140625 0.4619140625 2.1005859375 0.388671875 2.185546875 0.5126953125 2.0830078125 0.578125
0 0.123046875 1.416015625 0.1982421875 1.525390625 0.072265625 1.609375 0.0068359375 1.5
0 0.830078125 1.126953125 0.931640625 1.0615234375 1.0029296875 1.1767578125 0.900390625 1.23828125
0 0.67578125 1.2197265625 0.77734375 1.1533203125 0.84765625 1.2685546875 0.744140625 1.33203125
0 0.28125 1.4599609375 0.3857421875 1.3984375 0.45703125 1.5185546875 0.3505859375 1.578125
0 0.537109375 1.30078125 0.65234375 1.2333984375 0.724609375 1.353515625 0.6083984375 1.4228515625
