10 2.779296875 1.0224609375 2.77734375 1.005859375 2.7978515625 1.0078125 2.7978515625 1.021484375
10 2.5234375 2.91796875 2.51171875 2.9248046875 2.49609375 2.8994140625 2.5078125 2.890625
9 1.7890625 2.2109375 1.771484375 2.22265625 1.732421875 2.1533203125 1.7490234375 2.140625
10 1.8720703125 2.2080078125 1.859375 2.216796875 1.8447265625 2.193359375 1.857421875 2.18359375
9 1.5595703125 0.8994140625 1.572265625 0.8896484375 1.61328125 0.9580078125 1.5947265625 0.970703125
9 1.583984375 0.8798828125 1.599609375 0.87109375 1.634765625 0.931640625 1.62109375 0.9423828125
9 1.62109375 0.87109375 1.634765625 0.861328125 1.6904296875 0.9521484375 1.673828125 0.9658203125
9 1.7109375 0.830078125 1.7255859375 0.8173828125 1.7841796875 0.896484375 1.7607421875 0.912109375
9 2.0439453125 0.6162109375 2.0654296875 0.6015625 2.1240234375 0.7001953125 2.0986328125 0.7119140625
10 1.8935546875 0.529296875 1.8828125 0.53515625 1.8701171875 0.515625 1.880859375 0.5078125
9 1.953125 0.5625 1.962890625 0.580078125 1.80859375 0.6748046875 1.7998046875 0.66015625
9 2.228515625 0.45703125 2.2138671875 0.466796875 2.1796875 0.4111328125 2.193359375 0.3994140625
10 1.4287109375 0.6455078125 1.4345703125 0.6572265625 1.40234375 0.677734375 1.396484375 0.6650390625
10 2.1748046875 0.2529296875 2.189453125 0.265625 2.15625 0.2880859375 2.146484375 0.2763671875
10 2.1171875 0.3798828125 2.12890625 0.37109375 2.1474609375 0.4013671875 2.1328125 0.408203125
10 2.1748046875 0.3359375 2.1875 0.328125 2.2080078125 0.3603515625 2.193359375 0.3681640625
10 2.5107421875 2.8935546875 2.5234375 2.88671875 2.5380859375 2.91015625 2.52734375 2.9150390625
10 2.7470703125 0.96875 2.7451171875 0.955078125 2.78125 0.9521484375 2.7841796875 0.966796875
10 2.52734375 2.8818359375 2.5380859375 2.873046875 2.5537109375 2.900390625 2.5419921875 2.908203125
9 2.37109375 1.9501953125 2.3623046875 1.9365234375 2.4677734375 1.869140625 2.4775390625 1.884765625
10 2.423828125 0.7607421875 2.43359375 0.7724609375 2.404296875 0.791015625 2.3955078125 0.775390625
10 2.498046875 0.779296875 2.486328125 0.7861328125 2.4697265625 0.7607421875 2.482421875 0.7529296875
10 2.443359375 0.7880859375 2.451171875 0.802734375 2.423828125 0.822265625 2.4130859375 0.80859375
10 2.51171875 0.904296875 2.51953125 0.9169921875 2.490234375 0.9365234375 2.482421875 0.9248046875
10 2.5419921875 1.01171875 2.5322265625 0.9990234375 2.5537109375 0.9833984375 2.564453125 0.9970703125
10 2.7021484375 0.841796875 2.6923828125 0.8505859375 2.671875 0.8251953125 2.68359375 0.814453125
10 2.2919921875 0.208984375 2.2880859375 0.2001953125 2.31640625 0.1884765625 2.318359375 0.197265625
10 2.2978515625 0.228515625 2.2919921875 0.2177734375 2.31640625 0.2060546875 2.322265625 0.21484375
10 2.3076171875 0.2470703125 2.298828125 0.2373046875 2.3232421875 0.220703125 2.328125 0.23046875
10 2.3515625 0.310546875 2.3427734375 0.298828125 2.3759765625 0.28125 2.3828125 0.2919921875
10 2.3515625 0.3251953125 2.34765625 0.314453125 2.3740234375 0.30078125 2.380859375 0.3095703125
10 2.3642578125 0.33984375 2.3564453125 0.3310546875 2.380859375 0.31640625 2.3876953125 0.3232421875
9 1.7626953125 2.2138671875 1.7470703125 2.22265625 1.705078125 2.15234375 1.720703125 2.1435546875
9 1.736328125 2.2138671875 1.720703125 2.2255859375 1.677734375 2.154296875 1.6943359375 2.1455078125
9 1.7177734375 2.234375 1.7021484375 2.2451171875 1.66015625 2.1748046875 1.67578125 2.166015625
9 1.7373046875 2.3173828125 1.7216796875 2.3271484375 1.6806640625 2.259765625 1.6982421875 2.25
9 0.783203125 2.2216796875 0.7861328125 2.205078125 0.8515625 2.2265625 0.84765625 2.2431640625
9 0.8095703125 2.2041015625 0.8115234375 2.1875 0.880859375 2.208984375 0.875 2.224609375
9 0.8369140625 2.19140625 0.83984375 2.1728515625 0.9052734375 2.1875 0.9033203125 2.2099609375
9 0.8720703125 2.1767578125 0.8759765625 2.1591796875 0.9287109375 2.1767578125 0.9248046875 2.19140625
9 0.8857421875 2.1591796875 0.88671875 2.142578125 0.9560546875 2.158203125 0.9521484375 2.1767578125
9 0.9169921875 2.142578125 0.91796875 2.1240234375 0.986328125 2.140625 0.9814453125 2.16015625
9 0.943359375 2.125 0.9462890625 2.1083984375 1.0146484375 2.1240234375 1.0107421875 2.1435546875
9 0.9736328125 2.1103515625 0.9775390625 2.0908203125 1.0380859375 2.1064453125 1.033203125 2.1240234375
9 0.9970703125 2.0927734375 0.9990234375 2.076171875 1.0703125 2.091796875 1.064453125 2.1083984375
9 1.0205078125 2.076171875 1.0224609375 2.0576171875 1.09375 2.0703125 1.0908203125 2.0888671875
10 0.9580078125 1.291015625 0.9677734375 1.3056640625 0.9306640625 1.330078125 0.9208984375 1.314453125
10 0.916015625 1.3095703125 0.9091796875 1.296875 0.9541015625 1.2685546875 0.9638671875 1.2841796875
9 1.169921875 1.1591796875 1.1796875 1.1728515625 1.12109375 1.2099609375 1.111328125 1.1943359375
9 1.16015625 1.1357421875 1.1728515625 1.1513671875 1.103515625 1.1943359375 1.09375 1.1796875
9 1.1826171875 1.1787109375 1.19140625 1.1923828125 1.134765625 1.2294921875 1.123046875 1.212890625
9 1.1591796875 1.2373046875 1.15234375 1.22265625 1.19921875 1.1962890625 1.2080078125 1.2138671875
9 1.20703125 1.21484375 1.2158203125 1.228515625 1.1708984375 1.2568359375 1.162109375 1.2421875
9 0.875 0.9931640625 0.888671875 0.9873046875 0.9111328125 1.0224609375 0.8955078125 1.033203125
9 0.8994140625 0.9912109375 0.9130859375 0.9853515625 0.9404296875 1.0283203125 0.9228515625 1.0380859375
10 1.962890625 3.228515625 1.9765625 3.220703125 1.9912109375 3.2470703125 1.9775390625 3.25390625
9 1.4501953125 2.3896484375 1.4345703125 2.400390625 1.3984375 2.3408203125 1.41796875 2.33203125
9 1.46875 2.375 1.4560546875 2.3857421875 1.4189453125 2.328125 1.435546875 2.3193359375
9 1.5009765625 2.3828125 1.4833984375 2.392578125 1.4443359375 2.32421875 1.4609375 2.314453125
9 1.5361328125 2.33984375 1.5185546875 2.3505859375 1.4833984375 2.287109375 1.501953125 2.275390625
9 1.55859375 2.32421875 1.54296875 2.3310546875 1.50390625 2.2646484375 1.5205078125 2.255859375
9 1.583984375 2.314453125 1.5673828125 2.326171875 1.52734375 2.2626953125 1.5458984375 2.251953125
9 1.603515625 2.296875 1.587890625 2.306640625 1.546875 2.2392578125 1.5625 2.23046875
9 1.62890625 2.291015625 1.61328125 2.2998046875 1.5732421875 2.2333984375 1.5908203125 2.2236328125
9 1.693359375 2.34375 1.67578125 2.35546875 1.6357421875 2.2841796875 1.654296875 2.2734375
10 2.3701171875 0.3544921875 2.365234375 0.3466796875 2.38671875 0.330078125 2.39453125 0.33984375
10 2.3828125 0.3701171875 2.376953125 0.357421875 2.396484375 0.3447265625 2.4052734375 0.353515625
10 2.390625 0.3828125 2.3828125 0.3720703125 2.41015625 0.357421875 2.416015625 0.3662109375
10 2.44140625 0.46484375 2.43359375 0.453125 2.4609375 0.43359375 2.46875 0.443359375
10 2.4501953125 0.482421875 2.44140625 0.470703125 2.46484375 0.4521484375 2.47265625 0.46484375
10 2.478515625 0.462890625 2.4716796875 0.451171875 2.4970703125 0.4375 2.50390625 0.447265625
10 2.51171875 0.443359375 2.501953125 0.43359375 2.5302734375 0.4130859375 2.5390625 0.423828125
10 2.501953125 0.427734375 2.4970703125 0.4189453125 2.5205078125 0.40234375 2.5263671875 0.4111328125
10 2.4853515625 0.4765625 2.48046875 0.466796875 2.5068359375 0.4482421875 2.513671875 0.4580078125
10 2.4560546875 0.494140625 2.451171875 0.4833984375 2.4736328125 0.46875 2.48046875 0.4794921875
10 2.533203125 0.4091796875 2.525390625 0.3994140625 2.556640625 0.380859375 2.5615234375 0.388671875
10 2.51953125 0.45703125 2.509765625 0.4462890625 2.5380859375 0.427734375 2.546875 0.439453125
10 2.4677734375 0.5107421875 2.4580078125 0.4970703125 2.4814453125 0.48046875 2.4912109375 0.4912109375
10 2.4765625 0.5244140625 2.470703125 0.5146484375 2.4951171875 0.49609375 2.5009765625 0.50390625
10 2.529296875 0.466796875 2.525390625 0.4580078125 2.55078125 0.44140625 2.5576171875 0.4521484375
10 2.49609375 0.48828125 2.4892578125 0.48046875 2.51171875 0.462890625 2.51953125 0.4736328125
10 2.4951171875 0.5537109375 2.490234375 0.5439453125 2.5126953125 0.5283203125 2.5185546875 0.5361328125
10 2.5068359375 0.51171875 2.5126953125 0.51953125 2.4873046875 0.5390625 2.482421875 0.5283203125
10 2.5185546875 0.544921875 2.5263671875 0.5546875 2.5 0.5703125 2.494140625 0.5625
10 2.537109375 0.5703125 2.5458984375 0.58203125 2.521484375 0.5986328125 2.5166015625 0.5888671875
10 2.5283203125 0.55859375 2.5322265625 0.568359375 2.5126953125 0.583984375 2.5029296875 0.57421875
10 2.5537109375 0.5185546875 2.5595703125 0.5263671875 2.5302734375 0.5498046875 2.5234375 0.5400390625
10 2.9208984375 1.3330078125 2.9296875 1.34375 2.90234375 1.36328125 2.8935546875 1.349609375
10 2.951171875 1.380859375 2.9560546875 1.3896484375 2.931640625 1.4052734375 2.923828125 1.3955078125
10 2.9609375 1.3955078125 2.9697265625 1.404296875 2.9423828125 1.421875 2.93359375 1.4130859375
10 2.96875 1.4130859375 2.974609375 1.421875 2.94921875 1.4404296875 2.9404296875 1.427734375
10 2.9833984375 1.42578125 2.990234375 1.435546875 2.9638671875 1.453125 2.95703125 1.4423828125
10 2.9951171875 1.439453125 3.0 1.4501953125 2.966796875 1.4697265625 2.9619140625 1.4599609375
10 3.0029296875 1.458984375 3.0078125 1.466796875 2.9794921875 1.48828125 2.970703125 1.47265625
10 2.99609375 1.2890625 3.001953125 1.3017578125 2.9716796875 1.31640625 2.9677734375 1.3046875
10 3.005859375 1.3037109375 3.0146484375 1.31640625 2.986328125 1.3310546875 2.9794921875 1.318359375
10 3.0234375 1.333984375 3.03125 1.34375 3.00390625 1.36328125 2.99609375 1.3515625
10 3.02734375 1.35546875 3.0322265625 1.365234375 3.013671875 1.3798828125 3.005859375 1.3681640625
10 2.4736328125 0.4453125 2.4638671875 0.4345703125 2.4912109375 0.416015625 2.4990234375 0.4267578125
10 2.431640625 0.44921875 2.42578125 0.4404296875 2.451171875 0.423828125 2.458984375 0.4326171875
10 2.3955078125 0.396484375 2.390625 0.3857421875 2.4140625 0.3740234375 2.4189453125 0.3828125
10 2.46484375 0.431640625 2.4580078125 0.4208984375 2.482421875 0.408203125 2.48828125 0.416015625
10 2.3857421875 0.3076171875 2.3798828125 0.294921875 2.40234375 0.2822265625 2.4091796875 0.2919921875
10 2.3916015625 0.322265625 2.3876953125 0.3115234375 2.412109375 0.2958984375 2.4189453125 0.3056640625
10 2.3984375 0.337890625 2.390625 0.330078125 2.416015625 0.3115234375 2.421875 0.3203125
10 2.41015625 0.34765625 2.4052734375 0.33984375 2.4296875 0.32421875 2.4365234375 0.330078125
10 2.42578125 0.3056640625 2.41796875 0.294921875 2.44140625 0.2783203125 2.451171875 0.287109375
10 2.4296875 0.3212890625 2.421875 0.310546875 2.447265625 0.294921875 2.455078125 0.3037109375
10 2.44140625 0.330078125 2.435546875 0.3212890625 2.4609375 0.3046875 2.4677734375 0.3125
10 2.474609375 0.3125 2.46875 0.3037109375 2.4951171875 0.2861328125 2.5029296875 0.294921875
10 2.4248046875 0.365234375 2.416015625 0.353515625 2.4404296875 0.3388671875 2.44921875 0.34765625
10 2.4267578125 0.3828125 2.419921875 0.369140625 2.443359375 0.3564453125 2.453125 0.3662109375
10 2.45703125 0.345703125 2.4482421875 0.3310546875 2.48046875 0.3173828125 2.4873046875 0.3271484375
10 2.4560546875 0.3662109375 2.4501953125 0.35546875 2.4775390625 0.3408203125 2.4833984375 0.34765625
10 2.4912109375 0.3251953125 2.4853515625 0.3125 2.5068359375 0.30078125 2.5146484375 0.30859375
10 2.515625 0.330078125 2.5107421875 0.3193359375 2.5322265625 0.3056640625 2.5400390625 0.314453125
10 2.4052734375 0.41015625 2.400390625 0.3984375 2.42578125 0.3857421875 2.4345703125 0.3955078125
10 2.4169921875 0.423828125 2.41015625 0.4130859375 2.4375 0.3984375 2.443359375 0.408203125
10 2.421875 0.4365234375 2.416015625 0.423828125 2.4453125 0.4091796875 2.451171875 0.41796875
10 2.4375 0.3955078125 2.4296875 0.3828125 2.4541015625 0.3671875 2.4638671875 0.37890625
10 2.447265625 0.4072265625 2.4404296875 0.3974609375 2.466796875 0.380859375 2.47265625 0.390625
10 2.455078125 0.419921875 2.4462890625 0.4091796875 2.470703125 0.39453125 2.478515625 0.404296875
10 2.46875 0.3779296875 2.462890625 0.3671875 2.4853515625 0.35546875 2.4921875 0.36328125
10 2.4814453125 0.390625 2.4736328125 0.3818359375 2.49609375 0.3642578125 2.5029296875 0.3740234375
10 2.4892578125 0.34765625 2.48046875 0.3369140625 2.5029296875 0.3203125 2.509765625 0.3310546875
10 2.49609375 0.3623046875 2.4892578125 0.3505859375 2.5126953125 0.3349609375 2.521484375 0.3466796875
10 2.5078125 0.3720703125 2.501953125 0.36328125 2.5263671875 0.34765625 2.533203125 0.35546875
10 2.5234375 0.34375 2.51953125 0.3349609375 2.5419921875 0.3193359375 2.5498046875 0.3271484375
10 2.5390625 0.3544921875 2.5341796875 0.3427734375 2.556640625 0.3271484375 2.564453125 0.3349609375
10 2.4814453125 0.4052734375 2.4755859375 0.3955078125 2.501953125 0.376953125 2.5087890625 0.3857421875
10 2.4951171875 0.4150390625 2.486328125 0.404296875 2.5126953125 0.388671875 2.5205078125 0.3984375
9 0.73046875 2.23046875 0.7353515625 2.2109375 0.8076171875 2.2353515625 0.802734375 2.25390625
