0 0.8203125 2.54296875 0.9326171875 2.330078125 1.1748046875 2.453125 1.0537109375 2.6689453125
10 0.1455078125 0.8759765625 0.1318359375 0.8828125 0.119140625 0.857421875 0.134765625 0.8505859375
10 0.173828125 0.9765625 0.1611328125 0.974609375 0.1630859375 0.9482421875 0.1767578125 0.9501953125
10 0.90234375 1.8486328125 0.9140625 1.8505859375 0.9091796875 1.8818359375 0.89453125 1.87890625
10 0.8876953125 1.8447265625 0.8984375 1.849609375 0.8876953125 1.875 0.8759765625 1.8720703125
10 0.8115234375 2.1396484375 0.7958984375 2.134765625 0.802734375 2.107421875 0.81640625 2.111328125
10 0.22265625 3.0576171875 0.2158203125 3.04296875 0.24609375 3.029296875 0.251953125 3.0400390625
10 0.1669921875 3.19921875 0.16015625 3.2109375 0.125 3.193359375 0.1328125 3.177734375
9 0.0673828125 1.658203125 0.0849609375 1.662109375 0.06640625 1.744140625 0.046875 1.7392578125
9 0.123046875 1.4248046875 0.138671875 1.4306640625 0.1220703125 1.5126953125 0.103515625 1.5078125
10 0.0654296875 1.431640625 0.0498046875 1.4287109375 0.0576171875 1.392578125 0.0751953125 1.396484375
10 0.12890625 1.1064453125 0.142578125 1.109375 0.1337890625 1.1357421875 0.1220703125 1.1328125
10 0.125 1.09375 0.111328125 1.0849609375 0.125 1.0556640625 0.1396484375 1.0654296875
10 0.041015625 0.94921875 0.02734375 0.9462890625 0.0341796875 0.9150390625 0.0498046875 0.9189453125
10 0.015625 0.7548828125 0.025390625 0.763671875 0.0078125 0.7841796875 0.00390625 0.7646484375
10 0.080078125 0.7294921875 0.068359375 0.73828125 0.0478515625 0.71875 0.056640625 0.70703125
10 0.130859375 0.7822265625 0.1181640625 0.7890625 0.099609375 0.76953125 0.1123046875 0.7607421875
10 0.23828125 0.7099609375 0.2255859375 0.720703125 0.2021484375 0.69921875 0.2109375 0.6865234375
10 0.251953125 0.6943359375 0.2421875 0.705078125 0.21875 0.685546875 0.228515625 0.6728515625
10 0.072265625 0.4716796875 0.0634765625 0.48046875 0.0419921875 0.46484375 0.0517578125 0.453125
10 0.083984375 0.453125 0.0732421875 0.46484375 0.0517578125 0.4443359375 0.064453125 0.4326171875
10 0.111328125 0.42578125 0.1015625 0.4326171875 0.0830078125 0.416015625 0.0908203125 0.4052734375
10 0.49609375 0.4912109375 0.505859375 0.4990234375 0.4853515625 0.5263671875 0.4716796875 0.515625
10 0.486328125 0.4716796875 0.4970703125 0.478515625 0.474609375 0.505859375 0.462890625 0.4951171875
10 0.4345703125 0.4716796875 0.455078125 0.443359375 0.46875 0.4560546875 0.4453125 0.4814453125
0 0.2490234375 3.779296875 0.4306640625 3.705078125 0.5166015625 3.9287109375 0.3388671875 4.0068359375
0 0.4033203125 3.3095703125 0.7626953125 3.1201171875 0.9638671875 3.4677734375 0.625 3.69140625
0 2.1318359375 3.169921875 2.0380859375 3.591796875 1.63671875 3.4736328125 1.7529296875 3.076171875
0 2.3017578125 2.701171875 2.16796875 2.9345703125 1.923828125 2.794921875 2.0576171875 2.5791015625
10 0.1767578125 0.8876953125 0.16015625 0.892578125 0.1513671875 0.8623046875 0.169921875 0.8564453125
10 0.1572265625 0.8369140625 0.1455078125 0.84375 0.130859375 0.8203125 0.14453125 0.8115234375
0 1.0146484375 2.3349609375 1.1318359375 2.119140625 1.34375 2.22265625 1.2333984375 2.4443359375
10 0.3857421875 0.8955078125 0.3740234375 0.88671875 0.4033203125 0.859375 0.4130859375 0.87109375
0 1.2470703125 1.3349609375 1.1748046875 0.939453125 1.572265625 0.87109375 1.6796875 1.2666015625
0 1.197265625 0.9306640625 1.0107421875 0.7646484375 1.1943359375 0.5693359375 1.3798828125 0.7275390625
0 0.7060546875 0.556640625 0.5068359375 0.48828125 0.5966796875 0.2490234375 0.7763671875 0.30078125
0 0.494140625 0.3828125 0.29296875 0.3427734375 0.3427734375 0.0908203125 0.53515625 0.11328125
10 1.05078125 1.6240234375 1.05859375 1.615234375 1.0830078125 1.6337890625 1.0751953125 1.6416015625
10 1.083984375 1.654296875 1.091796875 1.64453125 1.1171875 1.6611328125 1.109375 1.6708984375
10 1.0419921875 1.6259765625 1.068359375 1.6435546875 1.05859375 1.6572265625 1.033203125 1.6376953125
10 1.06640625 1.6640625 1.0751953125 1.650390625 1.103515625 1.671875 1.095703125 1.681640625
10 0.7861328125 0.71484375 0.7978515625 0.72265625 0.779296875 0.7451171875 0.76953125 0.736328125
10 0.755859375 0.7099609375 0.7470703125 0.7001953125 0.767578125 0.67578125 0.7783203125 0.685546875
10 0.66796875 0.6474609375 0.654296875 0.63671875 0.6796875 0.609375 0.6904296875 0.62109375
10 0.3203125 0.6767578125 0.3076171875 0.6904296875 0.283203125 0.669921875 0.2939453125 0.6533203125
10 0.3330078125 0.6640625 0.3232421875 0.6748046875 0.296875 0.6513671875 0.30859375 0.6396484375
10 0.345703125 0.65234375 0.333984375 0.6640625 0.3095703125 0.640625 0.3203125 0.6318359375
10 0.3701171875 0.626953125 0.3583984375 0.6181640625 0.3759765625 0.59765625 0.384765625 0.607421875
10 0.3798828125 0.6396484375 0.3681640625 0.6279296875 0.38671875 0.607421875 0.3974609375 0.619140625
10 0.390625 0.6513671875 0.380859375 0.6396484375 0.3994140625 0.6201171875 0.41015625 0.62890625
10 0.404296875 0.6591796875 0.3935546875 0.6533203125 0.4111328125 0.630859375 0.421875 0.6396484375
10 0.4990234375 0.7548828125 0.48828125 0.744140625 0.505859375 0.72265625 0.5185546875 0.732421875
10 0.48828125 0.7412109375 0.4755859375 0.73046875 0.498046875 0.7109375 0.5078125 0.720703125
10 0.490234375 0.77734375 0.4990234375 0.7666015625 0.51953125 0.7890625 0.509765625 0.7998046875
10 0.482421875 0.796875 0.4921875 0.78515625 0.5146484375 0.80859375 0.5029296875 0.818359375
10 0.4755859375 0.8115234375 0.484375 0.802734375 0.5048828125 0.822265625 0.494140625 0.8310546875
10 0.4609375 0.8408203125 0.466796875 0.83203125 0.490234375 0.8525390625 0.4833984375 0.8623046875
10 0.4072265625 0.8466796875 0.396484375 0.837890625 0.419921875 0.8154296875 0.4306640625 0.8251953125
10 0.423828125 0.8671875 0.4091796875 0.8515625 0.4345703125 0.826171875 0.44921875 0.8408203125
10 0.369140625 0.8818359375 0.3583984375 0.869140625 0.3828125 0.8486328125 0.3935546875 0.8583984375
0 1.1875 1.69140625 1.2255859375 1.2919921875 1.6689453125 1.3515625 1.6064453125 1.7666015625
