0 1.732421875 1.67578125 1.767578125 1.6025390625 1.8212890625 1.6259765625 1.791015625 1.7041015625
0 1.775390625 1.5849609375 1.8095703125 1.5146484375 1.861328125 1.5341796875 1.826171875 1.6103515625
10 2.2578125 0.640625 2.2646484375 0.62890625 2.2958984375 0.642578125 2.2890625 0.65625
10 2.2529296875 0.658203125 2.2587890625 0.6474609375 2.2890625 0.6611328125 2.2841796875 0.6748046875
10 2.2470703125 0.67578125 2.2509765625 0.6640625 2.27734375 0.673828125 2.271484375 0.6875
10 2.2373046875 0.689453125 2.2421875 0.6787109375 2.275390625 0.6943359375 2.2685546875 0.7060546875
10 2.2255859375 0.71875 2.2294921875 0.708984375 2.2568359375 0.720703125 2.251953125 0.7333984375
10 2.21484375 0.736328125 2.2216796875 0.7255859375 2.2470703125 0.740234375 2.2421875 0.751953125
10 2.193359375 0.7861328125 2.19921875 0.7734375 2.2333984375 0.7861328125 2.228515625 0.798828125
0 2.259765625 1.56640625 2.2802734375 1.494140625 2.33203125 1.5029296875 2.314453125 1.5791015625
0 2.8486328125 1.21875 2.787109375 1.17578125 2.8134765625 1.1376953125 2.8798828125 1.185546875
0 2.7412109375 1.1953125 2.673828125 1.2119140625 2.66015625 1.1591796875 2.7333984375 1.1455078125
0 2.625 1.3544921875 2.5595703125 1.265625 2.6220703125 1.21875 2.6943359375 1.306640625
0 2.5029296875 1.2685546875 2.4384765625 1.2392578125 2.4501953125 1.1953125 2.51953125 1.21875
0 2.4091796875 1.2490234375 2.33984375 1.21875 2.3564453125 1.1767578125 2.42578125 1.2001953125
0 2.3291015625 1.1875 2.2626953125 1.16015625 2.2744140625 1.1162109375 2.3486328125 1.1376953125
0 2.23828125 1.150390625 2.1728515625 1.1201171875 2.1884765625 1.0771484375 2.2548828125 1.1005859375
0 1.865234375 1.3896484375 1.8896484375 1.3212890625 1.9384765625 1.3359375 1.9208984375 1.408203125
0 1.8203125 1.48828125 1.841796875 1.416015625 1.8974609375 1.42578125 1.884765625 1.501953125
10 2.275390625 0.82421875 2.279296875 0.8115234375 2.310546875 0.8232421875 2.3076171875 0.8359375
10 2.28125 0.8076171875 2.28515625 0.794921875 2.314453125 0.806640625 2.3115234375 0.8173828125
10 2.2900390625 0.7900390625 2.2958984375 0.77734375 2.328125 0.79296875 2.3212890625 0.8056640625
0 1.2216796875 0.75 1.1943359375 0.6630859375 1.255859375 0.64453125 1.2841796875 0.7236328125
0 1.5361328125 1.583984375 1.5703125 1.5087890625 1.626953125 1.53125 1.591796875 1.61328125
0 1.33203125 1.50390625 1.373046875 1.4189453125 1.435546875 1.443359375 1.3994140625 1.529296875
0 1.486328125 1.3486328125 1.451171875 1.4326171875 1.3876953125 1.4072265625 1.427734375 1.322265625
0 1.470703125 1.208984375 1.5029296875 1.1328125 1.556640625 1.158203125 1.52734375 1.234375
0 2.0458984375 1.0595703125 1.970703125 1.025390625 1.9921875 0.9765625 2.068359375 1.0078125
0 1.8818359375 0.97265625 1.802734375 0.98828125 1.7890625 0.921875 1.87109375 0.90625
0 1.3515625 0.7392578125 1.275390625 0.771484375 1.2509765625 0.7109375 1.3310546875 0.6787109375
0 0.462890625 0.7841796875 0.384765625 0.75 0.41015625 0.697265625 0.4892578125 0.7314453125
10 2.302734375 0.775390625 2.3076171875 0.765625 2.3330078125 0.77734375 2.328125 0.787109375
10 2.2646484375 0.623046875 2.2685546875 0.609375 2.2998046875 0.623046875 2.294921875 0.634765625
10 2.380859375 0.681640625 2.373046875 0.6953125 2.33984375 0.6796875 2.3486328125 0.6650390625
10 2.333984375 0.69140625 2.3388671875 0.6796875 2.365234375 0.693359375 2.359375 0.7060546875
10 2.3623046875 0.7099609375 2.3564453125 0.7236328125 2.326171875 0.7099609375 2.3310546875 0.6953125
10 2.3544921875 0.7265625 2.34765625 0.7412109375 2.3154296875 0.7255859375 2.3232421875 0.7109375
10 2.3505859375 0.7421875 2.3466796875 0.755859375 2.310546875 0.744140625 2.3154296875 0.7314453125
10 2.306640625 0.7578125 2.3125 0.748046875 2.3408203125 0.7626953125 2.3359375 0.771484375
0 1.6103515625 1.396484375 1.640625 1.3115234375 1.7099609375 1.33203125 1.685546875 1.423828125
