10 0.0361328125 0.8359375 0.029296875 0.8359375 0.0283203125 0.8203125 0.03515625 0.8203125
10 0.232421875 0.7841796875 0.236328125 0.7783203125 0.25 0.7880859375 0.244140625 0.794921875
6 1.134765625 0.56640625 1.4931640625 0.5625 1.4765625 1.2470703125 1.123046875 1.2373046875
13 1.1865234375 0.7177734375 1.4365234375 0.7197265625 1.431640625 1.099609375 1.1796875 1.0947265625
3 0.4111328125 1.2841796875 0.396484375 1.1044921875 0.5830078125 1.099609375 0.58984375 1.2646484375
4 0.720703125 0.625 0.7578125 0.62890625 0.759765625 0.7138671875 0.7177734375 0.7158203125
4 0.66015625 0.625 0.697265625 0.62890625 0.697265625 0.7109375 0.6572265625 0.7109375
4 0.6005859375 0.6259765625 0.63671875 0.6259765625 0.6337890625 0.7119140625 0.5966796875 0.7099609375
4 0.5390625 0.625 0.5751953125 0.6259765625 0.57421875 0.7080078125 0.53515625 0.7119140625
4 0.4794921875 0.623046875 0.5185546875 0.6259765625 0.517578125 0.7080078125 0.4775390625 0.708984375
4 0.4189453125 0.6220703125 0.45703125 0.625 0.458984375 0.7080078125 0.419921875 0.70703125
4 0.357421875 0.6201171875 0.3955078125 0.62109375 0.3935546875 0.7080078125 0.3544921875 0.70703125
4 0.2958984375 0.6181640625 0.3359375 0.62109375 0.3369140625 0.705078125 0.296875 0.7060546875
