10 0.125 1.0068359375 0.154296875 0.984375 0.1630859375 0.99609375 0.1328125 1.01953125
0 0.888671875 1.31640625 0.953125 1.271484375 0.9873046875 1.32421875 0.9248046875 1.3671875
0 1.5341796875 1.419921875 1.4619140625 1.4736328125 1.4072265625 1.388671875 1.484375 1.337890625
0 0.91796875 1.8642578125 0.8623046875 1.791015625 0.91796875 1.75390625 0.9677734375 1.828125
0 0.8544921875 1.7822265625 0.810546875 1.71484375 0.865234375 1.68359375 0.9111328125 1.751953125
0 0.7626953125 1.95703125 0.720703125 1.896484375 0.765625 1.865234375 0.8125 1.9189453125
0 0.71484375 1.8876953125 0.6689453125 1.830078125 0.71484375 1.796875 0.76171875 1.8564453125
0 1.26171875 1.2685546875 1.322265625 1.2255859375 1.3486328125 1.265625 1.2890625 1.3056640625
0 1.1025390625 1.388671875 1.16015625 1.34765625 1.193359375 1.390625 1.1328125 1.4345703125
0 1.021484375 1.4453125 1.08203125 1.4033203125 1.111328125 1.44921875 1.0546875 1.4912109375
0 0.775390625 1.62890625 0.8447265625 1.578125 0.875 1.625 0.8037109375 1.673828125
0 0.6982421875 1.6826171875 0.76171875 1.6376953125 0.7900390625 1.6806640625 0.7275390625 1.7265625
0 0.625 1.73828125 0.6845703125 1.69140625 0.71875 1.740234375 0.65234375 1.7822265625
0 1.255859375 1.0498046875 1.3203125 0.9990234375 1.3603515625 1.0517578125 1.2939453125 1.1005859375
0 0.744140625 1.421875 0.796875 1.380859375 0.8310546875 1.4296875 0.779296875 1.46875
0 1.416015625 0.6796875 1.357421875 0.6123046875 1.41015625 0.55859375 1.4716796875 0.626953125
0 0.666015625 1.48046875 0.724609375 1.4384765625 0.74609375 1.48828125 0.69140625 1.5224609375
0 0.5947265625 1.533203125 0.6533203125 1.4873046875 0.6904296875 1.541015625 0.62890625 1.5869140625
0 0.509765625 1.5927734375 0.5732421875 1.544921875 0.6103515625 1.59375 0.5478515625 1.6416015625
0 1.126953125 0.9013671875 1.076171875 0.83203125 1.1201171875 0.796875 1.171875 0.859375
0 1.0654296875 0.8193359375 1.0166015625 0.76171875 1.056640625 0.7255859375 1.109375 0.78125
0 1.0234375 0.96484375 0.958984375 1.0078125 0.92578125 0.9619140625 0.9921875 0.9228515625
0 0.9404296875 1.0234375 0.8740234375 1.076171875 0.83203125 1.03125 0.90625 0.9736328125
0 0.7734375 1.15625 0.7080078125 1.2080078125 0.6640625 1.158203125 0.7421875 1.10546875
0 0.666015625 1.23046875 0.6015625 1.2890625 0.5576171875 1.2412109375 0.6328125 1.18359375
0 0.2265625 1.451171875 0.26953125 1.5166015625 0.2265625 1.5546875 0.1796875 1.4853515625
0 0.279296875 1.4140625 0.3251953125 1.47265625 0.2763671875 1.513671875 0.2236328125 1.4521484375
0 0.2216796875 1.3603515625 0.2890625 1.45703125 0.2080078125 1.5166015625 0.13671875 1.4208984375
0 1.63671875 1.33984375 1.5634765625 1.3916015625 1.51171875 1.3076171875 1.580078125 1.2607421875
0 1.361328125 0.6044921875 1.3076171875 0.5439453125 1.345703125 0.5 1.4033203125 0.560546875
10 0.30078125 0.91796875 0.3291015625 0.9013671875 0.3369140625 0.9140625 0.3076171875 0.9326171875
10 0.9697265625 0.384765625 0.974609375 0.3935546875 0.9501953125 0.41015625 0.9423828125 0.4013671875
10 0.3203125 0.9462890625 0.34765625 0.927734375 0.357421875 0.94140625 0.3310546875 0.9609375
10 0.486328125 1.0927734375 0.4970703125 1.1064453125 0.4658203125 1.126953125 0.45703125 1.11328125
10 1.673828125 0.119140625 1.6630859375 0.1279296875 1.640625 0.1005859375 1.65234375 0.0908203125
10 1.751953125 0.1982421875 1.7421875 0.205078125 1.724609375 0.181640625 1.734375 0.1748046875
10 1.7373046875 0.208984375 1.7294921875 0.216796875 1.705078125 0.193359375 1.7158203125 0.18359375
9 1.400390625 0.3984375 1.4013671875 0.4169921875 1.3359375 0.4228515625 1.333984375 0.40625
9 1.3916015625 0.373046875 1.3916015625 0.388671875 1.32421875 0.3974609375 1.322265625 0.380859375
9 1.365234375 0.3525390625 1.3642578125 0.37109375 1.3056640625 0.37890625 1.302734375 0.3583984375
9 1.2333984375 0.2880859375 1.2255859375 0.275390625 1.271484375 0.23828125 1.28515625 0.25390625
10 1.0146484375 0.513671875 1.0087890625 0.5029296875 1.025390625 0.4892578125 1.0322265625 0.498046875
10 1.005859375 0.49609375 1.0 0.4873046875 1.0234375 0.4716796875 1.029296875 0.4814453125
10 0.974609375 0.3974609375 0.98046875 0.40625 0.9638671875 0.4208984375 0.9560546875 0.4111328125
10 1.1044921875 0.185546875 1.08984375 0.189453125 1.0791015625 0.1591796875 1.0927734375 0.154296875
0 1.166015625 0.5478515625 1.2119140625 0.5908203125 1.1845703125 0.62890625 1.1328125 0.583984375
10 1.0751953125 0.193359375 1.0625 0.1953125 1.052734375 0.1630859375 1.0703125 0.158203125
10 1.060546875 0.2060546875 1.046875 0.2099609375 1.037109375 0.173828125 1.0498046875 0.16796875
10 0.5810546875 0.7451171875 0.5712890625 0.751953125 0.5537109375 0.7294921875 0.5654296875 0.7197265625
10 0.5791015625 0.759765625 0.58984375 0.751953125 0.6083984375 0.7802734375 0.595703125 0.787109375
10 0.5546875 0.705078125 0.54296875 0.7109375 0.525390625 0.685546875 0.5361328125 0.6767578125
0 1.275390625 0.5498046875 1.2421875 0.5 1.2744140625 0.47265625 1.3125 0.5244140625
0 1.2119140625 0.4794921875 1.19140625 0.427734375 1.236328125 0.4111328125 1.2578125 0.46484375
0 1.18359375 0.427734375 1.138671875 0.3671875 1.169921875 0.333984375 1.2216796875 0.390625
0 1.126953125 0.3603515625 1.0849609375 0.2958984375 1.130859375 0.26953125 1.1689453125 0.33203125
0 1.0390625 0.3564453125 1.0849609375 0.412109375 1.0546875 0.4404296875 1.0107421875 0.3798828125
0 1.078125 0.42578125 1.1220703125 0.47265625 1.0869140625 0.5048828125 1.044921875 0.4541015625
0 1.125 0.486328125 1.1611328125 0.5341796875 1.125 0.5703125 1.0859375 0.513671875
10 0.52734375 0.66796875 0.513671875 0.67578125 0.494140625 0.65234375 0.5107421875 0.6416015625
