10 0.6611328125 1.6259765625 0.658203125 1.62890625 0.650390625 1.6201171875 0.6513671875 1.615234375
10 0.4130859375 1.3447265625 0.4091796875 1.34765625 0.396484375 1.3359375 0.4013671875 1.3310546875
10 0.0361328125 0.94921875 0.041015625 0.9443359375 0.05078125 0.9560546875 0.0478515625 0.958984375
13 1.3974609375 0.5107421875 1.46484375 0.4873046875 1.513671875 0.625 1.4423828125 0.6494140625
3 1.17578125 0.189453125 1.0166015625 0.23828125 0.9853515625 0.095703125 1.1357421875 0.052734375
3 1.2021484375 1.44140625 1.142578125 1.2978515625 1.3134765625 1.255859375 1.359375 1.4033203125
3 1.130859375 0.8310546875 1.2197265625 0.96484375 1.072265625 1.0419921875 0.9873046875 0.9189453125
3 0.8154296875 1.35546875 0.927734375 1.4755859375 0.7802734375 1.5634765625 0.68359375 1.4619140625
3 0.88671875 1.111328125 0.9619140625 1.203125 0.8671875 1.2529296875 0.7958984375 1.169921875
3 0.595703125 1.1083984375 0.7099609375 1.2294921875 0.5625 1.3203125 0.4609375 1.2021484375
3 0.7685546875 0.8671875 0.84765625 0.9521484375 0.7373046875 1.01953125 0.6552734375 0.931640625
3 0.3818359375 0.8828125 0.490234375 1.005859375 0.3408203125 1.0986328125 0.248046875 0.9921875
3 0.5625 0.6416015625 0.6787109375 0.767578125 0.5263671875 0.8779296875 0.4189453125 0.7607421875
3 0.8349609375 0.7998046875 0.7578125 0.705078125 0.8642578125 0.6435546875 0.93359375 0.7451171875
3 0.7490234375 0.404296875 0.83203125 0.4912109375 0.724609375 0.5556640625 0.6494140625 0.4794921875
