10 2.05078125 1.6240234375 2.033203125 1.6240234375 2.037109375 1.5927734375 2.05078125 1.5908203125
10 0.267578125 1.29296875 0.2646484375 1.306640625 0.2314453125 1.3046875 0.2314453125 1.2900390625
10 0.271484375 1.146484375 0.2724609375 1.162109375 0.23828125 1.162109375 0.23828125 1.146484375
10 0.48046875 1.087890625 0.48046875 1.1015625 0.43359375 1.1015625 0.431640625 1.0859375
10 0.3828125 1.072265625 0.3828125 1.0576171875 0.42578125 1.05859375 0.4248046875 1.072265625
10 0.3740234375 0.99609375 0.375 1.009765625 0.33984375 1.0107421875 0.33984375 0.99609375
10 0.39453125 0.97265625 0.396484375 0.9873046875 0.3603515625 0.9853515625 0.359375 0.97265625
10 0.4375 0.896484375 0.4365234375 0.8837890625 0.470703125 0.8828125 0.47265625 0.8974609375
10 0.484375 0.822265625 0.484375 0.83984375 0.435546875 0.8349609375 0.435546875 0.8203125
10 0.0771484375 0.5654296875 0.08984375 0.5673828125 0.087890625 0.59765625 0.0732421875 0.59765625
10 0.095703125 0.56640625 0.109375 0.5673828125 0.1083984375 0.6015625 0.0908203125 0.6015625
10 0.150390625 0.9970703125 0.1630859375 0.9990234375 0.158203125 1.03125 0.1474609375 1.03125
10 0.126953125 0.998046875 0.14453125 0.998046875 0.142578125 1.0283203125 0.1279296875 1.029296875
10 0.130859375 0.9462890625 0.146484375 0.94921875 0.140625 0.9833984375 0.126953125 0.982421875
10 0.2197265625 0.8583984375 0.2333984375 0.859375 0.228515625 0.8916015625 0.2158203125 0.8916015625
10 0.1376953125 0.849609375 0.150390625 0.8525390625 0.146484375 0.8798828125 0.1337890625 0.8798828125
10 0.0947265625 0.84375 0.1142578125 0.8447265625 0.109375 0.8828125 0.091796875 0.8828125
10 0.07421875 0.8818359375 0.0576171875 0.8828125 0.0595703125 0.8408203125 0.0751953125 0.841796875
10 0.0986328125 0.71875 0.083984375 0.720703125 0.087890625 0.6806640625 0.1015625 0.6806640625
10 0.4482421875 0.5546875 0.4462890625 0.5712890625 0.4052734375 0.568359375 0.40625 0.5556640625
9 1.876953125 0.8271484375 1.8916015625 0.8076171875 1.9404296875 0.8466796875 1.9208984375 0.869140625
9 1.2939453125 0.703125 1.32421875 0.69921875 1.330078125 0.8896484375 1.2861328125 0.888671875
9 1.29296875 1.05859375 1.3173828125 1.0703125 1.224609375 1.2294921875 1.19140625 1.2138671875
9 1.3583984375 1.0078125 1.3349609375 0.99609375 1.44140625 0.8701171875 1.4638671875 0.8876953125
9 1.376953125 1.0263671875 1.35546875 1.009765625 1.462890625 0.8857421875 1.4853515625 0.90625
9 0.2314453125 1.9345703125 0.234375 1.91015625 0.34765625 1.9248046875 0.33984375 1.9541015625
9 0.4931640625 1.021484375 0.4931640625 1.0517578125 0.3212890625 1.0537109375 0.3212890625 1.017578125
10 0.26953125 1.189453125 0.2705078125 1.205078125 0.236328125 1.205078125 0.2333984375 1.1884765625
10 0.265625 1.3447265625 0.265625 1.3583984375 0.2265625 1.35546875 0.2275390625 1.3427734375
9 0.4013671875 0.7587890625 0.4013671875 0.728515625 0.5 0.73046875 0.4990234375 0.7587890625
10 0.265625 1.3994140625 0.263671875 1.4189453125 0.2294921875 1.416015625 0.23046875 1.4013671875
10 0.251953125 1.568359375 0.2578125 1.578125 0.23046875 1.595703125 0.2216796875 1.5859375
10 0.2529296875 1.54296875 0.2626953125 1.5556640625 0.2294921875 1.57421875 0.220703125 1.5615234375
10 0.1220703125 1.7646484375 0.1337890625 1.751953125 0.1591796875 1.7734375 0.15234375 1.7861328125
10 0.1279296875 1.7392578125 0.138671875 1.7294921875 0.16796875 1.75390625 0.16015625 1.7646484375
10 0.12890625 1.6923828125 0.1376953125 1.68359375 0.1689453125 1.7041015625 0.1630859375 1.7158203125
10 0.126953125 1.716796875 0.1357421875 1.705078125 0.1630859375 1.72265625 0.15625 1.7353515625
10 0.126953125 1.6650390625 0.1357421875 1.6533203125 0.1640625 1.67578125 0.154296875 1.685546875
10 0.126953125 1.6396484375 0.1376953125 1.6298828125 0.162109375 1.6484375 0.1552734375 1.6591796875
10 0.1220703125 1.615234375 0.130859375 1.603515625 0.158203125 1.62109375 0.15234375 1.6328125
10 0.12890625 1.59375 0.1376953125 1.58203125 0.166015625 1.599609375 0.1572265625 1.61328125
10 0.130859375 1.5654296875 0.1396484375 1.5537109375 0.169921875 1.578125 0.1611328125 1.58984375
10 0.0458984375 1.72265625 0.0546875 1.736328125 0.0224609375 1.755859375 0.01171875 1.7421875
10 0.0595703125 1.681640625 0.05078125 1.6728515625 0.08203125 1.65234375 0.0908203125 1.6640625
10 0.0390625 1.681640625 0.044921875 1.6923828125 0.0166015625 1.708984375 0.009765625 1.6953125
10 0.04296875 1.6494140625 0.0517578125 1.662109375 0.0205078125 1.6806640625 0.013671875 1.6689453125
10 0.0654296875 1.654296875 0.0556640625 1.6435546875 0.0830078125 1.623046875 0.09375 1.63671875
10 0.060546875 1.6328125 0.048828125 1.62109375 0.0830078125 1.5966796875 0.091796875 1.611328125
10 0.041015625 1.6044921875 0.0478515625 1.6171875 0.0185546875 1.6318359375 0.015625 1.6171875
10 0.0556640625 1.6083984375 0.046875 1.5986328125 0.0791015625 1.578125 0.0859375 1.5888671875
10 0.0439453125 1.580078125 0.0517578125 1.5888671875 0.0224609375 1.60546875 0.0166015625 1.59375
10 0.0751953125 1.5576171875 0.0810546875 1.568359375 0.0576171875 1.5849609375 0.048828125 1.572265625
10 0.0400390625 1.5576171875 0.046875 1.568359375 0.017578125 1.5859375 0.017578125 1.5703125
10 0.0380859375 1.52734375 0.044921875 1.5400390625 0.017578125 1.5537109375 0.0185546875 1.5400390625
10 0.052734375 1.51171875 0.0556640625 1.498046875 0.08984375 1.50390625 0.087890625 1.517578125
10 0.2626953125 1.4267578125 0.26171875 1.44140625 0.2158203125 1.439453125 0.216796875 1.4208984375
9 0.396484375 0.7890625 0.3984375 0.759765625 0.501953125 0.7568359375 0.4990234375 0.7900390625
9 0.318359375 0.7587890625 0.318359375 0.728515625 0.3955078125 0.7314453125 0.392578125 0.759765625
10 0.2509765625 1.6181640625 0.2568359375 1.62890625 0.2294921875 1.646484375 0.220703125 1.634765625
9 1.009765625 1.134765625 1.009765625 1.166015625 0.818359375 1.16015625 0.8154296875 1.125
9 1.0068359375 0.9560546875 1.005859375 0.9912109375 0.8232421875 0.9853515625 0.8193359375 0.9560546875
9 1.009765625 0.927734375 1.005859375 0.9580078125 0.8232421875 0.9560546875 0.8212890625 0.921875
9 1.015625 0.7216796875 1.0146484375 0.7490234375 0.9248046875 0.7470703125 0.9248046875 0.72265625
9 1.005859375 0.6884765625 1.005859375 0.720703125 0.916015625 0.7138671875 0.9140625 0.689453125
9 1.7353515625 0.4150390625 1.7333984375 0.3916015625 1.89453125 0.392578125 1.892578125 0.41796875
9 1.72265625 0.4453125 1.7197265625 0.4169921875 1.8984375 0.4248046875 1.8974609375 0.4482421875
9 1.681640625 0.498046875 1.6826171875 0.4736328125 1.8525390625 0.4736328125 1.849609375 0.5087890625
9 1.6298828125 0.5546875 1.630859375 0.52734375 1.8017578125 0.537109375 1.798828125 0.5654296875
9 1.6181640625 0.587890625 1.6181640625 0.5634765625 1.6953125 0.560546875 1.6943359375 0.5859375
9 1.609375 0.5869140625 1.7392578125 0.5947265625 1.734375 0.6220703125 1.60546875 0.61328125
9 1.5693359375 0.64453125 1.6396484375 0.6494140625 1.638671875 0.666015625 1.5673828125 0.66796875
9 1.55859375 0.6796875 1.603515625 0.685546875 1.595703125 0.701171875 1.5537109375 0.697265625
9 1.6396484375 0.7060546875 1.63671875 0.734375 1.44921875 0.724609375 1.4501953125 0.6904296875
9 1.501953125 0.533203125 1.466796875 0.5322265625 1.4755859375 0.369140625 1.5078125 0.375
9 1.2958984375 0.521484375 1.26171875 0.5166015625 1.267578125 0.3544921875 1.298828125 0.3564453125
9 1.03125 0.5234375 0.998046875 0.51953125 1.001953125 0.35546875 1.02734375 0.3544921875
9 1.001953125 0.5244140625 0.9736328125 0.5234375 0.9794921875 0.3671875 1.0048828125 0.3662109375
9 0.974609375 0.5234375 0.9423828125 0.5166015625 0.9462890625 0.361328125 0.982421875 0.3671875
9 0.943359375 0.521484375 0.9130859375 0.51953125 0.9228515625 0.34765625 0.9521484375 0.34765625
9 0.8935546875 0.4716796875 0.8515625 0.4716796875 0.859375 0.3505859375 0.8994140625 0.3544921875
9 0.7685546875 0.5185546875 0.73828125 0.5166015625 0.7529296875 0.3544921875 0.78125 0.3564453125
9 0.740234375 0.5283203125 0.7080078125 0.5234375 0.71875 0.333984375 0.755859375 0.3349609375
9 0.7099609375 0.513671875 0.6796875 0.5146484375 0.6865234375 0.328125 0.7197265625 0.3291015625
9 0.6796875 0.513671875 0.6474609375 0.51171875 0.66015625 0.3466796875 0.6904296875 0.349609375
9 0.6484375 0.5126953125 0.6171875 0.51171875 0.6318359375 0.3466796875 0.6591796875 0.34765625
9 1.009765625 1.0712890625 1.009765625 1.103515625 0.828125 1.099609375 0.8271484375 1.068359375
9 0.9658203125 1.1923828125 0.962890625 1.21875 0.875 1.2158203125 0.8759765625 1.1875
9 0.501953125 0.61328125 0.5 0.634765625 0.3291015625 0.63671875 0.3271484375 0.6103515625
9 1.009765625 1.2255859375 1.01171875 1.2509765625 0.8310546875 1.2421875 0.83203125 1.2109375
9 0.5029296875 0.6416015625 0.5 0.671875 0.3076171875 0.6728515625 0.3046875 0.634765625
9 0.57421875 1.5478515625 0.62109375 1.5478515625 0.62109375 1.720703125 0.57421875 1.720703125
9 0.546875 1.55078125 0.5751953125 1.55078125 0.5751953125 1.71875 0.546875 1.71875
9 0.8125 1.5595703125 0.849609375 1.5595703125 0.849609375 1.7255859375 0.8125 1.7255859375
9 0.7919921875 1.564453125 0.81640625 1.564453125 0.81640625 1.72265625 0.7919921875 1.72265625
9 0.73828125 1.5625 0.7705078125 1.5625 0.7705078125 1.724609375 0.73828125 1.724609375
9 0.6513671875 0.7978515625 0.7783203125 0.7978515625 0.7783203125 0.826171875 0.6513671875 0.826171875
9 0.658203125 0.7431640625 0.8251953125 0.7431640625 0.8251953125 0.7724609375 0.658203125 0.7724609375
9 0.6689453125 0.7783203125 0.8251953125 0.7783203125 0.8251953125 0.8017578125 0.6689453125 0.8017578125
9 0.65234375 0.6845703125 0.822265625 0.6845703125 0.822265625 0.712890625 0.65234375 0.712890625
9 0.82421875 0.6884765625 0.9052734375 0.6884765625 0.9052734375 0.712890625 0.82421875 0.712890625
9 0.7041015625 0.712890625 0.76953125 0.712890625 0.76953125 0.7421875 0.7041015625 0.7421875
9 0.6484375 0.7109375 0.7060546875 0.7109375 0.7060546875 0.7392578125 0.6484375 0.7392578125
9 0.7236328125 1.0654296875 0.7255859375 1.0400390625 0.8271484375 1.041015625 0.826171875 1.0693359375
9 0.7470703125 1.037109375 0.748046875 1.013671875 0.8271484375 1.0146484375 0.828125 1.0400390625
9 0.7412109375 1.2373046875 0.73828125 1.2666015625 0.6494140625 1.2578125 0.6474609375 1.2353515625
9 0.740234375 1.2109375 0.740234375 1.2373046875 0.654296875 1.234375 0.658203125 1.20703125
9 0.7578125 1.150390625 0.7529296875 1.1767578125 0.6611328125 1.1806640625 0.658203125 1.150390625
9 0.74609375 1.1865234375 0.744140625 1.212890625 0.6611328125 1.20703125 0.658203125 1.1767578125
9 0.83203125 1.2177734375 0.830078125 1.2392578125 0.75 1.23828125 0.751953125 1.212890625
9 0.83203125 1.1865234375 0.8310546875 1.21484375 0.7490234375 1.212890625 0.7490234375 1.1826171875
9 0.71484375 1.2890625 0.712890625 1.31640625 0.626953125 1.3193359375 0.6240234375 1.2861328125
9 0.8642578125 1.2978515625 0.86328125 1.3291015625 0.7109375 1.3251953125 0.716796875 1.2890625
9 1.0107421875 1.2763671875 1.0126953125 1.302734375 0.8212890625 1.2978515625 0.818359375 1.265625
9 0.9638671875 1.251953125 0.962890625 1.2705078125 0.896484375 1.2685546875 0.896484375 1.24609375
10 0.2509765625 1.5966796875 0.2568359375 1.6083984375 0.2294921875 1.623046875 0.2216796875 1.611328125
10 0.25 1.6689453125 0.2578125 1.677734375 0.2314453125 1.697265625 0.2216796875 1.6845703125
10 1.9873046875 1.6708984375 1.978515625 1.65625 2.0146484375 1.642578125 2.021484375 1.654296875
10 1.3828125 1.5703125 1.388671875 1.556640625 1.4228515625 1.5693359375 1.41796875 1.5830078125
10 1.40234375 1.533203125 1.4052734375 1.5224609375 1.4404296875 1.5341796875 1.4345703125 1.548828125
10 1.4599609375 1.486328125 1.4541015625 1.498046875 1.42578125 1.48828125 1.427734375 1.474609375
10 1.4765625 1.4521484375 1.46875 1.46484375 1.44140625 1.4521484375 1.4453125 1.4375
10 1.482421875 1.43359375 1.4736328125 1.4453125 1.451171875 1.431640625 1.458984375 1.4189453125
10 1.4931640625 1.41796875 1.4853515625 1.4296875 1.4599609375 1.4140625 1.4658203125 1.40234375
10 1.7001953125 1.216796875 1.708984375 1.205078125 1.732421875 1.224609375 1.7236328125 1.2353515625
10 1.7705078125 1.3759765625 1.7841796875 1.3671875 1.80078125 1.3916015625 1.7890625 1.40234375
10 1.7705078125 1.3154296875 1.7861328125 1.31640625 1.7861328125 1.345703125 1.7685546875 1.345703125
10 1.7509765625 1.3125 1.7646484375 1.3125 1.7626953125 1.345703125 1.7470703125 1.3466796875
10 1.7275390625 1.3125 1.744140625 1.314453125 1.740234375 1.3447265625 1.724609375 1.3447265625
10 1.7431640625 1.423828125 1.7578125 1.4228515625 1.7568359375 1.451171875 1.7421875 1.4521484375
10 1.720703125 1.423828125 1.7353515625 1.423828125 1.736328125 1.45703125 1.7197265625 1.45703125
10 1.7001953125 1.4208984375 1.712890625 1.4228515625 1.712890625 1.453125 1.6943359375 1.451171875
10 1.6796875 1.4140625 1.6943359375 1.4169921875 1.6865234375 1.4501953125 1.6689453125 1.443359375
10 1.6611328125 1.40234375 1.673828125 1.4072265625 1.66015625 1.4375 1.64453125 1.4296875
10 1.6328125 1.3818359375 1.64453125 1.38671875 1.630859375 1.4140625 1.6171875 1.41015625
10 1.6123046875 1.373046875 1.626953125 1.380859375 1.61328125 1.404296875 1.5947265625 1.3984375
10 1.7099609375 1.1982421875 1.7177734375 1.1875 1.7451171875 1.20703125 1.736328125 1.216796875
10 1.5556640625 1.2197265625 1.5654296875 1.2099609375 1.5908203125 1.2294921875 1.58203125 1.2373046875
10 1.568359375 1.201171875 1.5751953125 1.1923828125 1.59765625 1.212890625 1.587890625 1.2216796875
10 1.578125 1.1865234375 1.5869140625 1.177734375 1.6142578125 1.1982421875 1.6064453125 1.2080078125
10 1.5986328125 1.1748046875 1.6064453125 1.166015625 1.626953125 1.1845703125 1.6201171875 1.1923828125
10 1.609375 1.1572265625 1.6171875 1.1484375 1.6416015625 1.1669921875 1.634765625 1.1767578125
10 1.63671875 1.1240234375 1.6474609375 1.115234375 1.671875 1.134765625 1.6630859375 1.1435546875
10 1.6494140625 1.109375 1.66015625 1.0986328125 1.68359375 1.1201171875 1.673828125 1.130859375
10 1.396484375 1.5537109375 1.40234375 1.5400390625 1.43359375 1.5517578125 1.4296875 1.5654296875
10 1.37890625 1.5908203125 1.380859375 1.5771484375 1.4150390625 1.5869140625 1.4111328125 1.6044921875
10 1.671875 1.0791015625 1.6826171875 1.0693359375 1.7060546875 1.0859375 1.69921875 1.0986328125
10 1.373046875 1.607421875 1.376953125 1.595703125 1.40625 1.60546875 1.400390625 1.6201171875
10 1.943359375 1.654296875 1.9443359375 1.638671875 1.974609375 1.642578125 1.9736328125 1.6572265625
10 1.904296875 1.607421875 1.9208984375 1.6015625 1.9375 1.626953125 1.923828125 1.6357421875
10 1.8984375 1.552734375 1.9130859375 1.5498046875 1.91796875 1.58203125 1.90234375 1.5849609375
10 1.8642578125 1.4951171875 1.8779296875 1.486328125 1.89453125 1.51171875 1.8818359375 1.5205078125
10 1.810546875 1.49609375 1.8095703125 1.48046875 1.8369140625 1.48046875 1.8388671875 1.49609375
10 1.7685546875 1.78125 1.751953125 1.7822265625 1.751953125 1.75 1.7685546875 1.748046875
10 1.732421875 1.7470703125 1.748046875 1.748046875 1.744140625 1.7802734375 1.73046875 1.78125
10 1.5283203125 1.7451171875 1.5458984375 1.74609375 1.544921875 1.779296875 1.52734375 1.7763671875
10 1.5517578125 1.7470703125 1.568359375 1.748046875 1.5654296875 1.775390625 1.5537109375 1.775390625
10 1.6884765625 1.751953125 1.7060546875 1.7490234375 1.7021484375 1.77734375 1.69140625 1.77734375
10 1.7734375 1.638671875 1.7861328125 1.638671875 1.787109375 1.6708984375 1.771484375 1.671875
10 1.755859375 1.63671875 1.767578125 1.638671875 1.76953125 1.6728515625 1.7509765625 1.671875
10 1.7294921875 1.6376953125 1.7451171875 1.6376953125 1.74609375 1.671875 1.728515625 1.671875
10 1.6533203125 1.638671875 1.66796875 1.638671875 1.66796875 1.6728515625 1.65234375 1.673828125
10 1.6357421875 1.634765625 1.6494140625 1.6357421875 1.6494140625 1.6708984375 1.6328125 1.6708984375
10 1.6142578125 1.6337890625 1.6318359375 1.6337890625 1.62890625 1.66796875 1.6123046875 1.66796875
10 1.5732421875 1.6318359375 1.5869140625 1.6328125 1.5859375 1.66796875 1.5703125 1.666015625
10 1.55078125 1.62890625 1.5634765625 1.6279296875 1.5625 1.6611328125 1.5498046875 1.66015625
10 1.6630859375 1.77734375 1.650390625 1.775390625 1.65234375 1.7451171875 1.6650390625 1.744140625
10 1.642578125 1.7763671875 1.6279296875 1.7744140625 1.6279296875 1.74609375 1.640625 1.74609375
10 1.603515625 1.7744140625 1.58984375 1.7734375 1.587890625 1.7451171875 1.603515625 1.7431640625
10 1.46875 1.736328125 1.484375 1.73828125 1.4814453125 1.7724609375 1.466796875 1.7705078125
10 1.44921875 1.7373046875 1.4638671875 1.736328125 1.462890625 1.76953125 1.4482421875 1.7705078125
10 1.427734375 1.736328125 1.44140625 1.7373046875 1.4404296875 1.765625 1.4228515625 1.7666015625
10 1.36328125 1.650390625 1.3681640625 1.638671875 1.3955078125 1.6474609375 1.3916015625 1.6591796875
10 1.6611328125 1.0947265625 1.6689453125 1.0859375 1.6904296875 1.10546875 1.6865234375 1.1171875
10 1.6875 1.05859375 1.6943359375 1.05078125 1.716796875 1.0703125 1.7099609375 1.0791015625
10 0.2939453125 1.71484375 0.3076171875 1.7216796875 0.2890625 1.7568359375 0.2724609375 1.75
10 1.0400390625 1.955078125 1.02734375 1.9560546875 1.037109375 1.9189453125 1.0537109375 1.921875
10 0.421875 1.5888671875 0.421875 1.5771484375 0.4580078125 1.576171875 0.4580078125 1.5888671875
10 0.498046875 1.560546875 0.498046875 1.5751953125 0.458984375 1.5712890625 0.458984375 1.5556640625
10 0.50390625 1.4970703125 0.5029296875 1.5107421875 0.46484375 1.5087890625 0.4658203125 1.4951171875
10 0.501953125 1.4755859375 0.5 1.4892578125 0.46484375 1.4892578125 0.4658203125 1.4765625
10 0.455078125 1.5390625 0.4560546875 1.5517578125 0.421875 1.548828125 0.4208984375 1.53515625
10 0.4580078125 1.4990234375 0.4580078125 1.5087890625 0.4267578125 1.5078125 0.42578125 1.49609375
10 0.4609375 1.4765625 0.4599609375 1.4921875 0.423828125 1.4921875 0.423828125 1.474609375
10 0.46484375 1.4697265625 0.4658203125 1.455078125 0.501953125 1.455078125 0.5048828125 1.470703125
10 0.4658203125 1.42578125 0.46484375 1.4111328125 0.4990234375 1.412109375 0.5 1.4267578125
10 0.333984375 1.41015625 0.3349609375 1.3974609375 0.3623046875 1.3974609375 0.3642578125 1.408203125
10 0.3349609375 1.427734375 0.3359375 1.4169921875 0.369140625 1.4169921875 0.369140625 1.4296875
10 0.333984375 1.4501953125 0.333984375 1.439453125 0.3642578125 1.439453125 0.3662109375 1.453125
10 0.3330078125 1.470703125 0.3330078125 1.458984375 0.365234375 1.4580078125 0.3662109375 1.4697265625
10 0.326171875 1.505859375 0.326171875 1.4931640625 0.3662109375 1.494140625 0.3671875 1.5087890625
10 0.3291015625 1.52734375 0.3291015625 1.513671875 0.3583984375 1.5146484375 0.361328125 1.52734375
10 0.3291015625 1.5673828125 0.3291015625 1.5546875 0.361328125 1.5546875 0.361328125 1.5634765625
10 0.328125 1.5869140625 0.330078125 1.5751953125 0.361328125 1.5751953125 0.36328125 1.5859375
10 0.3271484375 1.6083984375 0.326171875 1.5947265625 0.35546875 1.59765625 0.357421875 1.6083984375
10 0.328125 1.62890625 0.3291015625 1.6162109375 0.3623046875 1.6201171875 0.3623046875 1.6298828125
9 0.4599609375 1.7734375 0.44140625 1.765625 0.458984375 1.72265625 0.4775390625 1.732421875
10 0.05859375 1.947265625 0.064453125 1.93359375 0.1005859375 1.9404296875 0.095703125 1.953125
10 0.384765625 1.8779296875 0.3681640625 1.8837890625 0.357421875 1.8544921875 0.3759765625 1.845703125
10 0.412109375 1.7236328125 0.4208984375 1.7265625 0.4072265625 1.7578125 0.392578125 1.75390625
10 0.3857421875 1.720703125 0.3984375 1.7265625 0.3818359375 1.7607421875 0.365234375 1.755859375
10 0.3359375 1.7314453125 0.3486328125 1.734375 0.3330078125 1.7607421875 0.3212890625 1.7568359375
10 0.416015625 1.6083984375 0.4150390625 1.595703125 0.4462890625 1.5986328125 0.447265625 1.609375
10 1.09765625 1.8369140625 1.08203125 1.83203125 1.08984375 1.798828125 1.10546875 1.802734375
10 1.8525390625 1.0712890625 1.86328125 1.0595703125 1.884765625 1.0810546875 1.8740234375 1.0927734375
10 1.095703125 1.74609375 1.1083984375 1.7490234375 1.1025390625 1.7724609375 1.08984375 1.7705078125
10 1.8701171875 1.0498046875 1.8818359375 1.0390625 1.90234375 1.056640625 1.89453125 1.068359375
10 1.9267578125 0.984375 1.935546875 0.9765625 1.947265625 0.990234375 1.939453125 1.0
10 1.8359375 0.890625 1.845703125 0.880859375 1.8740234375 0.90234375 1.8642578125 0.9130859375
10 1.84765625 0.8740234375 1.85546875 0.8642578125 1.884765625 0.8857421875 1.8740234375 0.896484375
10 1.865234375 0.8564453125 1.875 0.84765625 1.90234375 0.8701171875 1.8935546875 0.8798828125
10 1.939453125 0.7705078125 1.94921875 0.7578125 1.9814453125 0.7841796875 1.9736328125 0.794921875
10 2.1044921875 0.490234375 2.11328125 0.5009765625 2.09375 0.5244140625 2.0791015625 0.51171875
10 1.49609375 1.50390625 1.5078125 1.5087890625 1.4921875 1.541015625 1.4794921875 1.53515625
10 1.337890625 1.5185546875 1.3466796875 1.525390625 1.3330078125 1.5537109375 1.3193359375 1.548828125
10 1.322265625 1.98046875 1.322265625 1.990234375 1.2861328125 1.9921875 1.2841796875 1.978515625
10 1.521484375 1.3466796875 1.541015625 1.33984375 1.556640625 1.384765625 1.5361328125 1.3916015625
10 1.4794921875 1.2783203125 1.490234375 1.267578125 1.509765625 1.2919921875 1.5009765625 1.298828125
10 1.4365234375 1.26953125 1.421875 1.2763671875 1.40625 1.25 1.419921875 1.2412109375
10 1.3388671875 1.193359375 1.33203125 1.1787109375 1.3623046875 1.16796875 1.369140625 1.181640625
10 1.787109375 0.8525390625 1.7958984375 0.8603515625 1.779296875 0.8857421875 1.7666015625 0.8779296875
10 1.28515625 0.78125 1.271484375 0.779296875 1.271484375 0.751953125 1.287109375 0.75
10 1.177734375 1.6787109375 1.16796875 1.673828125 1.1767578125 1.6435546875 1.1904296875 1.646484375
9 1.087890625 1.9189453125 1.0732421875 1.91796875 1.072265625 1.8681640625 1.08984375 1.869140625
10 1.2255859375 1.904296875 1.240234375 1.8994140625 1.2509765625 1.9296875 1.236328125 1.935546875
10 1.1572265625 1.9306640625 1.14453125 1.9326171875 1.14453125 1.8984375 1.158203125 1.8994140625
10 1.142578125 1.8720703125 1.1259765625 1.8720703125 1.1318359375 1.83984375 1.14453125 1.83984375
10 1.13671875 1.9248046875 1.119140625 1.923828125 1.123046875 1.89453125 1.140625 1.8955078125
10 1.1669921875 1.8623046875 1.15234375 1.861328125 1.158203125 1.8193359375 1.1728515625 1.822265625
10 1.150390625 1.81640625 1.13671875 1.8154296875 1.14453125 1.783203125 1.15625 1.78515625
10 1.162109375 1.7568359375 1.14453125 1.75390625 1.15625 1.724609375 1.1728515625 1.7275390625
9 0.5947265625 0.501953125 0.55859375 0.5029296875 0.5673828125 0.33203125 0.60546875 0.330078125
