9 0.2646484375 0.431640625 0.26171875 0.458984375 0.17578125 0.4580078125 0.1748046875 0.4326171875
9 0.15625 0.4287109375 0.158203125 0.40234375 0.2666015625 0.4091796875 0.2646484375 0.431640625
9 0.5478515625 0.4150390625 0.546875 0.435546875 0.455078125 0.43359375 0.45703125 0.408203125
9 0.4609375 0.466796875 0.4599609375 0.44140625 0.603515625 0.4453125 0.603515625 0.4677734375
9 0.724609375 0.4736328125 0.7255859375 0.498046875 0.576171875 0.4970703125 0.576171875 0.470703125
9 0.55859375 0.470703125 0.5576171875 0.4990234375 0.46875 0.49609375 0.466796875 0.46484375
9 0.5595703125 0.498046875 0.5546875 0.521484375 0.46484375 0.521484375 0.4619140625 0.494140625
9 0.462890625 0.560546875 0.4599609375 0.537109375 0.6015625 0.5380859375 0.6015625 0.5615234375
9 0.4638671875 0.59375 0.4638671875 0.5673828125 0.60546875 0.5673828125 0.6015625 0.591796875
9 0.4677734375 0.6201171875 0.466796875 0.59765625 0.6142578125 0.599609375 0.6162109375 0.623046875
9 0.46875 0.650390625 0.46875 0.630859375 0.619140625 0.6328125 0.6201171875 0.654296875
9 0.4697265625 0.6796875 0.4697265625 0.6572265625 0.6279296875 0.6640625 0.6279296875 0.68359375
9 0.47265625 0.70703125 0.4716796875 0.68359375 0.6337890625 0.6884765625 0.6328125 0.71484375
9 0.4716796875 0.7353515625 0.4697265625 0.712890625 0.619140625 0.7177734375 0.6201171875 0.740234375
9 0.4482421875 0.7646484375 0.4443359375 0.73828125 0.6044921875 0.7421875 0.5986328125 0.76953125
9 0.60546875 0.794921875 0.6025390625 0.7724609375 0.7421875 0.76953125 0.744140625 0.798828125
9 0.3076171875 0.5732421875 0.3076171875 0.5947265625 0.154296875 0.59375 0.154296875 0.5693359375
9 0.2685546875 0.599609375 0.2666015625 0.619140625 0.2177734375 0.6162109375 0.2158203125 0.59765625
9 0.236328125 0.62109375 0.2373046875 0.6396484375 0.181640625 0.642578125 0.1806640625 0.6181640625
9 0.240234375 0.650390625 0.23828125 0.6708984375 0.15625 0.6689453125 0.1552734375 0.6484375
9 0.2333984375 0.4833984375 0.2333984375 0.5048828125 0.1474609375 0.509765625 0.146484375 0.484375
9 0.3076171875 0.5380859375 0.306640625 0.5615234375 0.16796875 0.5595703125 0.1650390625 0.5302734375
9 0.8994140625 0.80859375 0.8974609375 0.779296875 1.05078125 0.78125 1.0498046875 0.8134765625
9 0.90234375 0.7802734375 0.9033203125 0.7548828125 1.04296875 0.7568359375 1.0419921875 0.779296875
9 0.931640625 0.75 0.931640625 0.728515625 1.0419921875 0.7353515625 1.041015625 0.75390625
9 0.91796875 0.560546875 0.9208984375 0.537109375 1.0419921875 0.541015625 1.0400390625 0.5654296875
9 0.8486328125 0.3818359375 0.8701171875 0.3818359375 0.8720703125 0.4248046875 0.845703125 0.4228515625
9 0.82421875 0.376953125 0.8447265625 0.380859375 0.8447265625 0.4228515625 0.8212890625 0.4208984375
9 0.7763671875 0.3896484375 0.80078125 0.3916015625 0.80078125 0.43359375 0.7734375 0.43359375
9 0.236328125 0.755859375 0.2333984375 0.783203125 0.146484375 0.7822265625 0.146484375 0.7509765625
9 0.201171875 0.73046875 0.1962890625 0.751953125 0.1318359375 0.7509765625 0.1337890625 0.7265625
9 0.4228515625 0.4091796875 0.4208984375 0.3828125 0.52734375 0.388671875 0.5283203125 0.408203125
