10 0.66015625 2.158203125 0.666015625 2.154296875 0.6787109375 2.17578125 0.671875 2.177734375
10 0.6357421875 2.1103515625 0.6298828125 2.1142578125 0.62109375 2.0986328125 0.625 2.09375
3 1.505859375 1.1181640625 1.4013671875 1.2568359375 1.2822265625 1.177734375 1.373046875 1.0166015625
3 0.453125 0.8037109375 0.5693359375 0.8056640625 0.5673828125 0.9052734375 0.4501953125 0.9169921875
3 0.2158203125 0.958984375 0.3134765625 0.9091796875 0.3603515625 0.9990234375 0.279296875 1.0615234375
3 0.140625 0.8564453125 0.1025390625 0.6884765625 0.2685546875 0.65234375 0.3154296875 0.791015625
3 0.6123046875 1.1787109375 0.5009765625 1.162109375 0.521484375 1.087890625 0.6240234375 1.09375
4 0.26171875 1.287109375 0.2998046875 1.2900390625 0.30078125 1.375 0.259765625 1.3740234375
4 0.3232421875 1.2880859375 0.3623046875 1.287109375 0.3603515625 1.373046875 0.3232421875 1.3740234375
4 0.3857421875 1.2900390625 0.423828125 1.2900390625 0.4228515625 1.375 0.3837890625 1.375
4 0.4462890625 1.2900390625 0.4833984375 1.2880859375 0.4833984375 1.376953125 0.443359375 1.375
4 0.505859375 1.2900390625 0.5458984375 1.2890625 0.5439453125 1.3740234375 0.5068359375 1.3740234375
4 0.5654296875 1.2880859375 0.6064453125 1.291015625 0.60546875 1.373046875 0.5625 1.375
4 0.62890625 1.29296875 0.6650390625 1.291015625 0.6650390625 1.375 0.6279296875 1.373046875
4 0.3330078125 1.431640625 0.375 1.427734375 0.3740234375 1.515625 0.33203125 1.5185546875
4 0.396484375 1.43359375 0.43359375 1.4326171875 0.4345703125 1.517578125 0.39453125 1.515625
4 0.45703125 1.4296875 0.4951171875 1.4306640625 0.494140625 1.5185546875 0.4560546875 1.515625
13 0.765625 1.365234375 0.9521484375 1.1962890625 1.20703125 1.4765625 1.017578125 1.6455078125
13 0.560546875 1.56640625 0.7392578125 1.400390625 0.9912109375 1.6787109375 0.8095703125 1.8427734375
10 0.5517578125 0.30859375 0.548828125 0.3134765625 0.53125 0.30078125 0.53515625 0.2958984375
10 0.69921875 0.107421875 0.693359375 0.111328125 0.685546875 0.1015625 0.6904296875 0.0986328125
10 1.1884765625 0.763671875 1.1953125 0.7587890625 1.201171875 0.7744140625 1.1953125 0.77734375
10 1.181640625 0.8037109375 1.1787109375 0.8076171875 1.162109375 0.798828125 1.1650390625 0.791015625
3 0.7978515625 0.9873046875 0.8955078125 0.857421875 1.009765625 0.9580078125 0.919921875 1.078125
