6 1.447265625 1.8759765625 1.7080078125 1.6669921875 2.146484375 2.1572265625 1.880859375 2.3818359375
13 1.5810546875 1.978515625 1.7470703125 1.8251953125 1.994140625 2.099609375 1.8154296875 2.2548828125
3 1.009765625 0.9677734375 0.8486328125 1.0390625 0.791015625 0.91015625 0.9365234375 0.8310546875
3 0.8291015625 1.5068359375 0.7919921875 1.3701171875 0.9345703125 1.349609375 0.9609375 1.478515625
3 0.41796875 1.1279296875 0.400390625 0.9521484375 0.5810546875 0.9384765625 0.595703125 1.1044921875
3 1.4169921875 1.349609375 1.314453125 1.4091796875 1.263671875 1.3291015625 1.3564453125 1.25
3 1.0419921875 2.2666015625 1.0029296875 2.11328125 1.1640625 2.0859375 1.1904296875 2.2333984375
3 1.3486328125 1.927734375 1.388671875 2.0751953125 1.2587890625 2.099609375 1.2080078125 1.9609375
3 1.2744140625 1.83984375 1.234375 1.6806640625 1.3955078125 1.6494140625 1.4443359375 1.79296875
3 1.0966796875 1.576171875 1.146484375 1.7412109375 0.9775390625 1.771484375 0.927734375 1.619140625
3 1.22265625 2.3623046875 1.24609375 2.455078125 1.154296875 2.470703125 1.1279296875 2.3798828125
3 1.3955078125 2.2431640625 1.4365234375 2.3310546875 1.3525390625 2.3583984375 1.302734375 2.287109375
3 1.380859375 2.794921875 1.3125 2.7099609375 1.4033203125 2.6552734375 1.4677734375 2.724609375
4 1.458984375 2.181640625 1.48828125 2.16015625 1.5400390625 2.2314453125 1.5048828125 2.2548828125
4 1.5068359375 2.1494140625 1.537109375 2.1259765625 1.5859375 2.1982421875 1.5517578125 2.22265625
4 1.5458984375 2.3076171875 1.576171875 2.2822265625 1.6279296875 2.357421875 1.58984375 2.3798828125
4 1.5927734375 2.2734375 1.6240234375 2.25 1.66796875 2.322265625 1.6396484375 2.3427734375
4 1.68359375 2.3896484375 1.716796875 2.3642578125 1.7646484375 2.4375 1.728515625 2.462890625
4 1.736328125 2.3525390625 1.7666015625 2.330078125 1.810546875 2.4033203125 1.7783203125 2.4228515625
3 0.509765625 0.46875 0.6484375 0.5361328125 0.564453125 0.6728515625 0.42578125 0.634765625
