9 2.7802734375 2.958984375 2.765625 2.9716796875 2.7001953125 2.908203125 2.71484375 2.8935546875
9 1.646484375 1.4072265625 1.6591796875 1.3955078125 1.7041015625 1.44921875 1.689453125 1.4609375
9 1.6015625 1.220703125 1.6171875 1.23828125 1.5625 1.2890625 1.546875 1.275390625
9 1.642578125 1.2265625 1.658203125 1.2392578125 1.6005859375 1.2919921875 1.587890625 1.2802734375
9 1.677734375 1.2314453125 1.6904296875 1.24609375 1.634765625 1.296875 1.6220703125 1.2822265625
9 1.72265625 1.224609375 1.7373046875 1.236328125 1.681640625 1.2900390625 1.6689453125 1.2783203125
9 1.7490234375 1.2333984375 1.765625 1.2490234375 1.7119140625 1.3037109375 1.6982421875 1.2890625
9 1.7958984375 1.234375 1.8115234375 1.2490234375 1.75390625 1.2998046875 1.740234375 1.28515625
9 1.5712890625 1.408203125 1.58984375 1.3955078125 1.6328125 1.44921875 1.62109375 1.4599609375
9 1.6064453125 1.4072265625 1.6259765625 1.3974609375 1.669921875 1.44921875 1.654296875 1.462890625
9 1.681640625 1.40625 1.6923828125 1.39453125 1.73828125 1.4453125 1.7255859375 1.4560546875
9 2.74609375 2.9658203125 2.728515625 2.98046875 2.669921875 2.9111328125 2.6845703125 2.896484375
9 1.7607421875 1.4169921875 1.7744140625 1.4052734375 1.8212890625 1.4541015625 1.810546875 1.4677734375
9 1.80078125 1.419921875 1.8125 1.4091796875 1.8623046875 1.45703125 1.849609375 1.4697265625
9 1.84375 1.4208984375 1.8544921875 1.4111328125 1.9033203125 1.4638671875 1.8857421875 1.4775390625
9 1.875 1.419921875 1.888671875 1.408203125 1.9365234375 1.4599609375 1.9228515625 1.4755859375
9 1.5888671875 1.4677734375 1.6025390625 1.4833984375 1.55078125 1.529296875 1.53515625 1.515625
9 1.6318359375 1.4677734375 1.6435546875 1.482421875 1.587890625 1.529296875 1.578125 1.513671875
9 1.67578125 1.462890625 1.6875 1.474609375 1.63671875 1.5244140625 1.6240234375 1.5146484375
9 1.7001953125 1.474609375 1.7158203125 1.486328125 1.6630859375 1.5390625 1.6494140625 1.5263671875
9 1.94921875 1.220703125 1.935546875 1.2373046875 1.884765625 1.1806640625 1.8994140625 1.1669921875
9 1.912109375 1.2216796875 1.8984375 1.2353515625 1.84765625 1.18359375 1.861328125 1.16796875
9 1.873046875 1.21875 1.8564453125 1.2333984375 1.8095703125 1.1796875 1.82421875 1.1630859375
9 1.833984375 1.21484375 1.8212890625 1.2265625 1.7685546875 1.173828125 1.78515625 1.1591796875
9 1.9189453125 0.978515625 1.904296875 0.994140625 1.8544921875 0.9423828125 1.8701171875 0.9248046875
9 1.955078125 0.974609375 1.943359375 0.9873046875 1.890625 0.9375 1.9052734375 0.919921875
9 1.623046875 0.9794921875 1.6357421875 0.994140625 1.5791015625 1.0458984375 1.5654296875 1.03125
9 1.6591796875 0.986328125 1.6728515625 1.001953125 1.6171875 1.0517578125 1.6005859375 1.0380859375
9 1.6923828125 0.994140625 1.703125 1.0107421875 1.646484375 1.05859375 1.6298828125 1.0478515625
9 1.7314453125 0.9912109375 1.7451171875 1.0087890625 1.6884765625 1.0595703125 1.671875 1.048828125
9 1.775390625 0.9853515625 1.7890625 1.0 1.732421875 1.0537109375 1.7177734375 1.04296875
9 1.8056640625 0.99609375 1.8212890625 1.0087890625 1.7626953125 1.0634765625 1.7490234375 1.05078125
9 1.8427734375 0.994140625 1.859375 1.0107421875 1.8017578125 1.0625 1.7880859375 1.0478515625
9 1.8857421875 0.9931640625 1.8994140625 1.0068359375 1.84765625 1.060546875 1.830078125 1.0458984375
9 1.923828125 0.99609375 1.9365234375 1.009765625 1.880859375 1.0625 1.8681640625 1.0498046875
9 1.962890625 0.9990234375 1.978515625 1.0126953125 1.9228515625 1.0654296875 1.9072265625 1.0517578125
9 1.640625 1.2080078125 1.6279296875 1.2216796875 1.578125 1.1708984375 1.591796875 1.1533203125
9 1.6748046875 1.2001953125 1.662109375 1.21484375 1.6103515625 1.1611328125 1.6240234375 1.1455078125
9 1.7109375 1.19921875 1.6953125 1.2138671875 1.6435546875 1.1640625 1.658203125 1.1494140625
9 1.751953125 1.205078125 1.7392578125 1.216796875 1.6875 1.169921875 1.701171875 1.15234375
9 1.791015625 1.212890625 1.775390625 1.2275390625 1.73046875 1.1767578125 1.744140625 1.1591796875
9 1.748046875 1.4697265625 1.7607421875 1.4833984375 1.708984375 1.5322265625 1.697265625 1.51953125
9 1.7890625 1.46875 1.8017578125 1.482421875 1.75 1.53125 1.734375 1.517578125
9 1.8271484375 1.4677734375 1.83984375 1.4814453125 1.7890625 1.53125 1.7734375 1.5185546875
9 1.7568359375 1.923828125 1.736328125 1.9365234375 1.69140625 1.8857421875 1.7080078125 1.8701171875
9 1.876953125 1.935546875 1.861328125 1.9482421875 1.8154296875 1.8955078125 1.826171875 1.8837890625
9 1.91015625 1.935546875 1.896484375 1.9462890625 1.8486328125 1.8935546875 1.8671875 1.8818359375
9 1.5791015625 1.9306640625 1.5927734375 1.947265625 1.541015625 1.994140625 1.5224609375 1.9794921875
9 1.611328125 1.939453125 1.625 1.9541015625 1.572265625 2.001953125 1.556640625 1.9873046875
9 1.6884765625 1.943359375 1.701171875 1.95703125 1.650390625 2.0048828125 1.6328125 1.9951171875
9 1.7314453125 1.943359375 1.7451171875 1.9541015625 1.6943359375 2.00390625 1.681640625 1.9921875
9 1.7626953125 1.9443359375 1.7763671875 1.955078125 1.7314453125 2.0068359375 1.71484375 1.9921875
9 1.802734375 1.943359375 1.8193359375 1.9580078125 1.767578125 2.0068359375 1.75390625 1.9951171875
9 1.8447265625 1.9482421875 1.8564453125 1.962890625 1.8046875 2.009765625 1.791015625 1.998046875
9 1.880859375 1.94921875 1.8935546875 1.9609375 1.8447265625 2.01171875 1.8271484375 1.9970703125
9 1.919921875 1.9521484375 1.93359375 1.9638671875 1.880859375 2.015625 1.8681640625 2.00390625
9 1.75 2.169921875 1.734375 2.1845703125 1.6806640625 2.12890625 1.693359375 2.1103515625
9 1.7861328125 2.169921875 1.7724609375 2.18359375 1.720703125 2.130859375 1.7314453125 2.11328125
9 1.8271484375 2.1748046875 1.8125 2.1875 1.759765625 2.1318359375 1.7763671875 2.1171875
9 1.86328125 2.177734375 1.849609375 2.189453125 1.7958984375 2.1328125 1.8115234375 2.1181640625
9 1.90234375 2.1767578125 1.890625 2.1875 1.841796875 2.140625 1.853515625 2.126953125
9 1.67578125 2.1787109375 1.689453125 2.1943359375 1.62109375 2.2529296875 1.6083984375 2.2421875
9 1.837890625 1.9345703125 1.826171875 1.947265625 1.775390625 1.8984375 1.7890625 1.8818359375
9 1.7275390625 1.9287109375 1.7177734375 1.9423828125 1.662109375 1.8876953125 1.6787109375 1.875
9 1.8583984375 1.4775390625 1.8759765625 1.4951171875 1.82421875 1.5380859375 1.8046875 1.5283203125
9 1.6904296875 1.927734375 1.673828125 1.9404296875 1.625 1.890625 1.64453125 1.8740234375
9 1.8798828125 1.494140625 1.896484375 1.5087890625 1.8447265625 1.5537109375 1.8291015625 1.5419921875
9 1.9443359375 1.4755859375 1.9599609375 1.4921875 1.9052734375 1.537109375 1.8935546875 1.525390625
9 1.62109375 1.6826171875 1.607421875 1.6923828125 1.5537109375 1.6416015625 1.568359375 1.6259765625
9 1.65625 1.681640625 1.6396484375 1.693359375 1.5908203125 1.640625 1.6044921875 1.62890625
9 1.6884765625 1.6787109375 1.6748046875 1.69140625 1.626953125 1.640625 1.6416015625 1.626953125
9 1.7314453125 1.6865234375 1.7177734375 1.69921875 1.6728515625 1.6474609375 1.681640625 1.630859375
9 1.7666015625 1.6875 1.75 1.697265625 1.7041015625 1.64453125 1.7197265625 1.630859375
9 1.802734375 1.6875 1.7890625 1.69921875 1.7412109375 1.6455078125 1.759765625 1.630859375
9 1.5859375 1.6943359375 1.6015625 1.7119140625 1.5498046875 1.7607421875 1.53125 1.7431640625
9 1.6201171875 1.7041015625 1.6318359375 1.7216796875 1.576171875 1.771484375 1.5634765625 1.7578125
9 1.662109375 1.701171875 1.67578125 1.716796875 1.62109375 1.767578125 1.60546875 1.7529296875
9 1.7001953125 1.7021484375 1.71484375 1.7177734375 1.6640625 1.767578125 1.6474609375 1.751953125
9 1.7431640625 1.7060546875 1.755859375 1.724609375 1.703125 1.7666015625 1.6875 1.7509765625
9 1.7744140625 1.7109375 1.7890625 1.7265625 1.734375 1.7744140625 1.7197265625 1.76171875
9 1.8076171875 1.7119140625 1.8203125 1.73046875 1.767578125 1.7783203125 1.7509765625 1.7646484375
9 1.8466796875 1.7177734375 1.865234375 1.7353515625 1.806640625 1.78125 1.794921875 1.767578125
9 1.6513671875 1.927734375 1.6357421875 1.939453125 1.5869140625 1.888671875 1.6015625 1.8720703125
9 1.841796875 0.974609375 1.826171875 0.9853515625 1.7763671875 0.93359375 1.7939453125 0.91796875
9 1.8046875 0.9716796875 1.791015625 0.986328125 1.7392578125 0.93359375 1.7509765625 0.9208984375
9 1.767578125 0.97265625 1.75390625 0.984375 1.705078125 0.9345703125 1.7177734375 0.919921875
9 1.3662109375 0.4697265625 1.380859375 0.4833984375 1.330078125 0.533203125 1.3154296875 0.5185546875
9 1.439453125 0.4755859375 1.4541015625 0.4892578125 1.39453125 0.541015625 1.37890625 0.5283203125
9 1.482421875 0.4736328125 1.49609375 0.486328125 1.4384765625 0.5400390625 1.423828125 0.529296875
9 1.521484375 0.4736328125 1.53515625 0.4853515625 1.478515625 0.5400390625 1.462890625 0.5283203125
9 1.556640625 0.48046875 1.5693359375 0.4931640625 1.51171875 0.548828125 1.49609375 0.5322265625
9 1.6298828125 0.48828125 1.64453125 0.5009765625 1.587890625 0.5556640625 1.5732421875 0.5390625
9 1.6689453125 0.484375 1.68359375 0.498046875 1.625 0.552734375 1.6142578125 0.5380859375
9 1.7421875 0.4921875 1.7548828125 0.505859375 1.701171875 0.5576171875 1.681640625 0.5419921875
9 1.78515625 0.4892578125 1.80078125 0.5029296875 1.744140625 0.5537109375 1.7294921875 0.5390625
9 1.8193359375 0.4912109375 1.83203125 0.5068359375 1.7802734375 0.5576171875 1.7666015625 0.546875
9 1.8583984375 0.494140625 1.8740234375 0.509765625 1.8173828125 0.5595703125 1.8037109375 0.544921875
9 1.6240234375 0.4140625 1.63671875 0.4287109375 1.5908203125 0.47265625 1.576171875 0.4599609375
9 1.6611328125 0.41796875 1.67578125 0.431640625 1.6259765625 0.474609375 1.61328125 0.462890625
9 1.697265625 0.4189453125 1.7109375 0.43359375 1.6630859375 0.478515625 1.6494140625 0.4619140625
9 1.7666015625 0.43359375 1.78125 0.447265625 1.7333984375 0.490234375 1.7177734375 0.474609375
9 1.09765625 0.6826171875 1.0830078125 0.6962890625 1.033203125 0.6435546875 1.0458984375 0.6279296875
9 1.1357421875 0.68359375 1.123046875 0.69921875 1.0703125 0.646484375 1.083984375 0.6328125
9 1.1748046875 0.685546875 1.1591796875 0.701171875 1.109375 0.6484375 1.1220703125 0.6337890625
9 1.39453125 0.4755859375 1.41015625 0.490234375 1.3544921875 0.546875 1.3369140625 0.5322265625
9 1.3232421875 0.4716796875 1.341796875 0.4853515625 1.2900390625 0.53515625 1.2734375 0.5234375
9 1.248046875 0.6865234375 1.23828125 0.7021484375 1.185546875 0.6494140625 1.1982421875 0.6357421875
9 1.2919921875 0.46875 1.3046875 0.4833984375 1.251953125 0.5302734375 1.2392578125 0.517578125
9 1.0126953125 0.45703125 0.998046875 0.44140625 1.048828125 0.390625 1.0673828125 0.4091796875
9 1.052734375 0.458984375 1.037109375 0.4443359375 1.0888671875 0.3935546875 1.1025390625 0.408203125
9 1.08984375 0.458984375 1.076171875 0.4453125 1.1259765625 0.39453125 1.1416015625 0.40625
9 1.12890625 0.4560546875 1.115234375 0.4453125 1.169921875 0.3916015625 1.18359375 0.40625
9 1.1650390625 0.4609375 1.15234375 0.4482421875 1.205078125 0.3974609375 1.21875 0.412109375
9 1.23828125 0.4677734375 1.2265625 0.455078125 1.271484375 0.41015625 1.2841796875 0.4208984375
9 1.2783203125 0.4677734375 1.2626953125 0.4580078125 1.3125 0.40625 1.328125 0.4228515625
9 1.3212890625 0.462890625 1.3076171875 0.44921875 1.3564453125 0.4033203125 1.37109375 0.419921875
9 1.361328125 0.46484375 1.3466796875 0.4521484375 1.39453125 0.40625 1.41015625 0.423828125
9 1.4345703125 0.46875 1.41796875 0.455078125 1.4677734375 0.408203125 1.4814453125 0.4248046875
9 1.46875 0.4716796875 1.4560546875 0.4599609375 1.5 0.416015625 1.515625 0.4287109375
9 1.5048828125 0.4755859375 1.4892578125 0.466796875 1.5380859375 0.4208984375 1.55078125 0.4345703125
9 1.0595703125 0.455078125 1.0751953125 0.4716796875 1.0185546875 0.5234375 1.0048828125 0.509765625
9 1.140625 0.4580078125 1.1572265625 0.470703125 1.103515625 0.5185546875 1.0888671875 0.50390625
9 1.1787109375 0.458984375 1.1923828125 0.4736328125 1.142578125 0.51953125 1.1279296875 0.5087890625
9 1.2138671875 0.462890625 1.2265625 0.474609375 1.1787109375 0.5224609375 1.1630859375 0.509765625
9 1.2548828125 0.4638671875 1.26953125 0.4765625 1.21875 0.525390625 1.2021484375 0.5107421875
9 1.2109375 0.6865234375 1.1962890625 0.7021484375 1.1455078125 0.646484375 1.16015625 0.6328125
9 1.2900390625 0.6904296875 1.27734375 0.70703125 1.2255859375 0.65234375 1.23828125 0.642578125
9 1.73046875 0.9716796875 1.7158203125 0.9853515625 1.6640625 0.931640625 1.677734375 0.916015625
9 1.6650390625 0.7060546875 1.654296875 0.720703125 1.599609375 0.6669921875 1.6142578125 0.65234375
9 1.744140625 0.708984375 1.7314453125 0.7265625 1.6796875 0.673828125 1.6953125 0.6572265625
9 1.8212890625 0.7177734375 1.8056640625 0.728515625 1.75390625 0.677734375 1.767578125 0.6630859375
9 1.8583984375 0.71875 1.8466796875 0.734375 1.79296875 0.67578125 1.80859375 0.662109375
9 1.90234375 0.720703125 1.884765625 0.7333984375 1.83203125 0.6826171875 1.84765625 0.6640625
9 1.47265625 0.7275390625 1.4873046875 0.7158203125 1.5380859375 0.7705078125 1.5224609375 0.7861328125
9 1.515625 0.732421875 1.5283203125 0.720703125 1.5810546875 0.7763671875 1.568359375 0.7939453125
9 1.5498046875 0.7265625 1.5625 0.7138671875 1.6123046875 0.771484375 1.599609375 0.787109375
9 1.59375 0.73828125 1.6064453125 0.7255859375 1.658203125 0.7841796875 1.6455078125 0.7958984375
9 1.62890625 0.73828125 1.6396484375 0.7236328125 1.6943359375 0.779296875 1.6767578125 0.7939453125
9 1.6640625 0.7373046875 1.67578125 0.724609375 1.7294921875 0.7802734375 1.7158203125 0.79296875
9 1.7021484375 0.736328125 1.7138671875 0.7236328125 1.765625 0.7802734375 1.751953125 0.7939453125
9 1.74609375 0.7421875 1.7587890625 0.7294921875 1.810546875 0.7861328125 1.7978515625 0.7998046875
9 1.779296875 0.7431640625 1.7919921875 0.7314453125 1.8427734375 0.7861328125 1.8310546875 0.8017578125
9 1.8154296875 0.7431640625 1.828125 0.728515625 1.87890625 0.7861328125 1.8671875 0.8017578125
9 1.8564453125 0.7470703125 1.8671875 0.734375 1.921875 0.7890625 1.908203125 0.8037109375
9 1.650390625 0.9599609375 1.6318359375 0.9765625 1.580078125 0.923828125 1.5966796875 0.904296875
9 1.693359375 0.9697265625 1.6796875 0.984375 1.6298828125 0.931640625 1.64453125 0.916015625
9 1.7001953125 0.703125 1.6875 0.712890625 1.6318359375 0.6611328125 1.646484375 0.646484375
9 1.630859375 0.7060546875 1.6181640625 0.71875 1.56640625 0.666015625 1.578125 0.6513671875
9 1.3251953125 0.693359375 1.3134765625 0.70703125 1.2607421875 0.65234375 1.275390625 0.6376953125
9 1.59375 0.705078125 1.5791015625 0.720703125 1.529296875 0.6669921875 1.5419921875 0.6513671875
9 1.3642578125 0.693359375 1.349609375 0.70703125 1.2978515625 0.6552734375 1.3125 0.6396484375
9 1.3994140625 0.6923828125 1.38671875 0.7080078125 1.3349609375 0.65625 1.3466796875 0.6396484375
9 0.9384765625 0.7021484375 0.9560546875 0.6875 1.0048828125 0.7421875 0.9921875 0.755859375
9 0.9814453125 0.7080078125 0.9951171875 0.6953125 1.0439453125 0.7509765625 1.03125 0.76171875
9 1.0556640625 0.708984375 1.068359375 0.6982421875 1.1201171875 0.751953125 1.1044921875 0.765625
9 1.09375 0.7109375 1.1044921875 0.6982421875 1.158203125 0.7548828125 1.1455078125 0.767578125
9 1.12890625 0.7138671875 1.1435546875 0.69921875 1.1962890625 0.755859375 1.1826171875 0.767578125
9 1.1669921875 0.7119140625 1.1806640625 0.6982421875 1.2314453125 0.7529296875 1.216796875 0.767578125
9 1.2041015625 0.712890625 1.21875 0.7021484375 1.26953125 0.7548828125 1.255859375 0.76953125
9 1.240234375 0.7138671875 1.2529296875 0.701171875 1.3076171875 0.7548828125 1.29296875 0.7685546875
9 1.279296875 0.7138671875 1.296875 0.703125 1.3447265625 0.7587890625 1.3310546875 0.7744140625
9 1.3232421875 0.720703125 1.3359375 0.708984375 1.38671875 0.763671875 1.37109375 0.77734375
9 1.3603515625 0.7216796875 1.3720703125 0.7119140625 1.423828125 0.7646484375 1.4130859375 0.77734375
9 1.3935546875 0.71875 1.4072265625 0.7041015625 1.4580078125 0.76171875 1.4443359375 0.7763671875
9 1.478515625 0.701171875 1.4658203125 0.716796875 1.4130859375 0.6630859375 1.427734375 0.646484375
9 1.5166015625 0.7021484375 1.5029296875 0.7158203125 1.451171875 0.6640625 1.46484375 0.646484375
9 1.5546875 0.703125 1.5439453125 0.716796875 1.490234375 0.6640625 1.50390625 0.6494140625
9 1.6396484375 2.1767578125 1.6513671875 2.1923828125 1.5849609375 2.2548828125 1.5712890625 2.23828125
9 1.5966796875 2.1767578125 1.6123046875 2.189453125 1.5595703125 2.2392578125 1.5439453125 2.2275390625
9 1.560546875 2.17578125 1.57421875 2.19140625 1.517578125 2.244140625 1.5 2.2275390625
9 2.64453125 1.7294921875 2.626953125 1.74609375 2.56640625 1.6796875 2.578125 1.6611328125
9 2.724609375 1.7373046875 2.7060546875 1.7490234375 2.646484375 1.68359375 2.66015625 1.6689453125
9 2.2314453125 1.7236328125 2.2490234375 1.7412109375 2.1767578125 1.8046875 2.162109375 1.7880859375
9 2.341796875 1.734375 2.357421875 1.7509765625 2.291015625 1.8076171875 2.2734375 1.794921875
9 2.37890625 1.736328125 2.392578125 1.7509765625 2.328125 1.8095703125 2.3134765625 1.798828125
9 2.4169921875 1.73828125 2.43359375 1.75 2.36328125 1.810546875 2.3505859375 1.798828125
9 2.458984375 1.7421875 2.47265625 1.7578125 2.404296875 1.8154296875 2.38671875 1.8017578125
9 2.49609375 1.7412109375 2.5107421875 1.75390625 2.4423828125 1.8154296875 2.4296875 1.7998046875
9 2.5322265625 1.74609375 2.5439453125 1.7578125 2.48046875 1.81640625 2.4638671875 1.80078125
9 2.5703125 1.744140625 2.583984375 1.759765625 2.517578125 1.818359375 2.50390625 1.80078125
9 2.609375 1.74609375 2.6220703125 1.759765625 2.55859375 1.818359375 2.54296875 1.8056640625
9 2.6513671875 1.7470703125 2.6630859375 1.7607421875 2.59765625 1.822265625 2.5791015625 1.806640625
9 2.6845703125 1.7509765625 2.7001953125 1.765625 2.6337890625 1.8251953125 2.619140625 1.8115234375
9 2.7275390625 1.75390625 2.740234375 1.7646484375 2.6767578125 1.828125 2.6591796875 1.8125
9 2.2216796875 1.95703125 2.203125 1.974609375 2.1416015625 1.90234375 2.162109375 1.884765625
9 2.2568359375 1.947265625 2.2373046875 1.962890625 2.177734375 1.8974609375 2.1923828125 1.8798828125
9 2.3271484375 1.958984375 2.3095703125 1.96875 2.251953125 1.904296875 2.2666015625 1.8857421875
9 2.3603515625 1.9541015625 2.3466796875 1.96484375 2.283203125 1.8994140625 2.3017578125 1.884765625
9 2.6845703125 1.7314453125 2.666015625 1.744140625 2.6025390625 1.6787109375 2.6171875 1.66015625
9 2.607421875 1.728515625 2.587890625 1.7431640625 2.52734375 1.677734375 2.5419921875 1.6611328125
9 2.51953125 1.9658203125 2.501953125 1.978515625 2.443359375 1.912109375 2.455078125 1.8994140625
9 2.564453125 1.7236328125 2.5478515625 1.7421875 2.486328125 1.673828125 2.5009765625 1.65625
9 2.38671875 1.50390625 2.4013671875 1.517578125 2.333984375 1.576171875 2.318359375 1.564453125
9 2.466796875 1.50390625 2.482421875 1.517578125 2.416015625 1.576171875 2.4033203125 1.5625
9 2.51171875 1.5 2.5234375 1.513671875 2.458984375 1.5712890625 2.4443359375 1.5576171875
9 2.54296875 1.5087890625 2.5576171875 1.5234375 2.486328125 1.58203125 2.474609375 1.5703125
9 2.580078125 1.5078125 2.595703125 1.5234375 2.5302734375 1.58203125 2.51171875 1.5703125
9 2.619140625 1.5087890625 2.6328125 1.5263671875 2.56640625 1.587890625 2.5537109375 1.57421875
9 2.6572265625 1.513671875 2.6708984375 1.5263671875 2.603515625 1.58984375 2.5869140625 1.5751953125
9 2.69140625 1.51953125 2.7080078125 1.53125 2.640625 1.5927734375 2.625 1.5791015625
9 2.7333984375 1.51953125 2.748046875 1.5341796875 2.6826171875 1.595703125 2.6669921875 1.58203125
9 2.23046875 1.7119140625 2.21484375 1.7265625 2.1513671875 1.658203125 2.1669921875 1.642578125
9 2.2705078125 1.720703125 2.251953125 1.732421875 2.1923828125 1.6630859375 2.2080078125 1.6474609375
9 2.3046875 1.71875 2.287109375 1.7333984375 2.2275390625 1.66015625 2.244140625 1.646484375
9 2.3427734375 1.716796875 2.32421875 1.7265625 2.265625 1.6630859375 2.279296875 1.6455078125
9 2.4208984375 1.7236328125 2.4033203125 1.73828125 2.341796875 1.6708984375 2.3564453125 1.65234375
9 2.455078125 1.7294921875 2.44140625 1.7412109375 2.384765625 1.669921875 2.396484375 1.6572265625
9 2.4951171875 1.7275390625 2.48046875 1.7421875 2.4228515625 1.6796875 2.4365234375 1.66015625
9 2.5322265625 1.7294921875 2.5146484375 1.7431640625 2.4521484375 1.673828125 2.46484375 1.6591796875
9 2.40234375 1.95703125 2.38671875 1.9697265625 2.32421875 1.904296875 2.33984375 1.8896484375
9 2.5546875 1.962890625 2.5341796875 1.978515625 2.4755859375 1.9111328125 2.490234375 1.8916015625
9 2.3134765625 1.498046875 2.3251953125 1.5126953125 2.259765625 1.572265625 2.2451171875 1.560546875
9 2.396484375 2.1982421875 2.3818359375 2.2109375 2.3193359375 2.146484375 2.333984375 2.1337890625
9 2.5087890625 2.205078125 2.4931640625 2.2177734375 2.435546875 2.1513671875 2.447265625 2.134765625
9 2.55078125 2.2060546875 2.53515625 2.2177734375 2.47265625 2.1494140625 2.486328125 2.13671875
9 2.5888671875 2.205078125 2.5712890625 2.2177734375 2.5107421875 2.1572265625 2.525390625 2.142578125
9 2.66015625 2.208984375 2.64453125 2.2197265625 2.583984375 2.15625 2.6044921875 2.1416015625
9 2.2138671875 2.1982421875 2.228515625 2.216796875 2.1669921875 2.2744140625 2.1435546875 2.2626953125
9 2.248046875 2.205078125 2.263671875 2.22265625 2.1982421875 2.2783203125 2.181640625 2.2666015625
9 2.2861328125 2.2099609375 2.30078125 2.224609375 2.2314453125 2.28515625 2.2177734375 2.271484375
9 2.322265625 2.2138671875 2.3359375 2.2255859375 2.2763671875 2.2880859375 2.26171875 2.27734375
9 2.36328125 2.2109375 2.3759765625 2.2216796875 2.3125 2.28515625 2.2958984375 2.2724609375
9 2.3994140625 2.2138671875 2.412109375 2.2275390625 2.34765625 2.287109375 2.3349609375 2.2763671875
9 2.4736328125 2.2158203125 2.490234375 2.2265625 2.423828125 2.2939453125 2.412109375 2.2802734375
9 2.552734375 2.2197265625 2.56640625 2.234375 2.5029296875 2.294921875 2.4892578125 2.28515625
9 2.6279296875 2.2216796875 2.642578125 2.2373046875 2.580078125 2.2958984375 2.564453125 2.283203125
9 2.6640625 2.2216796875 2.6806640625 2.23828125 2.6181640625 2.2939453125 2.603515625 2.2841796875
9 2.6005859375 2.953125 2.5859375 2.966796875 2.521484375 2.9013671875 2.5341796875 2.8857421875
9 2.666015625 2.9619140625 2.6494140625 2.9736328125 2.5888671875 2.908203125 2.6015625 2.892578125
9 2.7041015625 2.9638671875 2.689453125 2.974609375 2.625 2.90625 2.6396484375 2.8916015625
9 2.43359375 2.1962890625 2.4169921875 2.2099609375 2.3525390625 2.1435546875 2.3681640625 2.12890625
9 2.3603515625 2.1982421875 2.33984375 2.21484375 2.283203125 2.1474609375 2.2998046875 2.12890625
9 2.6376953125 1.9716796875 2.6171875 1.9833984375 2.556640625 1.919921875 2.5732421875 1.90234375
9 2.3173828125 2.1953125 2.306640625 2.2080078125 2.248046875 2.1396484375 2.2587890625 2.126953125
9 2.669921875 1.9658203125 2.65234375 1.9794921875 2.591796875 1.916015625 2.6064453125 1.8984375
9 2.712890625 1.974609375 2.697265625 1.9873046875 2.6376953125 1.921875 2.654296875 1.90625
9 2.216796875 1.96875 2.2314453125 1.9853515625 2.1630859375 2.0419921875 2.1484375 2.0263671875
9 2.2568359375 1.9677734375 2.271484375 1.9833984375 2.2060546875 2.041015625 2.193359375 2.0234375
9 2.296875 1.9736328125 2.3095703125 1.98828125 2.2412109375 2.044921875 2.2275390625 2.0302734375
9 2.333984375 1.9736328125 2.34765625 1.9853515625 2.2822265625 2.04296875 2.2685546875 2.029296875
9 2.3642578125 1.9755859375 2.37890625 1.9912109375 2.310546875 2.0498046875 2.2958984375 2.03515625
9 2.412109375 1.98046875 2.4228515625 1.9931640625 2.3544921875 2.0498046875 2.34375 2.037109375
9 2.447265625 1.9814453125 2.4619140625 1.9951171875 2.396484375 2.0537109375 2.380859375 2.037109375
9 2.5185546875 1.982421875 2.533203125 1.9970703125 2.462890625 2.05859375 2.447265625 2.04296875
9 2.5625 1.9833984375 2.5771484375 1.9970703125 2.5107421875 2.0576171875 2.5 2.04296875
9 2.5986328125 1.9833984375 2.6103515625 1.998046875 2.546875 2.0654296875 2.525390625 2.044921875
9 2.673828125 1.990234375 2.6865234375 2.0048828125 2.62109375 2.0634765625 2.6044921875 2.046875
9 2.7138671875 1.994140625 2.7275390625 2.0087890625 2.662109375 2.0654296875 2.6455078125 2.0537109375
9 2.2001953125 2.1845703125 2.1845703125 2.197265625 2.123046875 2.1298828125 2.1376953125 2.115234375
9 2.2431640625 2.189453125 2.2294921875 2.2021484375 2.169921875 2.13671875 2.185546875 2.1220703125
9 2.2841796875 2.1962890625 2.267578125 2.2060546875 2.208984375 2.138671875 2.2216796875 2.1240234375
9 2.35546875 1.4970703125 2.369140625 1.5087890625 2.2998046875 1.572265625 2.283203125 1.5595703125
9 2.2783203125 1.4921875 2.2890625 1.51171875 2.2236328125 1.5673828125 2.2080078125 1.552734375
9 1.6640625 2.423828125 1.6484375 2.439453125 1.587890625 2.3740234375 1.6015625 2.359375
9 1.1923828125 2.3486328125 1.2119140625 2.365234375 1.1533203125 2.4228515625 1.138671875 2.4052734375
9 1.251953125 2.3662109375 1.265625 2.3828125 1.2255859375 2.4208984375 1.2080078125 2.4052734375
9 2.2626953125 0.998046875 2.2470703125 1.0107421875 2.185546875 0.9462890625 2.19921875 0.9306640625
9 2.29296875 0.994140625 2.2783203125 1.0068359375 2.2158203125 0.9404296875 2.2314453125 0.92578125
9 2.3408203125 1.0068359375 2.3251953125 1.0205078125 2.2646484375 0.9521484375 2.2783203125 0.935546875
9 2.3740234375 1.00390625 2.359375 1.015625 2.2978515625 0.9453125 2.314453125 0.9326171875
9 2.4560546875 1.0087890625 2.44140625 1.0234375 2.3759765625 0.95703125 2.388671875 0.94140625
9 2.48828125 1.01171875 2.47265625 1.0234375 2.4169921875 0.955078125 2.431640625 0.94140625
9 2.2607421875 1.0126953125 2.2744140625 1.0322265625 2.20703125 1.0908203125 2.1904296875 1.07421875
9 2.294921875 1.0205078125 2.3115234375 1.0390625 2.2451171875 1.095703125 2.228515625 1.0830078125
9 2.3359375 1.0234375 2.349609375 1.0361328125 2.283203125 1.0986328125 2.2666015625 1.0849609375
9 2.4169921875 1.017578125 2.431640625 1.0302734375 2.3662109375 1.091796875 2.349609375 1.0771484375
9 2.4462890625 1.025390625 2.4619140625 1.04296875 2.3984375 1.10546875 2.3828125 1.09375
9 2.494140625 1.0263671875 2.505859375 1.0390625 2.4384765625 1.1025390625 2.423828125 1.0859375
9 2.5302734375 1.0263671875 2.54296875 1.0400390625 2.4755859375 1.1005859375 2.4609375 1.0830078125
9 2.5673828125 1.025390625 2.58203125 1.041015625 2.517578125 1.103515625 2.501953125 1.0869140625
9 2.6025390625 1.0283203125 2.6162109375 1.0458984375 2.5517578125 1.107421875 2.53515625 1.0927734375
9 2.64453125 1.0302734375 2.6572265625 1.0458984375 2.5908203125 1.103515625 2.5771484375 1.08984375
9 1.2255859375 2.3525390625 1.240234375 2.3701171875 1.1875 2.4248046875 1.1708984375 2.41015625
9 1.1572265625 2.34375 1.173828125 2.361328125 1.11328125 2.421875 1.0908203125 2.40234375
9 2.6748046875 1.0166015625 2.6630859375 1.029296875 2.60546875 0.962890625 2.6171875 0.947265625
9 1.068359375 2.3544921875 1.0849609375 2.37109375 1.0185546875 2.43359375 1.00390625 2.4189453125
9 1.7021484375 2.4287109375 1.685546875 2.4443359375 1.6279296875 2.3740234375 1.6416015625 2.361328125
9 1.740234375 2.4287109375 1.7216796875 2.4453125 1.662109375 2.375 1.67578125 2.3583984375
9 1.7783203125 2.4345703125 1.7646484375 2.447265625 1.7021484375 2.376953125 1.716796875 2.3603515625
9 1.8173828125 2.4326171875 1.7998046875 2.4482421875 1.7392578125 2.380859375 1.7548828125 2.3642578125
9 1.888671875 2.43359375 1.8701171875 2.4462890625 1.8125 2.37890625 1.830078125 2.36328125
9 1.5537109375 2.4296875 1.572265625 2.443359375 1.50390625 2.50390625 1.484375 2.48828125
9 1.62890625 2.43359375 1.638671875 2.44921875 1.5751953125 2.51171875 1.55859375 2.498046875
9 1.6650390625 2.44140625 1.6806640625 2.453125 1.61328125 2.5146484375 1.59765625 2.5009765625
9 1.703125 2.44921875 1.716796875 2.4619140625 1.6484375 2.5224609375 1.634765625 2.5087890625
9 1.8115234375 2.451171875 1.8271484375 2.4638671875 1.765625 2.5224609375 1.748046875 2.513671875
9 1.884765625 2.4541015625 1.8994140625 2.4677734375 1.8310546875 2.52734375 1.8173828125 2.515625
9 1.5234375 2.6494140625 1.53515625 2.66796875 1.46484375 2.7236328125 1.44921875 2.708984375
9 1.537109375 2.671875 1.548828125 2.6865234375 1.4814453125 2.74609375 1.4677734375 2.734375
9 1.650390625 2.6767578125 1.6630859375 2.689453125 1.5947265625 2.75390625 1.580078125 2.7373046875
9 1.716796875 2.6904296875 1.7294921875 2.7041015625 1.677734375 2.7529296875 1.662109375 2.73828125
9 1.552734375 2.853515625 1.568359375 2.833984375 1.62109375 2.9013671875 1.59765625 2.9130859375
9 1.03515625 2.3486328125 1.0498046875 2.36328125 0.998046875 2.4111328125 0.9814453125 2.400390625
9 2.6435546875 1.0166015625 2.6279296875 1.02734375 2.5654296875 0.9638671875 2.5791015625 0.9482421875
9 2.716796875 1.017578125 2.7001953125 1.0302734375 2.638671875 0.9677734375 2.650390625 0.9501953125
9 2.7294921875 1.494140625 2.7158203125 1.5068359375 2.658203125 1.44140625 2.671875 1.4267578125
9 2.4765625 1.2646484375 2.4951171875 1.28125 2.423828125 1.341796875 2.412109375 1.3310546875
9 2.5595703125 1.265625 2.572265625 1.28125 2.505859375 1.3408203125 2.4892578125 1.326171875
9 2.5966796875 1.26953125 2.611328125 1.28125 2.5478515625 1.34375 2.529296875 1.33203125
9 2.6767578125 1.265625 2.6875 1.28125 2.6201171875 1.3408203125 2.6064453125 1.3291015625
9 2.7060546875 1.2783203125 2.7197265625 1.2939453125 2.654296875 1.3505859375 2.6357421875 1.337890625
9 2.740234375 1.28125 2.7568359375 1.2978515625 2.6884765625 1.3564453125 2.673828125 1.345703125
9 2.2373046875 1.4736328125 2.2197265625 1.484375 2.16015625 1.4169921875 2.1767578125 1.4013671875
9 2.271484375 1.4697265625 2.2509765625 1.4814453125 2.1953125 1.4111328125 2.2109375 1.3984375
9 2.3095703125 1.470703125 2.29296875 1.4853515625 2.232421875 1.4169921875 2.248046875 1.40234375
9 2.357421875 1.482421875 2.341796875 1.4970703125 2.27734375 1.4287109375 2.294921875 1.416015625
9 2.390625 1.482421875 2.3701171875 1.4951171875 2.3125 1.42578125 2.3291015625 1.4111328125
9 2.4296875 1.4833984375 2.4140625 1.4931640625 2.3515625 1.4296875 2.36328125 1.4140625
9 2.466796875 1.4873046875 2.4541015625 1.4970703125 2.392578125 1.4306640625 2.40625 1.416015625
9 2.5078125 1.484375 2.4931640625 1.498046875 2.4248046875 1.4287109375 2.4443359375 1.4169921875
9 2.5458984375 1.48828125 2.521484375 1.501953125 2.46875 1.4345703125 2.4814453125 1.419921875
9 2.6103515625 1.48828125 2.5947265625 1.5 2.5380859375 1.4365234375 2.5576171875 1.4169921875
9 2.650390625 1.4892578125 2.6357421875 1.5 2.578125 1.4306640625 2.595703125 1.4150390625
9 2.6943359375 1.494140625 2.677734375 1.509765625 2.6201171875 1.4443359375 2.6328125 1.4267578125
9 2.5185546875 1.2646484375 2.53125 1.27734375 2.466796875 1.341796875 2.4521484375 1.326171875
9 2.443359375 1.2607421875 2.45703125 1.27734375 2.3876953125 1.337890625 2.376953125 1.3212890625
9 2.7548828125 1.0205078125 2.736328125 1.0322265625 2.681640625 0.966796875 2.693359375 0.9501953125
9 2.40234375 1.2607421875 2.4150390625 1.2744140625 2.3544921875 1.3330078125 2.3359375 1.322265625
9 2.6806640625 1.033203125 2.693359375 1.048828125 2.6298828125 1.107421875 2.6103515625 1.09375
9 2.7177734375 1.0341796875 2.73046875 1.048828125 2.6669921875 1.107421875 2.650390625 1.095703125
9 2.755859375 1.0390625 2.771484375 1.0546875 2.7060546875 1.1103515625 2.689453125 1.09765625
9 2.287109375 1.2373046875 2.271484375 1.248046875 2.2109375 1.1845703125 2.2265625 1.16796875
9 2.32421875 1.2373046875 2.30859375 1.25 2.248046875 1.1845703125 2.2607421875 1.1669921875
9 2.3662109375 1.2431640625 2.3486328125 1.255859375 2.2841796875 1.18359375 2.298828125 1.173828125
9 2.4033203125 1.2421875 2.38671875 1.255859375 2.3271484375 1.1923828125 2.33984375 1.1767578125
9 2.4365234375 1.24609375 2.41796875 1.2578125 2.3642578125 1.189453125 2.3798828125 1.1748046875
9 2.4755859375 1.2451171875 2.4599609375 1.255859375 2.4013671875 1.1923828125 2.4169921875 1.177734375
9 2.515625 1.25 2.5 1.2607421875 2.4404296875 1.197265625 2.455078125 1.1806640625
9 2.552734375 1.248046875 2.537109375 1.2607421875 2.4765625 1.197265625 2.4892578125 1.181640625
9 2.5908203125 1.25 2.5751953125 1.26171875 2.513671875 1.197265625 2.5302734375 1.18359375
9 2.630859375 1.251953125 2.6123046875 1.265625 2.5517578125 1.19921875 2.56640625 1.185546875
9 2.6669921875 1.251953125 2.6494140625 1.265625 2.5888671875 1.19921875 2.6025390625 1.1845703125
9 2.7421875 1.2587890625 2.7294921875 1.2705078125 2.669921875 1.2060546875 2.6845703125 1.1904296875
9 2.3134765625 1.267578125 2.3251953125 1.2841796875 2.263671875 1.341796875 2.24609375 1.3251953125
9 2.3681640625 1.2548828125 2.3857421875 1.2705078125 2.318359375 1.3291015625 2.298828125 1.3134765625
9 0.9765625 0.4560546875 0.9560546875 0.4375 1.0166015625 0.3828125 1.0302734375 0.4033203125
