9 1.099609375 0.265625 1.1162109375 0.28515625 1.0322265625 0.3515625 1.0185546875 0.3359375
10 0.19921875 0.603515625 0.208984375 0.6103515625 0.19140625 0.6328125 0.181640625 0.625
10 0.6533203125 0.974609375 0.6533203125 0.9853515625 0.6259765625 0.9873046875 0.625 0.9755859375
10 0.5576171875 0.9833984375 0.5576171875 0.99609375 0.529296875 1.0 0.525390625 0.986328125
10 0.876953125 0.52734375 0.888671875 0.52734375 0.8916015625 0.556640625 0.8779296875 0.5576171875
10 0.7646484375 0.4384765625 0.7607421875 0.42578125 0.79296875 0.4208984375 0.79296875 0.4326171875
10 0.6806640625 0.1005859375 0.669921875 0.08984375 0.6923828125 0.0615234375 0.70703125 0.0751953125
10 0.28125 1.251953125 0.2919921875 1.259765625 0.275390625 1.283203125 0.26171875 1.2763671875
10 0.2119140625 1.18359375 0.201171875 1.173828125 0.216796875 1.15234375 0.2314453125 1.162109375
10 0.4375 1.0234375 0.4453125 1.03125 0.427734375 1.0556640625 0.4140625 1.0458984375
10 0.3779296875 0.7080078125 0.36328125 0.708984375 0.36328125 0.6787109375 0.37890625 0.677734375
10 0.1416015625 0.677734375 0.1513671875 0.6865234375 0.1376953125 0.7099609375 0.125 0.701171875
10 0.111328125 0.720703125 0.1201171875 0.728515625 0.10546875 0.748046875 0.09375 0.740234375
10 0.1640625 0.3876953125 0.15625 0.3984375 0.1328125 0.376953125 0.140625 0.369140625
10 1.0625 0.2685546875 1.0703125 0.2763671875 1.05078125 0.2958984375 1.0419921875 0.2890625
10 0.138671875 0.365234375 0.1298828125 0.375 0.107421875 0.3525390625 0.1162109375 0.341796875
10 0.1064453125 0.337890625 0.0986328125 0.3466796875 0.0751953125 0.3271484375 0.083984375 0.31640625
10 0.16796875 0.361328125 0.16015625 0.369140625 0.138671875 0.3505859375 0.146484375 0.341796875
10 0.2607421875 0.318359375 0.2705078125 0.30859375 0.291015625 0.328125 0.2802734375 0.3369140625
10 0.220703125 0.283203125 0.228515625 0.2744140625 0.251953125 0.2958984375 0.244140625 0.3046875
10 0.19140625 0.2578125 0.1982421875 0.248046875 0.2216796875 0.267578125 0.212890625 0.27734375
10 0.1640625 0.2392578125 0.171875 0.228515625 0.19140625 0.2451171875 0.18359375 0.25390625
10 0.1435546875 0.2158203125 0.1513671875 0.20703125 0.169921875 0.2265625 0.162109375 0.2333984375
10 0.1162109375 0.193359375 0.123046875 0.1845703125 0.1474609375 0.205078125 0.1376953125 0.212890625
10 0.0625 0.173828125 0.0712890625 0.166015625 0.08984375 0.1826171875 0.08203125 0.19140625
10 0.0869140625 0.169921875 0.09765625 0.1611328125 0.1171875 0.1806640625 0.1123046875 0.1904296875
9 0.736328125 0.978515625 0.7412109375 0.99609375 0.640625 1.0166015625 0.6357421875 0.9951171875
10 0.83203125 0.935546875 0.8427734375 0.9462890625 0.8173828125 0.96875 0.8076171875 0.958984375
10 0.927734375 1.25390625 0.939453125 1.263671875 0.921875 1.2880859375 0.90625 1.2783203125
10 0.9091796875 1.240234375 0.912109375 1.228515625 0.943359375 1.2314453125 0.94140625 1.2451171875
10 1.001953125 0.3525390625 0.9931640625 0.34765625 1.0068359375 0.3271484375 1.0146484375 0.33203125
10 0.9150390625 0.697265625 0.9296875 0.697265625 0.9296875 0.73046875 0.9140625 0.732421875
10 0.9072265625 0.7509765625 0.9208984375 0.75390625 0.9150390625 0.77734375 0.900390625 0.77734375
10 0.900390625 0.8115234375 0.9140625 0.814453125 0.900390625 0.845703125 0.888671875 0.83984375
10 0.9794921875 1.2197265625 0.9931640625 1.220703125 0.990234375 1.24609375 0.974609375 1.2470703125
10 0.9609375 1.1435546875 0.9775390625 1.14453125 0.9765625 1.17578125 0.958984375 1.173828125
10 0.9912109375 1.1552734375 1.0048828125 1.15625 1.00390625 1.189453125 0.9873046875 1.189453125
10 1.01171875 1.166015625 1.025390625 1.1650390625 1.0263671875 1.1982421875 1.013671875 1.19921875
10 1.0322265625 1.177734375 1.048828125 1.1796875 1.0458984375 1.2080078125 1.0283203125 1.20703125
10 1.0654296875 1.134765625 1.0791015625 1.1396484375 1.07421875 1.166015625 1.0615234375 1.1630859375
10 1.0478515625 1.125 1.0625 1.1259765625 1.056640625 1.1572265625 1.04296875 1.1552734375
10 1.0302734375 1.1083984375 1.0400390625 1.1123046875 1.03515625 1.142578125 1.0224609375 1.140625
10 1.001953125 1.0908203125 1.01953125 1.0927734375 1.0166015625 1.1259765625 1.0029296875 1.1259765625
10 0.986328125 1.076171875 1.0 1.078125 0.9970703125 1.107421875 0.984375 1.1083984375
10 0.962890625 1.060546875 0.9775390625 1.060546875 0.9765625 1.091796875 0.9638671875 1.0927734375
10 0.94140625 1.044921875 0.9560546875 1.0439453125 0.9580078125 1.080078125 0.9423828125 1.08203125
10 0.90625 1.0703125 0.9140625 1.0576171875 0.9365234375 1.0791015625 0.927734375 1.0869140625
10 0.90234375 1.1025390625 0.91015625 1.08984375 0.9375 1.103515625 0.9306640625 1.1142578125
10 0.90625 1.1240234375 0.91015625 1.1142578125 0.943359375 1.125 0.939453125 1.134765625
10 0.9052734375 1.1513671875 0.908203125 1.138671875 0.943359375 1.14453125 0.9404296875 1.15625
10 0.904296875 1.17578125 0.90625 1.1640625 0.939453125 1.1669921875 0.9384765625 1.1796875
10 0.908203125 1.1953125 0.9091796875 1.181640625 0.9443359375 1.1875 0.9423828125 1.19921875
10 0.9052734375 1.2177734375 0.9052734375 1.2060546875 0.943359375 1.20703125 0.9423828125 1.220703125
12 0.2578125 0.3623046875 1.0224609375 0.3623046875 1.0224609375 1.1103515625 0.2578125 1.1103515625
