14 0.6259765625 0.556640625 0.65625 0.5888671875 0.642578125 0.60546875 0.609375 0.5810546875
14 1.3193359375 0.291015625 1.369140625 0.291015625 1.369140625 0.31640625 1.3193359375 0.31640625
14 1.94921875 1.693359375 1.99609375 1.6982421875 1.990234375 1.7373046875 1.9443359375 1.73046875
14 1.919921875 2.056640625 1.9453125 2.056640625 1.9384765625 2.099609375 1.9130859375 2.1025390625
14 1.91796875 1.9833984375 1.955078125 1.98828125 1.94921875 2.044921875 1.9150390625 2.044921875
14 1.607421875 2.0400390625 1.6318359375 2.0478515625 1.6318359375 2.08984375 1.6044921875 2.0869140625
14 1.642578125 1.990234375 1.6650390625 1.9912109375 1.6640625 2.0361328125 1.638671875 2.0361328125
14 1.216796875 1.283203125 1.2578125 1.2919921875 1.2568359375 1.3330078125 1.2177734375 1.3291015625
14 1.3623046875 1.3818359375 1.404296875 1.3876953125 1.400390625 1.4130859375 1.359375 1.404296875
14 1.4462890625 1.375 1.5 1.384765625 1.5 1.41796875 1.447265625 1.4140625
14 1.544921875 1.3388671875 1.5888671875 1.357421875 1.5830078125 1.376953125 1.53515625 1.3701171875
14 1.53125 1.375 1.5615234375 1.3857421875 1.5546875 1.4248046875 1.52734375 1.4248046875
14 1.630859375 1.40625 1.6689453125 1.40234375 1.6640625 1.439453125 1.6328125 1.447265625
14 1.5908203125 1.3525390625 1.654296875 1.3505859375 1.6455078125 1.3779296875 1.5908203125 1.384765625
14 1.685546875 1.3564453125 1.7373046875 1.359375 1.73046875 1.3857421875 1.6943359375 1.38671875
14 1.7861328125 1.3955078125 1.8447265625 1.4013671875 1.841796875 1.4248046875 1.7861328125 1.4306640625
14 1.7939453125 1.34375 1.833984375 1.34375 1.8251953125 1.3818359375 1.791015625 1.3818359375
14 1.8857421875 1.35546875 1.939453125 1.3662109375 1.9296875 1.3974609375 1.8779296875 1.3896484375
14 1.8671875 1.7001953125 1.9169921875 1.705078125 1.908203125 1.7373046875 1.865234375 1.7353515625
14 1.783203125 1.701171875 1.83203125 1.705078125 1.8310546875 1.732421875 1.783203125 1.7255859375
14 1.7412109375 1.7275390625 1.7861328125 1.7333984375 1.7734375 1.7734375 1.732421875 1.7568359375
14 1.9833984375 1.3671875 2.00390625 1.345703125 2.0263671875 1.3857421875 2.0068359375 1.40234375
14 1.5810546875 0.2998046875 1.626953125 0.2998046875 1.626953125 0.33203125 1.5810546875 0.33203125
14 1.5966796875 1.7333984375 1.6474609375 1.7373046875 1.6376953125 1.771484375 1.5927734375 1.7685546875
14 1.583984375 0.3544921875 1.6318359375 0.3544921875 1.6318359375 0.390625 1.583984375 0.390625
14 1.3232421875 0.6064453125 1.3544921875 0.6064453125 1.3544921875 0.65625 1.3232421875 0.65625
14 1.359375 0.6474609375 1.421875 0.6474609375 1.421875 0.68359375 1.359375 0.68359375
14 1.4736328125 0.6435546875 1.5302734375 0.6435546875 1.5302734375 0.6796875 1.4736328125 0.6796875
14 1.544921875 0.658203125 1.609375 0.658203125 1.609375 0.689453125 1.544921875 0.689453125
14 1.6787109375 0.634765625 1.71484375 0.634765625 1.71484375 0.6875 1.6787109375 0.6875
14 1.6279296875 0.6982421875 1.697265625 0.6982421875 1.697265625 0.7314453125 1.6279296875 0.7314453125
14 1.98828125 0.6806640625 2.0498046875 0.6806640625 2.0498046875 0.7197265625 1.98828125 0.7197265625
14 1.9013671875 0.6708984375 1.9501953125 0.6708984375 1.9501953125 0.71484375 1.9013671875 0.71484375
14 1.810546875 0.662109375 1.859375 0.662109375 1.859375 0.703125 1.810546875 0.703125
14 1.748046875 0.669921875 1.7958984375 0.669921875 1.7958984375 0.69921875 1.748046875 0.69921875
14 1.857421875 0.3603515625 1.9033203125 0.3603515625 1.9033203125 0.396484375 1.857421875 0.396484375
14 1.9091796875 0.3623046875 1.958984375 0.3623046875 1.958984375 0.4111328125 1.9091796875 0.4111328125
14 2.099609375 0.373046875 2.162109375 0.373046875 2.162109375 0.41015625 2.099609375 0.41015625
14 2.1044921875 0.33203125 2.1533203125 0.33203125 2.1533203125 0.365234375 2.1044921875 0.365234375
14 2.021484375 0.3359375 2.0791015625 0.3359375 2.0791015625 0.3671875 2.021484375 0.3671875
14 1.9306640625 0.3271484375 1.97265625 0.3271484375 1.97265625 0.3544921875 1.9306640625 0.3544921875
14 1.8583984375 0.322265625 1.9033203125 0.322265625 1.9033203125 0.353515625 1.8583984375 0.353515625
14 1.7626953125 0.3173828125 1.8134765625 0.3173828125 1.8134765625 0.3486328125 1.7626953125 0.3486328125
14 1.3310546875 0.3603515625 1.3681640625 0.3603515625 1.3681640625 0.4052734375 1.3310546875 0.4052734375
14 1.705078125 1.693359375 1.7529296875 1.7041015625 1.7421875 1.73046875 1.701171875 1.712890625
14 1.560546875 1.7177734375 1.5888671875 1.748046875 1.5712890625 1.771484375 1.5380859375 1.7421875
14 1.740234375 0.7109375 1.7861328125 0.7109375 1.7861328125 0.7412109375 1.740234375 0.7412109375
14 1.0224609375 0.484375 1.0498046875 0.4912109375 1.0498046875 0.546875 1.01953125 0.5439453125
14 1.0791015625 0.3076171875 1.09765625 0.30859375 1.0927734375 0.35546875 1.07421875 0.35546875
14 1.0234375 0.3125 1.060546875 0.3115234375 1.052734375 0.3623046875 1.01953125 0.3603515625
14 1.0810546875 0.23828125 1.099609375 0.2412109375 1.1025390625 0.2900390625 1.078125 0.287109375
14 1.03515625 0.1630859375 1.0634765625 0.166015625 1.056640625 0.21484375 1.037109375 0.2138671875
14 1.0791015625 0.1337890625 1.1142578125 0.138671875 1.1083984375 0.1923828125 1.080078125 0.19140625
14 1.08984375 0.060546875 1.1103515625 0.0615234375 1.1083984375 0.103515625 1.0859375 0.1044921875
14 1.0302734375 0.0400390625 1.076171875 0.0458984375 1.078125 0.080078125 1.048828125 0.08984375
14 0.138671875 0.001953125 0.16015625 0.005859375 0.154296875 0.0654296875 0.130859375 0.0634765625
14 0.130859375 0.107421875 0.166015625 0.111328125 0.154296875 0.171875 0.125 0.1708984375
14 0.345703125 0.2646484375 0.3984375 0.2705078125 0.3955078125 0.294921875 0.341796875 0.2939453125
14 0.439453125 0.2724609375 0.4892578125 0.27734375 0.4833984375 0.30859375 0.439453125 0.302734375
14 0.6015625 0.2919921875 0.658203125 0.298828125 0.64453125 0.3212890625 0.6005859375 0.3203125
14 0.7275390625 0.283203125 0.763671875 0.29296875 0.7568359375 0.3173828125 0.7265625 0.310546875
14 0.7822265625 0.2919921875 0.8349609375 0.294921875 0.8359375 0.3173828125 0.78515625 0.32421875
14 0.8037109375 0.255859375 0.8466796875 0.2626953125 0.8466796875 0.2900390625 0.798828125 0.2802734375
14 0.72265625 0.2548828125 0.7685546875 0.2548828125 0.76171875 0.28515625 0.720703125 0.28125
14 0.6337890625 0.248046875 0.6787109375 0.2568359375 0.671875 0.28125 0.6318359375 0.2783203125
14 0.505859375 0.236328125 0.5341796875 0.2509765625 0.521484375 0.2744140625 0.494140625 0.248046875
14 0.4375 0.2421875 0.48828125 0.244140625 0.4853515625 0.2724609375 0.4345703125 0.263671875
14 1.0693359375 0.4150390625 1.103515625 0.421875 1.09375 0.46875 1.072265625 0.46484375
14 1.0615234375 0.4970703125 1.083984375 0.49609375 1.0849609375 0.54296875 1.0615234375 0.5439453125
14 1.4951171875 1.66015625 1.5224609375 1.669921875 1.5185546875 1.7060546875 1.4873046875 1.705078125
14 1.0615234375 0.5654296875 1.08984375 0.5712890625 1.0751953125 0.615234375 1.0546875 0.6162109375
14 1.4287109375 1.685546875 1.4755859375 1.6904296875 1.4794921875 1.71484375 1.423828125 1.7060546875
14 1.404296875 1.7216796875 1.4501953125 1.732421875 1.4462890625 1.751953125 1.4013671875 1.75
14 1.30078125 1.734375 1.34375 1.7109375 1.357421875 1.73828125 1.306640625 1.759765625
14 1.30078125 1.66796875 1.3203125 1.65625 1.3525390625 1.697265625 1.322265625 1.7109375
14 1.2421875 1.693359375 1.2802734375 1.658203125 1.298828125 1.681640625 1.259765625 1.7158203125
14 1.037109375 1.6982421875 1.0859375 1.7060546875 1.0810546875 1.7333984375 1.0361328125 1.7255859375
14 0.978515625 1.5322265625 1.005859375 1.5322265625 0.99609375 1.5849609375 0.966796875 1.5810546875
14 1.0224609375 1.4345703125 1.0654296875 1.443359375 1.05078125 1.48828125 1.017578125 1.482421875
14 0.912109375 1.3115234375 0.96875 1.3125 0.96484375 1.3369140625 0.9091796875 1.333984375
14 1.01953125 1.31640625 1.060546875 1.32421875 1.0517578125 1.345703125 1.013671875 1.3369140625
14 0.994140625 0.9248046875 1.0263671875 0.93359375 1.015625 0.98046875 0.994140625 0.9814453125
14 0.9541015625 1.015625 0.98046875 1.0107421875 0.9775390625 1.0458984375 0.9521484375 1.0439453125
14 1.0224609375 1.0166015625 1.0712890625 1.0126953125 1.0654296875 1.0400390625 1.0205078125 1.044921875
14 1.0458984375 0.943359375 1.0751953125 0.939453125 1.0693359375 1.0009765625 1.0361328125 1.001953125
14 0.9990234375 0.8564453125 1.0244140625 0.853515625 1.0263671875 0.904296875 0.990234375 0.912109375
14 1.052734375 0.8349609375 1.0791015625 0.845703125 1.0732421875 0.8857421875 1.05078125 0.8828125
14 1.0546875 0.75390625 1.0859375 0.75 1.076171875 0.794921875 1.048828125 0.798828125
14 1.0048828125 0.7373046875 1.0361328125 0.740234375 1.0302734375 0.791015625 1.001953125 0.7861328125
14 1.0205078125 0.568359375 1.052734375 0.5712890625 1.0419921875 0.61328125 1.017578125 0.619140625
14 1.5322265625 0.6953125 1.59765625 0.6953125 1.59765625 0.734375 1.5322265625 0.734375
14 1.8076171875 0.70703125 1.875 0.70703125 1.875 0.74609375 1.8076171875 0.74609375
14 0.583984375 1.365234375 0.6171875 1.365234375 0.6171875 1.423828125 0.583984375 1.423828125
14 0.5078125 0.6103515625 0.55859375 0.6103515625 0.55859375 0.6435546875 0.5078125 0.6435546875
14 2.77734375 2.0146484375 2.81640625 2.0146484375 2.81640625 2.0498046875 2.77734375 2.0498046875
14 2.55078125 2.0244140625 2.5810546875 2.0244140625 2.5810546875 2.091796875 2.55078125 2.091796875
14 2.123046875 1.7138671875 2.173828125 1.7138671875 2.173828125 1.7470703125 2.123046875 1.7470703125
14 2.0947265625 1.7529296875 2.150390625 1.7529296875 2.150390625 1.7880859375 2.0947265625 1.7880859375
14 2.2021484375 1.7607421875 2.26953125 1.7607421875 2.26953125 1.794921875 2.2021484375 1.794921875
14 2.2353515625 1.7216796875 2.287109375 1.7216796875 2.287109375 1.7548828125 2.2353515625 1.7548828125
14 2.423828125 1.728515625 2.4599609375 1.728515625 2.4599609375 1.7548828125 2.423828125 1.7548828125
14 2.4775390625 1.7734375 2.509765625 1.7734375 2.509765625 1.802734375 2.4775390625 1.802734375
14 2.7734375 1.7802734375 2.828125 1.7802734375 2.828125 1.814453125 2.7734375 1.814453125
14 2.775390625 1.751953125 2.82421875 1.751953125 2.82421875 1.7802734375 2.775390625 1.7802734375
14 2.7978515625 1.392578125 2.83203125 1.392578125 2.83203125 1.4326171875 2.7978515625 1.4326171875
14 2.80078125 1.4501953125 2.84765625 1.4501953125 2.84765625 1.482421875 2.80078125 1.482421875
14 2.609375 1.431640625 2.6630859375 1.431640625 2.6630859375 1.470703125 2.609375 1.470703125
14 2.625 1.388671875 2.66015625 1.388671875 2.66015625 1.42578125 2.625 1.42578125
14 2.5205078125 1.375 2.556640625 1.375 2.556640625 1.4267578125 2.5205078125 1.4267578125
14 2.4384765625 1.4287109375 2.484375 1.4287109375 2.484375 1.4609375 2.4384765625 1.4609375
14 2.4033203125 1.3818359375 2.4619140625 1.3818359375 2.4619140625 1.421875 2.4033203125 1.421875
14 2.330078125 1.4169921875 2.3857421875 1.4169921875 2.3857421875 1.4560546875 2.330078125 1.4560546875
14 2.2470703125 1.4248046875 2.2958984375 1.4248046875 2.2958984375 1.458984375 2.2470703125 1.458984375
14 0.4833984375 0.5615234375 0.529296875 0.5615234375 0.529296875 0.59765625 0.4833984375 0.59765625
14 0.4150390625 0.609375 0.4697265625 0.609375 0.4697265625 0.6474609375 0.4150390625 0.6474609375
14 2.1533203125 1.408203125 2.208984375 1.408203125 2.208984375 1.4453125 2.1533203125 1.4453125
14 0.32421875 0.56640625 0.373046875 0.56640625 0.373046875 0.59765625 0.32421875 0.59765625
14 0.1416015625 2.0107421875 0.171875 2.0107421875 0.171875 2.0361328125 0.1416015625 2.0361328125
14 0.07421875 1.783203125 0.1328125 1.783203125 0.1328125 1.81640625 0.07421875 1.81640625
14 0.1328125 1.9248046875 0.1748046875 1.9248046875 0.1748046875 1.9716796875 0.1328125 1.9716796875
14 0.2802734375 2.0166015625 0.32421875 2.0166015625 0.32421875 2.04296875 0.2802734375 2.04296875
14 0.9814453125 2.0146484375 1.0244140625 2.0146484375 1.0244140625 2.0517578125 0.9814453125 2.0517578125
14 0.5615234375 2.0341796875 0.6103515625 2.0341796875 0.6103515625 2.0537109375 0.5615234375 2.0537109375
14 0.44140625 2.005859375 0.4912109375 2.005859375 0.4912109375 2.0361328125 0.44140625 2.0361328125
14 0.27734375 1.4873046875 0.3134765625 1.4873046875 0.3134765625 1.515625 0.27734375 1.515625
14 0.3701171875 1.416015625 0.423828125 1.416015625 0.423828125 1.453125 0.3701171875 1.453125
14 0.0791015625 1.3115234375 0.1044921875 1.3115234375 0.1044921875 1.361328125 0.0791015625 1.361328125
14 0.3779296875 1.0419921875 0.408203125 1.0419921875 0.408203125 1.0947265625 0.3779296875 1.0947265625
14 0.6884765625 1.3681640625 0.7216796875 1.3681640625 0.7216796875 1.4169921875 0.6884765625 1.4169921875
14 0.7001953125 1.2119140625 0.740234375 1.2119140625 0.740234375 1.244140625 0.7001953125 1.244140625
14 0.6513671875 1.181640625 0.681640625 1.181640625 0.681640625 1.2392578125 0.6513671875 1.2392578125
14 0.70703125 0.9267578125 0.7412109375 0.9267578125 0.7412109375 0.98046875 0.70703125 0.98046875
14 0.43359375 0.5478515625 0.4697265625 0.5478515625 0.4697265625 0.6005859375 0.43359375 0.6005859375
14 0.6884765625 0.6259765625 0.740234375 0.6259765625 0.740234375 0.669921875 0.6884765625 0.669921875
14 0.7109375 0.8212890625 0.7568359375 0.8212890625 0.7568359375 0.8701171875 0.7109375 0.8701171875
14 0.8017578125 0.625 0.8447265625 0.625 0.8447265625 0.66015625 0.8017578125 0.66015625
14 2.2294921875 1.3837890625 2.28125 1.3837890625 2.28125 1.4150390625 2.2294921875 1.4150390625
14 2.0732421875 1.4072265625 2.126953125 1.4072265625 2.126953125 1.4462890625 2.0732421875 1.4462890625
14 1.9208984375 0.71484375 1.962890625 0.71484375 1.962890625 0.7509765625 1.9208984375 0.7509765625
14 2.841796875 0.7236328125 2.87890625 0.7236328125 2.87890625 0.7529296875 2.841796875 0.7529296875
14 2.8056640625 0.37890625 2.865234375 0.37890625 2.865234375 0.4091796875 2.8056640625 0.4091796875
14 2.1865234375 0.3359375 2.2470703125 0.3359375 2.2470703125 0.3818359375 2.1865234375 0.3818359375
14 2.271484375 0.3369140625 2.328125 0.3369140625 2.328125 0.37890625 2.271484375 0.37890625
14 2.30859375 0.384765625 2.3642578125 0.384765625 2.3642578125 0.42578125 2.30859375 0.42578125
14 2.396484375 0.3896484375 2.44921875 0.3896484375 2.44921875 0.4345703125 2.396484375 0.4345703125
14 2.552734375 0.3984375 2.611328125 0.3984375 2.611328125 0.435546875 2.552734375 0.435546875
14 2.505859375 0.33203125 2.5283203125 0.33203125 2.5283203125 0.39453125 2.505859375 0.39453125
14 2.65234375 0.751953125 2.7041015625 0.751953125 2.7041015625 0.783203125 2.65234375 0.783203125
14 2.6259765625 0.6708984375 2.6484375 0.6708984375 2.6484375 0.7294921875 2.6259765625 0.7294921875
14 2.5634765625 0.701171875 2.6220703125 0.701171875 2.6220703125 0.7451171875 2.5634765625 0.7451171875
14 2.54296875 0.7412109375 2.59375 0.7412109375 2.59375 0.7861328125 2.54296875 0.7861328125
14 2.4619140625 0.7001953125 2.517578125 0.7001953125 2.517578125 0.73828125 2.4619140625 0.73828125
14 2.4453125 0.73828125 2.4892578125 0.73828125 2.4892578125 0.7734375 2.4453125 0.7734375
14 2.3505859375 0.6943359375 2.4130859375 0.6943359375 2.4130859375 0.728515625 2.3505859375 0.728515625
14 2.2890625 0.734375 2.34375 0.734375 2.34375 0.7646484375 2.2890625 0.7646484375
14 2.26171875 0.6953125 2.3271484375 0.6953125 2.3271484375 0.7265625 2.26171875 0.7265625
14 2.1650390625 0.7275390625 2.2236328125 0.7275390625 2.2236328125 0.771484375 2.1650390625 0.771484375
14 2.197265625 0.697265625 2.2451171875 0.697265625 2.2451171875 0.7236328125 2.197265625 0.7236328125
14 1.9833984375 0.716796875 2.0283203125 0.716796875 2.0283203125 0.7626953125 1.9833984375 0.7626953125
14 2.841796875 0.421875 2.8916015625 0.421875 2.8916015625 0.4443359375 2.841796875 0.4443359375
14 2.80078125 1.107421875 2.8564453125 1.107421875 2.8564453125 1.140625 2.80078125 1.140625
14 1.2578125 0.986328125 1.3046875 0.986328125 1.3046875 1.0234375 1.2578125 1.0234375
14 2.4521484375 1.041015625 2.505859375 1.041015625 2.505859375 1.0859375 2.4521484375 1.0859375
14 1.3642578125 1.037109375 1.412109375 1.037109375 1.412109375 1.068359375 1.3642578125 1.068359375
14 1.44921875 1.0537109375 1.4951171875 1.0537109375 1.4951171875 1.0927734375 1.44921875 1.0927734375
14 1.4443359375 0.9951171875 1.5068359375 0.9951171875 1.5068359375 1.033203125 1.4443359375 1.033203125
14 1.544921875 1.0390625 1.6064453125 1.0390625 1.6064453125 1.076171875 1.544921875 1.076171875
14 1.55078125 1.001953125 1.6064453125 1.001953125 1.6064453125 1.0341796875 1.55078125 1.0341796875
14 1.6318359375 1.0498046875 1.693359375 1.0498046875 1.693359375 1.0830078125 1.6318359375 1.0830078125
14 1.72265625 1.0556640625 1.7822265625 1.0556640625 1.7822265625 1.0859375 1.72265625 1.0859375
14 1.7099609375 1.01171875 1.7529296875 1.01171875 1.7529296875 1.0390625 1.7099609375 1.0390625
14 1.8212890625 1.0126953125 1.8701171875 1.0126953125 1.8701171875 1.0556640625 1.8212890625 1.0556640625
14 1.8125 1.07421875 1.8671875 1.07421875 1.8671875 1.1142578125 1.8125 1.1142578125
14 1.8828125 1.0595703125 1.9375 1.0595703125 1.9375 1.0966796875 1.8828125 1.0966796875
14 1.884765625 1.025390625 1.9404296875 1.025390625 1.9404296875 1.060546875 1.884765625 1.060546875
14 2.001953125 1.0625 2.0517578125 1.0625 2.0517578125 1.095703125 2.001953125 1.095703125
14 2.0712890625 1.0654296875 2.125 1.0654296875 2.125 1.1083984375 2.0712890625 1.1083984375
14 2.10546875 1.0244140625 2.1572265625 1.0244140625 2.1572265625 1.05859375 2.10546875 1.05859375
14 2.2412109375 1.0361328125 2.302734375 1.0361328125 2.302734375 1.0791015625 2.2412109375 1.0791015625
14 2.265625 1.078125 2.3095703125 1.078125 2.3095703125 1.1123046875 2.265625 1.1123046875
14 2.353515625 1.087890625 2.4033203125 1.087890625 2.4033203125 1.1171875 2.353515625 1.1171875
14 2.3603515625 1.041015625 2.4111328125 1.041015625 2.4111328125 1.0771484375 2.3603515625 1.0771484375
14 0.341796875 0.220703125 0.37890625 0.2353515625 0.3798828125 0.255859375 0.3359375 0.2451171875
