14 2.625 1.1416015625 2.6484375 1.134765625 2.658203125 1.1708984375 2.6357421875 1.1806640625
14 1.560546875 1.0830078125 1.5927734375 1.0830078125 1.5927734375 1.1279296875 1.560546875 1.1279296875
14 1.0263671875 1.3095703125 1.0634765625 1.3095703125 1.0634765625 1.3359375 1.0263671875 1.3359375
14 1.1748046875 1.30859375 1.22265625 1.30859375 1.22265625 1.3330078125 1.1748046875 1.3330078125
14 0.9541015625 1.30859375 1.0078125 1.30859375 1.0078125 1.3359375 0.9541015625 1.3359375
14 0.857421875 1.26953125 0.9091796875 1.26953125 0.9091796875 1.30078125 0.857421875 1.30078125
14 0.63671875 1.3095703125 0.669921875 1.3095703125 0.669921875 1.3427734375 0.63671875 1.3427734375
14 0.630859375 1.275390625 0.6728515625 1.275390625 0.6728515625 1.3037109375 0.630859375 1.3037109375
14 0.591796875 1.2734375 0.626953125 1.2734375 0.626953125 1.3076171875 0.591796875 1.3076171875
14 1.173828125 0.9990234375 1.2177734375 0.9990234375 1.2177734375 1.0361328125 1.173828125 1.0361328125
14 1.33203125 0.9970703125 1.3759765625 0.9970703125 1.3759765625 1.0234375 1.33203125 1.0234375
14 1.3232421875 0.9677734375 1.3623046875 0.9677734375 1.3623046875 0.994140625 1.3232421875 0.994140625
14 1.51953125 1.05859375 1.55078125 1.05859375 1.55078125 1.103515625 1.51953125 1.103515625
14 1.5595703125 0.958984375 1.5859375 0.958984375 1.5859375 1.0078125 1.5595703125 1.0078125
14 1.146484375 0.4130859375 1.1943359375 0.4130859375 1.1943359375 0.4521484375 1.146484375 0.4521484375
14 1.5498046875 0.8994140625 1.5712890625 0.8994140625 1.5712890625 0.9384765625 1.5498046875 0.9384765625
14 1.21875 0.958984375 1.2509765625 0.958984375 1.2509765625 0.9970703125 1.21875 0.9970703125
14 1.51953125 0.9755859375 1.544921875 0.9755859375 1.544921875 1.0234375 1.51953125 1.0234375
14 1.5185546875 0.8671875 1.5458984375 0.8671875 1.5458984375 0.912109375 1.5185546875 0.912109375
14 1.5830078125 0.6650390625 1.6171875 0.6650390625 1.6171875 0.69921875 1.5830078125 0.69921875
14 1.4990234375 0.7119140625 1.52734375 0.7119140625 1.52734375 0.76953125 1.4990234375 0.76953125
14 1.4599609375 0.3759765625 1.5029296875 0.3759765625 1.5029296875 0.400390625 1.4599609375 0.400390625
14 1.384765625 0.3857421875 1.423828125 0.3857421875 1.423828125 0.404296875 1.384765625 0.404296875
14 1.3955078125 0.4169921875 1.4287109375 0.4169921875 1.4287109375 0.4609375 1.3955078125 0.4609375
14 1.30078125 0.4150390625 1.349609375 0.4150390625 1.349609375 0.451171875 1.30078125 0.451171875
14 1.275390625 0.3759765625 1.31640625 0.3759765625 1.31640625 0.4091796875 1.275390625 0.4091796875
14 0.9033203125 1.55078125 0.94921875 1.55078125 0.94921875 1.5966796875 0.9033203125 1.5966796875
14 0.984375 1.5595703125 1.0263671875 1.5595703125 1.0263671875 1.587890625 0.984375 1.587890625
14 0.94921875 1.6015625 0.986328125 1.6015625 0.986328125 1.62890625 0.94921875 1.62890625
14 0.8740234375 1.59765625 0.9169921875 1.59765625 0.9169921875 1.626953125 0.8740234375 1.626953125
14 0.33984375 2.2158203125 0.38671875 2.2158203125 0.38671875 2.2578125 0.33984375 2.2578125
14 0.39453125 2.1005859375 0.421875 2.1005859375 0.421875 2.146484375 0.39453125 2.146484375
14 0.357421875 2.1064453125 0.3828125 2.1064453125 0.3828125 2.15625 0.357421875 2.15625
14 0.1513671875 2.125 0.1669921875 2.125 0.1669921875 2.1689453125 0.1513671875 2.1689453125
14 0.1455078125 1.8076171875 0.1748046875 1.8076171875 0.1748046875 1.849609375 0.1455078125 1.849609375
14 0.3544921875 1.943359375 0.3935546875 1.943359375 0.3935546875 1.9833984375 0.3544921875 1.9833984375
14 0.3662109375 1.88671875 0.38671875 1.88671875 0.38671875 1.93359375 0.3662109375 1.93359375
14 0.2119140625 0.2197265625 0.24609375 0.2197265625 0.24609375 0.26953125 0.2119140625 0.26953125
14 0.19140625 0.5712890625 0.224609375 0.5712890625 0.224609375 0.6044921875 0.19140625 0.6044921875
14 0.1982421875 0.7099609375 0.228515625 0.7099609375 0.228515625 0.767578125 0.1982421875 0.767578125
14 0.1904296875 1.009765625 0.212890625 1.009765625 0.212890625 1.0595703125 0.1904296875 1.0595703125
14 0.1181640625 1.4150390625 0.16015625 1.4150390625 0.16015625 1.439453125 0.1181640625 1.439453125
14 0.375 1.6484375 0.408203125 1.6484375 0.408203125 1.708984375 0.375 1.708984375
14 0.3671875 1.806640625 0.4013671875 1.806640625 0.4013671875 1.8623046875 0.3671875 1.8623046875
14 0.41796875 1.62109375 0.458984375 1.62109375 0.458984375 1.6787109375 0.41796875 1.6787109375
14 0.3701171875 1.5869140625 0.41015625 1.5869140625 0.41015625 1.6279296875 0.3701171875 1.6279296875
14 0.4248046875 1.4228515625 0.443359375 1.4228515625 0.443359375 1.462890625 0.4248046875 1.462890625
14 0.390625 1.43359375 0.4140625 1.43359375 0.4140625 1.474609375 0.390625 1.474609375
14 0.388671875 1.3447265625 0.416015625 1.3447265625 0.416015625 1.3916015625 0.388671875 1.3916015625
14 0.53515625 1.3076171875 0.5673828125 1.3076171875 0.5673828125 1.36328125 0.53515625 1.36328125
14 0.490234375 1.3134765625 0.53515625 1.3134765625 0.53515625 1.337890625 0.490234375 1.337890625
14 0.5439453125 1.5703125 0.5927734375 1.5703125 0.5927734375 1.6015625 0.5439453125 1.6015625
14 0.556640625 1.599609375 0.6044921875 1.599609375 0.6044921875 1.630859375 0.556640625 1.630859375
14 1.2001953125 0.4130859375 1.2666015625 0.4130859375 1.2666015625 0.4443359375 1.2001953125 0.4443359375
14 1.04296875 0.384765625 1.0947265625 0.384765625 1.0947265625 0.4111328125 1.04296875 0.4111328125
14 0.70703125 1.896484375 0.755859375 1.896484375 0.755859375 1.931640625 0.70703125 1.931640625
14 0.4736328125 0.2099609375 0.4912109375 0.208984375 0.494140625 0.2509765625 0.4716796875 0.2490234375
14 0.4443359375 1.005859375 0.46875 1.0078125 0.46875 1.02734375 0.4404296875 1.025390625
14 0.3916015625 0.978515625 0.419921875 0.95703125 0.443359375 0.998046875 0.41796875 1.0166015625
14 0.44921875 0.9599609375 0.4755859375 0.9287109375 0.498046875 0.9541015625 0.4677734375 0.9765625
14 0.42578125 0.783203125 0.4453125 0.8037109375 0.4189453125 0.8369140625 0.3984375 0.8251953125
14 0.451171875 0.666015625 0.4775390625 0.6669921875 0.4765625 0.7119140625 0.4501953125 0.7119140625
14 0.4169921875 0.654296875 0.447265625 0.66015625 0.4365234375 0.7080078125 0.419921875 0.7041015625
14 0.412109375 0.478515625 0.4443359375 0.453125 0.4560546875 0.5068359375 0.43359375 0.525390625
14 0.4189453125 0.4296875 0.4462890625 0.408203125 0.46484375 0.453125 0.439453125 0.462890625
14 0.462890625 0.4091796875 0.4833984375 0.4091796875 0.484375 0.4453125 0.46484375 0.447265625
14 0.4736328125 0.33203125 0.49609375 0.3408203125 0.4951171875 0.3798828125 0.4677734375 0.380859375
14 0.4375 0.330078125 0.4599609375 0.3359375 0.458984375 0.3720703125 0.4365234375 0.3720703125
14 0.427734375 0.1796875 0.4482421875 0.1640625 0.4697265625 0.197265625 0.4541015625 0.216796875
14 0.90625 0.3828125 0.9560546875 0.3828125 0.9560546875 0.416015625 0.90625 0.416015625
14 1.818359375 0.111328125 1.841796875 0.1064453125 1.8408203125 0.162109375 1.81640625 0.1640625
14 1.748046875 0.109375 1.796875 0.1064453125 1.791015625 0.134765625 1.748046875 0.1357421875
14 1.6689453125 0.1123046875 1.72265625 0.1123046875 1.7177734375 0.140625 1.666015625 0.1376953125
14 1.57421875 0.1162109375 1.615234375 0.1044921875 1.611328125 0.142578125 1.5703125 0.1376953125
14 1.5009765625 0.109375 1.5458984375 0.1083984375 1.5478515625 0.1318359375 1.501953125 0.134765625
14 1.408203125 0.12109375 1.4462890625 0.1044921875 1.458984375 0.12890625 1.4111328125 0.15234375
14 1.3369140625 0.1181640625 1.3876953125 0.1171875 1.388671875 0.140625 1.337890625 0.142578125
14 1.2666015625 0.119140625 1.3154296875 0.11328125 1.3095703125 0.142578125 1.2666015625 0.1435546875
14 1.1796875 0.1181640625 1.23046875 0.109375 1.228515625 0.1455078125 1.1806640625 0.14453125
14 0.7978515625 0.1328125 0.83984375 0.1318359375 0.833984375 0.1552734375 0.7978515625 0.158203125
14 0.724609375 0.1328125 0.7763671875 0.1376953125 0.7705078125 0.1611328125 0.720703125 0.1572265625
14 0.39453125 1.0703125 0.4296875 1.064453125 0.4306640625 1.119140625 0.3896484375 1.1201171875
14 0.6220703125 1.0078125 0.66796875 1.0068359375 0.66796875 1.033203125 0.6201171875 1.03125
14 0.7001953125 1.00390625 0.7470703125 1.015625 0.732421875 1.0439453125 0.689453125 1.029296875
14 0.6806640625 0.97265625 0.7255859375 0.9755859375 0.7255859375 1.0009765625 0.681640625 1.0
14 0.837890625 0.388671875 0.876953125 0.388671875 0.876953125 0.41796875 0.837890625 0.41796875
14 0.75390625 0.388671875 0.80078125 0.388671875 0.80078125 0.4169921875 0.75390625 0.4169921875
14 1.427734375 0.69921875 1.4658203125 0.69921875 1.4658203125 0.7451171875 1.427734375 0.7451171875
14 1.4521484375 0.673828125 1.498046875 0.673828125 1.498046875 0.697265625 1.4521484375 0.697265625
14 1.3818359375 0.6513671875 1.416015625 0.6513671875 1.416015625 0.7001953125 1.3818359375 0.7001953125
14 1.1044921875 0.6630859375 1.1396484375 0.6630859375 1.1396484375 0.703125 1.1044921875 0.703125
14 1.2099609375 0.70703125 1.2646484375 0.70703125 1.2646484375 0.732421875 1.2099609375 0.732421875
14 0.630859375 0.6787109375 0.6669921875 0.6787109375 0.6669921875 0.7080078125 0.630859375 0.7080078125
14 0.736328125 0.6787109375 0.78125 0.6787109375 0.78125 0.70703125 0.736328125 0.70703125
14 0.8037109375 0.681640625 0.8505859375 0.681640625 0.8505859375 0.708984375 0.8037109375 0.708984375
14 0.974609375 0.66796875 1.0234375 0.66796875 1.0234375 0.705078125 0.974609375 0.705078125
14 0.9482421875 0.7109375 0.9912109375 0.7109375 0.9912109375 0.7421875 0.9482421875 0.7421875
14 0.818359375 0.7109375 0.8681640625 0.7109375 0.8681640625 0.740234375 0.818359375 0.740234375
14 0.7255859375 0.7099609375 0.7841796875 0.7099609375 0.7841796875 0.7373046875 0.7255859375 0.7373046875
14 0.6328125 0.712890625 0.69921875 0.712890625 0.693359375 0.7373046875 0.6328125 0.736328125
14 1.1484375 0.966796875 1.189453125 0.97265625 1.1865234375 0.9951171875 1.14453125 0.994140625
14 1.0712890625 0.99609375 1.126953125 1.0048828125 1.1171875 1.03515625 1.0703125 1.021484375
14 1.01171875 0.9990234375 1.0595703125 1.001953125 1.046875 1.029296875 1.0107421875 1.029296875
14 0.919921875 1.0048828125 0.9541015625 1.0048828125 0.9453125 1.0322265625 0.91796875 1.03125
14 0.857421875 0.970703125 0.904296875 0.9736328125 0.900390625 1.0 0.8583984375 0.99609375
14 0.8349609375 1.00390625 0.8779296875 1.0029296875 0.8798828125 1.0302734375 0.8369140625 1.0341796875
14 0.755859375 1.0068359375 0.7890625 1.005859375 0.787109375 1.0302734375 0.75390625 1.02734375
14 0.767578125 0.974609375 0.8056640625 0.978515625 0.806640625 1.001953125 0.76953125 1.0
14 0.6708984375 1.814453125 0.689453125 1.814453125 0.689453125 1.8583984375 0.6708984375 1.8583984375
14 0.70703125 1.857421875 0.75 1.857421875 0.75 1.888671875 0.70703125 1.888671875
14 2.5751953125 1.126953125 2.6162109375 1.1357421875 2.611328125 1.1689453125 2.5703125 1.1640625
14 2.1796875 0.392578125 2.228515625 0.392578125 2.228515625 0.4306640625 2.1796875 0.4306640625
14 2.0693359375 0.6591796875 2.1298828125 0.6591796875 2.1298828125 0.6943359375 2.0693359375 0.6943359375
14 2.01171875 0.689453125 2.0537109375 0.689453125 2.0537109375 0.7236328125 2.01171875 0.7236328125
14 1.978515625 0.6650390625 2.0224609375 0.6650390625 2.0224609375 0.6884765625 1.978515625 0.6884765625
14 1.9228515625 0.6630859375 1.9697265625 0.6630859375 1.9697265625 0.69140625 1.9228515625 0.69140625
14 1.833984375 0.6982421875 1.8857421875 0.6982421875 1.8857421875 0.7294921875 1.833984375 0.7294921875
14 1.8134765625 0.669921875 1.86328125 0.669921875 1.86328125 0.6923828125 1.8134765625 0.6923828125
14 1.734375 0.69921875 1.7802734375 0.69921875 1.7802734375 0.7255859375 1.734375 0.7255859375
14 1.740234375 0.669921875 1.7958984375 0.669921875 1.7958984375 0.697265625 1.740234375 0.697265625
14 2.35546875 0.396484375 2.4052734375 0.396484375 2.4052734375 0.4296875 2.35546875 0.4296875
14 2.255859375 0.396484375 2.2939453125 0.396484375 2.2939453125 0.4248046875 2.255859375 0.4248046875
14 2.251953125 0.3544921875 2.2958984375 0.3544921875 2.2958984375 0.380859375 2.251953125 0.380859375
14 2.130859375 0.3544921875 2.1572265625 0.3544921875 2.1572265625 0.40625 2.130859375 0.40625
14 1.876953125 1.1748046875 1.91015625 1.15234375 1.927734375 1.2060546875 1.9033203125 1.220703125
14 2.1259765625 0.2744140625 2.1552734375 0.2744140625 2.1552734375 0.3310546875 2.1259765625 0.3310546875
14 2.125 0.103515625 2.15234375 0.103515625 2.15234375 0.1533203125 2.125 0.1533203125
14 1.9169921875 0.1044921875 1.95703125 0.1044921875 1.95703125 0.146484375 1.9169921875 0.146484375
14 1.83203125 0.369140625 1.890625 0.369140625 1.890625 0.40625 1.83203125 0.40625
14 1.7724609375 0.4013671875 1.81640625 0.4013671875 1.81640625 0.4375 1.7724609375 0.4375
14 1.513671875 0.3759765625 1.5615234375 0.3759765625 1.5615234375 0.4052734375 1.513671875 0.4052734375
14 1.884765625 1.0712890625 1.904296875 1.048828125 1.931640625 1.0888671875 1.9111328125 1.0986328125
14 2.052734375 0.953125 2.0810546875 0.9189453125 2.103515625 0.9423828125 2.0693359375 0.9736328125
14 2.0302734375 0.9609375 2.05078125 0.9814453125 2.015625 1.0146484375 1.998046875 0.9970703125
14 1.9736328125 0.9599609375 1.9951171875 0.974609375 1.9638671875 1.01171875 1.94921875 1.0009765625
14 1.9365234375 1.0625 1.9638671875 1.0322265625 1.9833984375 1.0537109375 1.953125 1.0830078125
14 2.2451171875 0.6630859375 2.2939453125 0.6630859375 2.2939453125 0.7001953125 2.2451171875 0.7001953125
14 2.310546875 0.6533203125 2.3583984375 0.6533203125 2.3583984375 0.701171875 2.310546875 0.701171875
14 2.19921875 0.7734375 2.234375 0.7734375 2.234375 0.8232421875 2.19921875 0.8232421875
14 1.830078125 1.56640625 1.8466796875 1.576171875 1.83984375 1.587890625 1.8232421875 1.5791015625
14 2.4970703125 1.1748046875 2.5419921875 1.1806640625 2.52734375 1.2080078125 2.4951171875 1.2080078125
14 2.384765625 1.171875 2.4248046875 1.1728515625 2.4208984375 1.197265625 2.38671875 1.1982421875
14 2.3388671875 1.14453125 2.369140625 1.16015625 2.36328125 1.1884765625 2.3291015625 1.1640625
14 2.3916015625 1.08984375 2.4326171875 1.109375 2.41796875 1.1376953125 2.3798828125 1.1162109375
14 2.5029296875 0.884765625 2.5234375 0.88671875 2.51171875 0.9169921875 2.4970703125 0.9150390625
14 2.6005859375 0.8515625 2.650390625 0.84375 2.65625 0.8798828125 2.599609375 0.892578125
14 2.6708984375 0.80859375 2.7216796875 0.8369140625 2.67578125 0.86328125 2.65234375 0.833984375
14 2.6376953125 0.4541015625 2.677734375 0.486328125 2.6474609375 0.513671875 2.6259765625 0.4853515625
14 2.60546875 0.3876953125 2.626953125 0.3896484375 2.6279296875 0.431640625 2.6005859375 0.4326171875
14 2.560546875 0.353515625 2.5849609375 0.3515625 2.587890625 0.4111328125 2.560546875 0.412109375
14 2.5625 0.451171875 2.5849609375 0.4521484375 2.5859375 0.5 2.568359375 0.5048828125
14 2.56640625 0.5166015625 2.591796875 0.5224609375 2.58203125 0.5634765625 2.5625 0.55859375
14 2.5556640625 0.5966796875 2.5771484375 0.60546875 2.56640625 0.658203125 2.541015625 0.6533203125
14 2.5087890625 0.7734375 2.525390625 0.7861328125 2.51171875 0.8291015625 2.494140625 0.80859375
14 2.3916015625 0.9853515625 2.41015625 1.0048828125 2.3876953125 1.033203125 2.3681640625 1.021484375
14 2.306640625 1.099609375 2.3310546875 1.0703125 2.3447265625 1.087890625 2.3193359375 1.1142578125
14 2.2646484375 1.1484375 2.287109375 1.1279296875 2.29296875 1.142578125 2.2724609375 1.1611328125
14 2.2177734375 1.171875 2.234375 1.1904296875 2.1982421875 1.2265625 2.1787109375 1.21484375
14 2.0859375 1.3740234375 2.1142578125 1.3876953125 2.09765625 1.4345703125 2.07421875 1.427734375
14 2.6630859375 1.4365234375 2.71484375 1.4345703125 2.708984375 1.466796875 2.6572265625 1.46484375
14 2.494140625 1.44140625 2.529296875 1.4326171875 2.541015625 1.4658203125 2.5009765625 1.474609375
14 2.4013671875 1.4365234375 2.4501953125 1.4501953125 2.4423828125 1.4755859375 2.3916015625 1.470703125
14 2.2763671875 1.4267578125 2.32421875 1.4482421875 2.2939453125 1.48046875 2.259765625 1.451171875
14 1.8193359375 0.8740234375 1.849609375 0.876953125 1.85546875 0.919921875 1.8203125 0.923828125
14 1.943359375 1.4375 1.962890625 1.4482421875 1.9375 1.48828125 1.921875 1.4697265625
14 0.87109375 1.857421875 0.9208984375 1.857421875 0.9208984375 1.888671875 0.87109375 1.888671875
14 1.2001953125 2.142578125 1.2421875 2.142578125 1.2421875 2.1904296875 1.2001953125 2.1904296875
14 0.8515625 2.564453125 0.8994140625 2.564453125 0.8994140625 2.59765625 0.8515625 2.59765625
14 0.416015625 2.609375 0.4677734375 2.609375 0.4677734375 2.638671875 0.416015625 2.638671875
14 0.60546875 2.607421875 0.640625 2.607421875 0.640625 2.6396484375 0.60546875 2.6396484375
14 0.51171875 2.576171875 0.5556640625 2.576171875 0.5556640625 2.6044921875 0.51171875 2.6044921875
14 0.419921875 2.583984375 0.4609375 2.583984375 0.4609375 2.6044921875 0.419921875 2.6044921875
14 0.353515625 2.583984375 0.40234375 2.583984375 0.40234375 2.61328125 0.353515625 2.61328125
14 1.359375 1.5625 1.3984375 1.5625 1.3984375 1.5869140625 1.359375 1.5869140625
14 1.2138671875 1.5927734375 1.263671875 1.5927734375 1.263671875 1.615234375 1.2138671875 1.615234375
14 1.462890625 1.90625 1.505859375 1.90625 1.505859375 1.935546875 1.462890625 1.935546875
14 1.203125 1.849609375 1.2509765625 1.849609375 1.2509765625 1.8837890625 1.203125 1.8837890625
14 1.134765625 1.8515625 1.185546875 1.8515625 1.185546875 1.884765625 1.134765625 1.884765625
14 1.1171875 2.232421875 1.158203125 2.232421875 1.158203125 2.265625 1.1171875 2.265625
14 1.876953125 1.50390625 1.90625 1.5078125 1.8974609375 1.552734375 1.875 1.5478515625
14 1.078125 2.205078125 1.1298828125 2.205078125 1.1298828125 2.2353515625 1.078125 2.2353515625
14 0.927734375 2.3603515625 0.962890625 2.3603515625 0.962890625 2.404296875 0.927734375 2.404296875
14 0.9775390625 2.24609375 1.025390625 2.24609375 1.025390625 2.2939453125 0.9775390625 2.2939453125
14 0.6474609375 2.197265625 0.677734375 2.197265625 0.677734375 2.2548828125 0.6474609375 2.2548828125
14 0.658203125 2.1201171875 0.6806640625 2.1201171875 0.6806640625 2.173828125 0.658203125 2.173828125
14 0.646484375 2.0458984375 0.6796875 2.0458984375 0.6796875 2.09765625 0.646484375 2.09765625
14 0.9462890625 2.1953125 0.96875 2.1953125 0.96875 2.2421875 0.9462890625 2.2421875
14 0.9423828125 1.9716796875 0.9921875 1.9716796875 0.9921875 2.01171875 0.9423828125 2.01171875
14 1.009765625 1.9521484375 1.0458984375 1.9521484375 1.0458984375 1.9951171875 1.009765625 1.9951171875
14 1.0068359375 1.8828125 1.0322265625 1.8828125 1.0322265625 1.931640625 1.0068359375 1.931640625
14 0.93359375 1.912109375 0.96484375 1.912109375 0.96484375 1.9599609375 0.93359375 1.9599609375
14 0.9169921875 2.6025390625 0.9580078125 2.6025390625 0.9580078125 2.6357421875 0.9169921875 2.6357421875
14 1.0634765625 2.5849609375 1.0966796875 2.572265625 1.111328125 2.5966796875 1.0703125 2.61328125
14 1.115234375 2.5654296875 1.1533203125 2.5478515625 1.171875 2.5693359375 1.126953125 2.5830078125
14 1.0859375 2.5390625 1.1279296875 2.5224609375 1.1357421875 2.5380859375 1.08984375 2.560546875
14 1.79296875 1.7255859375 1.818359375 1.7353515625 1.806640625 1.779296875 1.7841796875 1.7744140625
14 1.78515625 1.7978515625 1.8076171875 1.806640625 1.8017578125 1.84765625 1.7783203125 1.8369140625
14 1.79296875 1.9521484375 1.80859375 1.9560546875 1.8017578125 1.986328125 1.7861328125 1.98046875
14 1.75 1.96875 1.779296875 1.9765625 1.765625 2.0205078125 1.7392578125 2.009765625
14 1.96875 2.1845703125 2.017578125 2.2255859375 2.0 2.2724609375 1.953125 2.25
14 1.70703125 1.3583984375 1.7353515625 1.38671875 1.720703125 1.40625 1.689453125 1.3828125
14 1.587890625 1.298828125 1.6328125 1.30859375 1.6181640625 1.3330078125 1.5810546875 1.31640625
14 1.525390625 1.30859375 1.5703125 1.3291015625 1.556640625 1.3544921875 1.517578125 1.341796875
14 1.4326171875 1.29296875 1.4501953125 1.30859375 1.4208984375 1.3427734375 1.4052734375 1.3271484375
14 1.6064453125 1.685546875 1.6357421875 1.7138671875 1.6181640625 1.7294921875 1.58984375 1.7099609375
14 1.6015625 1.6396484375 1.6416015625 1.666015625 1.623046875 1.6875 1.5810546875 1.6640625
14 1.5205078125 1.58984375 1.544921875 1.60546875 1.533203125 1.6279296875 1.5087890625 1.6123046875
14 1.4814453125 1.61328125 1.5244140625 1.6318359375 1.513671875 1.65625 1.4716796875 1.638671875
14 1.4248046875 1.591796875 1.470703125 1.6083984375 1.4521484375 1.6357421875 1.4150390625 1.6162109375
14 1.4501953125 1.568359375 1.482421875 1.580078125 1.4716796875 1.6005859375 1.439453125 1.5869140625
14 1.71875 2.7509765625 1.7529296875 2.7275390625 1.7998046875 2.7587890625 1.751953125 2.794921875
14 1.4814453125 2.6806640625 1.509765625 2.669921875 1.5029296875 2.70703125 1.4814453125 2.7109375
14 1.1904296875 2.78125 1.2314453125 2.7880859375 1.224609375 2.8271484375 1.1962890625 2.8310546875
14 1.3388671875 2.44921875 1.37109375 2.4228515625 1.3876953125 2.4462890625 1.3515625 2.4716796875
14 1.2607421875 2.515625 1.306640625 2.4892578125 1.3203125 2.513671875 1.275390625 2.5400390625
14 1.22265625 2.4921875 1.263671875 2.46875 1.2734375 2.4892578125 1.2373046875 2.5146484375
14 1.1826171875 2.5419921875 1.220703125 2.521484375 1.2333984375 2.5400390625 1.19140625 2.5576171875
14 1.19921875 2.482421875 1.2216796875 2.4970703125 1.1962890625 2.529296875 1.1767578125 2.5146484375
14 0.626953125 0.1259765625 0.677734375 0.119140625 0.673828125 0.1484375 0.626953125 0.162109375
