10 0.400390625 0.71484375 0.4091796875 0.705078125 0.4345703125 0.720703125 0.42578125 0.7333984375
10 0.423828125 0.841796875 0.4345703125 0.830078125 0.455078125 0.8427734375 0.447265625 0.8564453125
10 0.2880859375 0.5751953125 0.27734375 0.5673828125 0.2998046875 0.5439453125 0.3076171875 0.5546875
10 0.400390625 0.4345703125 0.41015625 0.443359375 0.3916015625 0.4716796875 0.3779296875 0.462890625
10 0.236328125 0.4248046875 0.228515625 0.419921875 0.248046875 0.392578125 0.259765625 0.40234375
10 0.4404296875 0.3349609375 0.4560546875 0.3447265625 0.435546875 0.3701171875 0.4228515625 0.361328125
10 0.52734375 0.279296875 0.5380859375 0.287109375 0.517578125 0.3134765625 0.50390625 0.3046875
10 0.5107421875 0.2548828125 0.521484375 0.2626953125 0.498046875 0.2900390625 0.486328125 0.2802734375
10 0.4453125 0.2451171875 0.4365234375 0.236328125 0.4560546875 0.216796875 0.4638671875 0.22265625
12 0.123046875 0.2216796875 0.4736328125 0.2216796875 0.4736328125 0.6396484375 0.123046875 0.6396484375
