14 0.853515625 1.6025390625 0.875 1.619140625 0.8466796875 1.6474609375 0.8251953125 1.6318359375
14 0.5439453125 2.5693359375 0.5849609375 2.5693359375 0.5849609375 2.5966796875 0.5439453125 2.5966796875
14 0.263671875 2.5947265625 0.3095703125 2.5947265625 0.3095703125 2.623046875 0.263671875 2.623046875
14 0.28125 2.55859375 0.3369140625 2.55859375 0.3369140625 2.591796875 0.28125 2.591796875
14 0.337890625 2.599609375 0.396484375 2.599609375 0.396484375 2.626953125 0.337890625 2.626953125
14 0.359375 2.5634765625 0.412109375 2.5634765625 0.412109375 2.59765625 0.359375 2.59765625
14 0.80078125 2.619140625 0.8515625 2.619140625 0.8515625 2.650390625 0.80078125 2.650390625
14 0.8623046875 2.583984375 0.9033203125 2.583984375 0.9033203125 2.6162109375 0.8623046875 2.6162109375
14 0.697265625 2.615234375 0.751953125 2.615234375 0.751953125 2.6474609375 0.697265625 2.6474609375
14 0.7001953125 2.57421875 0.744140625 2.57421875 0.744140625 2.6103515625 0.7001953125 2.6103515625
14 0.5087890625 2.607421875 0.5478515625 2.607421875 0.5478515625 2.6357421875 0.5087890625 2.6357421875
14 0.6044921875 2.5673828125 0.654296875 2.5673828125 0.654296875 2.599609375 0.6044921875 2.599609375
14 0.1943359375 2.5908203125 0.24609375 2.5908203125 0.24609375 2.6259765625 0.1943359375 2.6259765625
14 0.806640625 2.251953125 0.8447265625 2.251953125 0.8447265625 2.2900390625 0.806640625 2.2900390625
14 0.7236328125 2.3017578125 0.767578125 2.3017578125 0.767578125 2.3349609375 0.7236328125 2.3349609375
14 0.634765625 2.2578125 0.681640625 2.2578125 0.681640625 2.291015625 0.634765625 2.291015625
14 0.4482421875 2.2919921875 0.4931640625 2.2919921875 0.4931640625 2.3203125 0.4482421875 2.3203125
14 0.3623046875 2.2861328125 0.408203125 2.2861328125 0.408203125 2.310546875 0.3623046875 2.310546875
14 0.2080078125 2.27734375 0.26171875 2.27734375 0.26171875 2.3056640625 0.2080078125 2.3056640625
14 0.2744140625 2.2802734375 0.326171875 2.2802734375 0.326171875 2.306640625 0.2744140625 2.306640625
14 0.330078125 2.21875 0.3564453125 2.21875 0.3564453125 2.2626953125 0.330078125 2.2626953125
14 0.447265625 2.2392578125 0.4814453125 2.2392578125 0.4814453125 2.27734375 0.447265625 2.27734375
14 0.2001953125 2.548828125 0.23828125 2.548828125 0.23828125 2.57421875 0.2001953125 2.57421875
14 0.0400390625 2.5341796875 0.0771484375 2.5341796875 0.0771484375 2.5615234375 0.0400390625 2.5615234375
14 0.0673828125 1.947265625 0.11328125 1.947265625 0.11328125 1.9736328125 0.0673828125 1.9736328125
14 0.4697265625 3.1337890625 0.5205078125 3.1337890625 0.5205078125 3.1689453125 0.4697265625 3.1689453125
14 1.2080078125 3.173828125 1.2578125 3.173828125 1.2578125 3.2158203125 1.2080078125 3.2158203125
14 1.1181640625 3.171875 1.1708984375 3.171875 1.1708984375 3.203125 1.1181640625 3.203125
14 1.025390625 3.1796875 1.0625 3.1796875 1.0625 3.2158203125 1.025390625 3.2158203125
14 0.939453125 3.1591796875 0.9794921875 3.1591796875 0.9794921875 3.205078125 0.939453125 3.205078125
14 0.8369140625 3.15625 0.89453125 3.15625 0.89453125 3.189453125 0.8369140625 3.189453125
14 0.74609375 3.154296875 0.7919921875 3.154296875 0.7919921875 3.1884765625 0.74609375 3.1884765625
14 0.6220703125 3.1533203125 0.6669921875 3.1533203125 0.6669921875 3.1845703125 0.6220703125 3.1845703125
14 0.181640625 3.119140625 0.2216796875 3.119140625 0.2216796875 3.1484375 0.181640625 3.1484375
14 0.291015625 3.1201171875 0.330078125 3.1201171875 0.330078125 3.150390625 0.291015625 3.150390625
14 0.8505859375 2.8984375 0.8974609375 2.8984375 0.8974609375 2.93359375 0.8505859375 2.93359375
14 0.029296875 2.5751953125 0.08203125 2.5751953125 0.08203125 2.611328125 0.029296875 2.611328125
14 0.7041015625 2.9287109375 0.7470703125 2.9287109375 0.7470703125 2.955078125 0.7041015625 2.955078125
14 0.615234375 2.923828125 0.65625 2.923828125 0.65625 2.9521484375 0.615234375 2.9521484375
14 0.578125 2.890625 0.6220703125 2.890625 0.6220703125 2.9189453125 0.578125 2.9189453125
14 0.517578125 2.9169921875 0.560546875 2.9169921875 0.560546875 2.947265625 0.517578125 2.947265625
14 0.505859375 2.8857421875 0.55078125 2.8857421875 0.55078125 2.9150390625 0.505859375 2.9150390625
14 0.4189453125 2.9091796875 0.462890625 2.9091796875 0.462890625 2.9404296875 0.4189453125 2.9404296875
14 0.2578125 2.9072265625 0.3017578125 2.9072265625 0.3017578125 2.935546875 0.2578125 2.935546875
14 0.177734375 2.9033203125 0.2333984375 2.9033203125 0.2333984375 2.9345703125 0.177734375 2.9345703125
14 0.1845703125 2.87890625 0.228515625 2.87890625 0.228515625 2.896484375 0.1845703125 2.896484375
14 0.3828125 2.2412109375 0.43359375 2.2412109375 0.43359375 2.2763671875 0.3828125 2.2763671875
14 0.2412109375 1.9248046875 0.2802734375 1.9248046875 0.2802734375 1.9443359375 0.2412109375 1.9443359375
14 0.541015625 2.2548828125 0.56640625 2.2431640625 0.615234375 2.2802734375 0.5595703125 2.2900390625
14 0.83203125 1.361328125 0.869140625 1.3525390625 0.875 1.375 0.8369140625 1.3798828125
14 1.21875 1.0517578125 1.2353515625 1.0673828125 1.208984375 1.1044921875 1.1943359375 1.0947265625
14 1.2177734375 0.8564453125 1.232421875 0.8564453125 1.2294921875 0.888671875 1.2138671875 0.88671875
14 1.2353515625 0.6884765625 1.2607421875 0.689453125 1.2548828125 0.734375 1.23046875 0.736328125
14 1.2236328125 0.6201171875 1.2568359375 0.626953125 1.2578125 0.6435546875 1.2236328125 0.646484375
14 1.2080078125 0.486328125 1.2578125 0.4912109375 1.2568359375 0.5185546875 1.205078125 0.5146484375
14 0.921875 0.513671875 0.9453125 0.51171875 0.9423828125 0.5498046875 0.9228515625 0.552734375
14 0.904296875 0.6708984375 0.9306640625 0.6611328125 0.9453125 0.6884765625 0.9248046875 0.7001953125
14 0.6396484375 0.6689453125 0.6572265625 0.6591796875 0.658203125 0.6953125 0.63671875 0.6943359375
14 0.359375 0.7626953125 0.384765625 0.7451171875 0.4140625 0.78515625 0.38671875 0.798828125
14 0.7294921875 1.3544921875 0.7744140625 1.3115234375 0.7919921875 1.3359375 0.748046875 1.3681640625
14 0.2431640625 1.6337890625 0.2841796875 1.6337890625 0.2841796875 1.654296875 0.2431640625 1.654296875
14 0.9169921875 1.359375 0.94140625 1.359375 0.94140625 1.4140625 0.9169921875 1.4140625
14 0.65625 1.333984375 0.7001953125 1.333984375 0.7001953125 1.357421875 0.65625 1.357421875
14 0.35546875 1.3310546875 0.396484375 1.3310546875 0.396484375 1.357421875 0.35546875 1.357421875
14 0.2978515625 1.2880859375 0.3271484375 1.2880859375 0.3271484375 1.3349609375 0.2978515625 1.3349609375
14 0.3369140625 1.1875 0.3740234375 1.1875 0.3740234375 1.228515625 0.3369140625 1.228515625
14 0.7607421875 1.1083984375 0.8037109375 1.1083984375 0.8037109375 1.1328125 0.7607421875 1.1328125
14 0.59375 1.1337890625 0.6494140625 1.1337890625 0.6494140625 1.1640625 0.59375 1.1640625
14 0.84375 0.7412109375 0.8818359375 0.7412109375 0.8818359375 0.779296875 0.84375 0.779296875
14 0.1162109375 0.7626953125 0.15625 0.7626953125 0.15625 0.8037109375 0.1162109375 0.8037109375
14 0.2138671875 1.595703125 0.267578125 1.595703125 0.267578125 1.62109375 0.2138671875 1.62109375
14 0.3349609375 1.59375 0.373046875 1.59375 0.373046875 1.619140625 0.3349609375 1.619140625
14 0.3232421875 1.91796875 0.365234375 1.91796875 0.365234375 1.9521484375 0.3232421875 1.9521484375
14 0.4609375 1.92578125 0.5068359375 1.92578125 0.5068359375 1.9541015625 0.4609375 1.9541015625
14 0.462890625 1.970703125 0.4912109375 1.970703125 0.4912109375 2.0205078125 0.462890625 2.0205078125
14 0.3779296875 1.96484375 0.42578125 1.96484375 0.42578125 1.9912109375 0.3779296875 1.9912109375
14 0.8994140625 2.0029296875 0.923828125 2.0029296875 0.923828125 2.048828125 0.8994140625 2.048828125
14 0.8974609375 1.9521484375 0.943359375 1.9521484375 0.943359375 1.986328125 0.8974609375 1.986328125
14 0.837890625 1.9228515625 0.876953125 1.9228515625 0.876953125 1.9521484375 0.837890625 1.9521484375
14 0.72265625 1.9775390625 0.7578125 1.9775390625 0.7578125 2.0146484375 0.72265625 2.0146484375
14 0.66796875 1.97265625 0.7138671875 1.97265625 0.7138671875 2.0009765625 0.66796875 2.0009765625
14 0.6591796875 1.939453125 0.7109375 1.939453125 0.7109375 1.970703125 0.6591796875 1.970703125
14 0.5791015625 1.9091796875 0.615234375 1.9091796875 0.615234375 1.947265625 0.5791015625 1.947265625
14 0.3916015625 1.9130859375 0.4404296875 1.9130859375 0.4404296875 1.943359375 0.3916015625 1.943359375
14 0.404296875 1.607421875 0.4609375 1.607421875 0.4609375 1.634765625 0.404296875 1.634765625
14 0.482421875 1.6376953125 0.5322265625 1.6376953125 0.5322265625 1.6669921875 0.482421875 1.6669921875
14 0.57421875 1.6455078125 0.611328125 1.6455078125 0.611328125 1.66796875 0.57421875 1.66796875
14 0.6533203125 1.650390625 0.697265625 1.650390625 0.697265625 1.6787109375 0.6533203125 1.6787109375
14 0.7734375 1.6611328125 0.7998046875 1.6611328125 0.7998046875 1.7177734375 0.7734375 1.7177734375
14 0.94140625 1.623046875 0.9833984375 1.623046875 0.9833984375 1.654296875 0.94140625 1.654296875
14 0.771484375 1.607421875 0.8115234375 1.607421875 0.8115234375 1.6328125 0.771484375 1.6328125
14 0.6611328125 1.62109375 0.708984375 1.62109375 0.708984375 1.6416015625 0.6611328125 1.6416015625
14 0.59375 1.615234375 0.62890625 1.615234375 0.62890625 1.6376953125 0.59375 1.6376953125
14 0.50390625 1.60546875 0.541015625 1.60546875 0.541015625 1.62890625 0.50390625 1.62890625
14 1.375 3.1923828125 1.435546875 3.1923828125 1.435546875 3.2197265625 1.375 3.2197265625
14 1.66015625 3.1943359375 1.724609375 3.1943359375 1.724609375 3.2294921875 1.66015625 3.2294921875
14 1.8935546875 3.2451171875 1.94140625 3.2451171875 1.94140625 3.2978515625 1.8935546875 3.2978515625
14 1.158203125 2.1611328125 1.1826171875 2.1591796875 1.1728515625 2.19140625 1.1513671875 2.2001953125
14 1.568359375 2.568359375 1.59375 2.5771484375 1.58203125 2.6142578125 1.5615234375 2.607421875
14 1.5322265625 2.5361328125 1.5458984375 2.5400390625 1.546875 2.58984375 1.52734375 2.5869140625
14 1.142578125 2.55859375 1.1591796875 2.57421875 1.13671875 2.6142578125 1.111328125 2.59375
14 1.1923828125 2.513671875 1.2373046875 2.5263671875 1.201171875 2.556640625 1.1806640625 2.5361328125
14 1.3134765625 2.533203125 1.337890625 2.54296875 1.3349609375 2.58203125 1.3154296875 2.580078125
14 1.28125 2.455078125 1.3203125 2.4521484375 1.3251953125 2.50390625 1.28515625 2.5126953125
14 1.19921875 2.42578125 1.2509765625 2.435546875 1.24609375 2.46484375 1.1982421875 2.4580078125
14 1.13671875 2.3310546875 1.1591796875 2.330078125 1.1572265625 2.38671875 1.1376953125 2.388671875
14 1.1376953125 2.2255859375 1.1572265625 2.228515625 1.1591796875 2.2705078125 1.13671875 2.26953125
14 1.19921875 2.16796875 1.240234375 2.1513671875 1.2529296875 2.1748046875 1.1982421875 2.21484375
14 1.7470703125 2.5 1.80078125 2.505859375 1.802734375 2.5322265625 1.7451171875 2.529296875
14 1.2529296875 2.1162109375 1.306640625 2.1162109375 1.30078125 2.146484375 1.251953125 2.150390625
14 1.513671875 2.0673828125 1.5498046875 2.078125 1.5107421875 2.11328125 1.4970703125 2.095703125
14 1.6435546875 2.154296875 1.6669921875 2.154296875 1.6513671875 2.197265625 1.630859375 2.1884765625
14 1.4921875 2.1494140625 1.5380859375 2.158203125 1.53515625 2.1748046875 1.490234375 2.1728515625
14 1.41796875 2.123046875 1.4404296875 2.119140625 1.4375 2.1572265625 1.4140625 2.1630859375
14 1.984375 2.0791015625 2.0078125 2.080078125 2.0 2.12890625 1.982421875 2.1318359375
14 1.9013671875 2.064453125 1.921875 2.0625 1.923828125 2.1064453125 1.9013671875 2.11328125
14 1.8857421875 2.1474609375 1.91015625 2.15234375 1.89453125 2.189453125 1.8623046875 2.1865234375
14 1.77734375 2.154296875 1.8232421875 2.16015625 1.8232421875 2.1865234375 1.77734375 2.1845703125
14 1.4189453125 2.5322265625 1.4609375 2.5244140625 1.46484375 2.544921875 1.421875 2.5546875
14 1.7841796875 2.55078125 1.806640625 2.5458984375 1.8046875 2.5869140625 1.78515625 2.58984375
14 1.7890625 2.9609375 1.8369140625 2.9609375 1.8369140625 2.990234375 1.7890625 2.990234375
14 1.728515625 2.8759765625 1.76953125 2.8876953125 1.7587890625 2.9150390625 1.7197265625 2.9033203125
14 0.693359375 2.896484375 0.734375 2.90234375 0.7392578125 2.9248046875 0.6904296875 2.9267578125
14 0.7626953125 2.896484375 0.8056640625 2.896484375 0.798828125 2.9130859375 0.759765625 2.91796875
14 1.162109375 2.779296875 1.1826171875 2.7880859375 1.1796875 2.837890625 1.1572265625 2.8369140625
14 1.126953125 1.9951171875 1.15625 1.9775390625 1.177734375 2.0087890625 1.16015625 2.0263671875
14 1.2041015625 1.9580078125 1.23046875 1.9619140625 1.2216796875 2.0146484375 1.19921875 2.013671875
14 1.1494140625 1.87109375 1.1845703125 1.8662109375 1.19140625 1.916015625 1.1630859375 1.9208984375
14 1.8916015625 1.255859375 1.912109375 1.2626953125 1.9111328125 1.296875 1.8857421875 1.2900390625
14 1.869140625 2.9814453125 1.8837890625 2.9619140625 1.916015625 3.0087890625 1.8935546875 3.03125
14 1.7314453125 2.9560546875 1.76953125 2.9560546875 1.763671875 2.984375 1.7294921875 2.984375
14 1.375 2.9462890625 1.4287109375 2.943359375 1.4208984375 2.978515625 1.3740234375 2.9794921875
14 1.8525390625 2.525390625 1.876953125 2.4990234375 1.8974609375 2.5185546875 1.865234375 2.54296875
14 1.1728515625 2.955078125 1.21875 2.9609375 1.2099609375 2.9921875 1.16796875 2.9912109375
14 2.2392578125 1.2021484375 2.27734375 1.2001953125 2.2734375 1.23828125 2.2373046875 1.2353515625
14 1.8779296875 1.3388671875 1.91796875 1.34765625 1.904296875 1.384765625 1.869140625 1.3798828125
14 1.927734375 1.384765625 1.9794921875 1.384765625 1.9775390625 1.41796875 1.9306640625 1.4189453125
14 2.2138671875 2.13671875 2.234375 2.13671875 2.232421875 2.1611328125 2.212890625 2.1572265625
14 2.1845703125 2.16796875 2.2275390625 2.2099609375 2.2158203125 2.23046875 2.16796875 2.18359375
14 2.166015625 2.3359375 2.2041015625 2.318359375 2.21484375 2.3408203125 2.1708984375 2.361328125
14 1.140625 2.6689453125 1.1552734375 2.6806640625 1.13671875 2.7177734375 1.1162109375 2.712890625
14 1.91796875 2.4912109375 1.9501953125 2.4716796875 1.953125 2.4970703125 1.9248046875 2.5126953125
14 1.685546875 2.1552734375 1.72265625 2.1533203125 1.69140625 2.1962890625 1.6689453125 2.19140625
14 1.609375 2.0615234375 1.6494140625 2.06640625 1.6201171875 2.1142578125 1.6015625 2.1005859375
14 1.9619140625 1.7685546875 1.9990234375 1.775390625 1.998046875 1.7978515625 1.962890625 1.7978515625
14 1.4970703125 0.5146484375 1.5390625 0.5146484375 1.5390625 0.537109375 1.4970703125 0.537109375
14 1.8876953125 1.0078125 1.91015625 1.0078125 1.91015625 1.05859375 1.8876953125 1.05859375
14 1.88671875 0.9375 1.912109375 0.9375 1.912109375 0.982421875 1.88671875 0.982421875
14 1.9150390625 0.8583984375 1.9384765625 0.8583984375 1.9384765625 0.9033203125 1.9150390625 0.9033203125
14 1.54296875 0.8974609375 1.5703125 0.8974609375 1.5703125 0.9423828125 1.54296875 0.9423828125
14 1.603515625 0.833984375 1.6318359375 0.833984375 1.6318359375 0.892578125 1.603515625 0.892578125
14 1.529296875 0.76953125 1.5732421875 0.76953125 1.5732421875 0.80078125 1.529296875 0.80078125
14 1.265625 0.6953125 1.30078125 0.6953125 1.30078125 0.748046875 1.265625 0.748046875
14 1.8603515625 0.53125 1.9052734375 0.53125 1.9052734375 0.56640625 1.8603515625 0.56640625
14 1.693359375 0.51171875 1.7412109375 0.51171875 1.7412109375 0.5439453125 1.693359375 0.5439453125
14 1.3955078125 0.50390625 1.4384765625 0.50390625 1.4384765625 0.5263671875 1.3955078125 0.5263671875
14 1.87890625 1.7607421875 1.9541015625 1.759765625 1.9521484375 1.8046875 1.87890625 1.7998046875
14 1.6298828125 0.5107421875 1.6494140625 0.5107421875 1.6494140625 0.548828125 1.6298828125 0.548828125
14 1.1064453125 2.8642578125 1.1357421875 2.8642578125 1.1357421875 2.892578125 1.1064453125 2.892578125
14 1.220703125 2.8740234375 1.265625 2.8740234375 1.265625 2.921875 1.220703125 2.921875
14 1.2880859375 2.9443359375 1.3134765625 2.9443359375 1.3134765625 2.9833984375 1.2880859375 2.9833984375
14 1.462890625 2.869140625 1.5087890625 2.869140625 1.5087890625 2.8974609375 1.462890625 2.8974609375
14 1.4765625 2.9501953125 1.5205078125 2.9501953125 1.5205078125 2.9912109375 1.4765625 2.9912109375
14 1.556640625 2.869140625 1.603515625 2.869140625 1.603515625 2.9013671875 1.556640625 2.9013671875
14 1.87109375 2.896484375 1.912109375 2.896484375 1.912109375 2.9521484375 1.87109375 2.9521484375
14 1.7890625 2.8876953125 1.8486328125 2.8876953125 1.8486328125 2.9189453125 1.7890625 2.9189453125
14 1.994140625 0.794921875 2.029296875 0.794921875 2.029296875 0.84375 1.994140625 0.84375
14 1.9873046875 0.529296875 2.01953125 0.529296875 2.01953125 0.5693359375 1.9873046875 0.5693359375
14 1.8916015625 1.08203125 1.9248046875 1.08203125 1.9248046875 1.126953125 1.8916015625 1.126953125
14 1.5205078125 1.1015625 1.5546875 1.1015625 1.5546875 1.146484375 1.5205078125 1.146484375
14 1.8740234375 1.685546875 1.9208984375 1.685546875 1.91796875 1.7109375 1.8740234375 1.708984375
14 1.8408203125 1.6591796875 1.8603515625 1.658203125 1.8583984375 1.7041015625 1.8369140625 1.7041015625
14 1.66796875 1.6591796875 1.68359375 1.6591796875 1.6787109375 1.69140625 1.6689453125 1.6923828125
14 1.5263671875 1.6416015625 1.5419921875 1.62890625 1.5712890625 1.654296875 1.5537109375 1.6669921875
14 1.4697265625 1.6611328125 1.4990234375 1.6591796875 1.498046875 1.6884765625 1.4677734375 1.6806640625
14 1.345703125 1.7265625 1.392578125 1.7294921875 1.392578125 1.751953125 1.345703125 1.7587890625
14 1.1708984375 1.8134765625 1.2021484375 1.8125 1.1923828125 1.8486328125 1.1728515625 1.849609375
14 1.2265625 1.7255859375 1.2548828125 1.734375 1.2353515625 1.7880859375 1.216796875 1.7890625
14 1.1767578125 1.6494140625 1.21484375 1.658203125 1.2109375 1.68359375 1.16796875 1.685546875
14 1.1328125 1.6328125 1.1640625 1.626953125 1.1552734375 1.67578125 1.1328125 1.677734375
14 1.189453125 1.380859375 1.2119140625 1.3837890625 1.2119140625 1.419921875 1.1826171875 1.419921875
14 1.2333984375 1.390625 1.28515625 1.390625 1.28125 1.4140625 1.2333984375 1.4072265625
14 1.53125 1.427734375 1.552734375 1.4169921875 1.5791015625 1.44921875 1.556640625 1.462890625
14 1.58203125 1.380859375 1.59375 1.361328125 1.6103515625 1.3837890625 1.5947265625 1.3994140625
14 1.5869140625 1.283203125 1.607421875 1.2685546875 1.6279296875 1.2998046875 1.603515625 1.3134765625
14 1.1767578125 0.96875 1.208984375 0.96875 1.208984375 1.0205078125 1.1767578125 1.0205078125
14 1.189453125 1.2568359375 1.2177734375 1.2568359375 1.2177734375 1.2998046875 1.189453125 1.2998046875
14 1.26953125 1.1728515625 1.2998046875 1.1728515625 1.2998046875 1.2099609375 1.26953125 1.2099609375
14 1.51953125 1.2314453125 1.568359375 1.2314453125 1.568359375 1.2578125 1.51953125 1.2578125
14 0.3857421875 0.666015625 0.435546875 0.666015625 0.435546875 0.6904296875 0.3857421875 0.6904296875
