14 1.8125 0.7978515625 1.8310546875 0.8017578125 1.826171875 0.83984375 1.8076171875 0.833984375
14 0.74609375 0.8310546875 0.775390625 0.8359375 0.775390625 0.8515625 0.744140625 0.845703125
14 0.673828125 1.1533203125 0.7216796875 1.15625 0.7138671875 1.1806640625 0.6748046875 1.1748046875
14 0.6767578125 1.12109375 0.7275390625 1.1162109375 0.7216796875 1.142578125 0.6787109375 1.150390625
14 0.7646484375 1.1484375 0.802734375 1.15234375 0.796875 1.1787109375 0.7646484375 1.169921875
14 0.7744140625 1.02734375 0.796875 1.0283203125 0.8076171875 1.076171875 0.779296875 1.0791015625
14 0.4658203125 1.0126953125 0.4931640625 1.013671875 0.4990234375 1.07421875 0.46484375 1.0771484375
14 0.4365234375 1.046875 0.455078125 1.0517578125 0.447265625 1.0908203125 0.431640625 1.0849609375
14 0.44140625 0.984375 0.462890625 0.982421875 0.458984375 1.021484375 0.4375 1.0234375
14 0.4375 0.9267578125 0.4638671875 0.9248046875 0.458984375 0.97265625 0.4375 0.970703125
14 0.435546875 0.87890625 0.458984375 0.8818359375 0.455078125 0.904296875 0.431640625 0.8994140625
14 0.4736328125 0.9111328125 0.4921875 0.9150390625 0.494140625 0.951171875 0.47265625 0.9560546875
14 0.4775390625 0.826171875 0.4990234375 0.8349609375 0.5 0.8701171875 0.4755859375 0.8701171875
14 0.791015625 0.830078125 0.8125 0.8359375 0.8037109375 0.87890625 0.7861328125 0.876953125
14 0.7900390625 0.76171875 0.810546875 0.7646484375 0.8095703125 0.810546875 0.78515625 0.806640625
14 0.48828125 1.142578125 0.5263671875 1.1552734375 0.51171875 1.17578125 0.48046875 1.16015625
14 0.7529296875 0.765625 0.7783203125 0.7626953125 0.7763671875 0.8076171875 0.7529296875 0.8076171875
14 0.763671875 0.69921875 0.7861328125 0.703125 0.78125 0.755859375 0.7529296875 0.751953125
14 0.79296875 0.60546875 0.82421875 0.609375 0.8154296875 0.6611328125 0.79296875 0.6572265625
14 0.45703125 0.5673828125 0.482421875 0.5673828125 0.4755859375 0.6181640625 0.4580078125 0.615234375
14 0.455078125 0.6357421875 0.478515625 0.6396484375 0.474609375 0.6875 0.45703125 0.693359375
14 0.501953125 0.64453125 0.513671875 0.6484375 0.51171875 0.681640625 0.498046875 0.68359375
14 0.4921875 0.52734375 0.5185546875 0.5341796875 0.5166015625 0.5732421875 0.4931640625 0.5751953125
14 0.5263671875 0.3759765625 0.564453125 0.3876953125 0.5625 0.408203125 0.51953125 0.408203125
14 0.46484375 0.318359375 0.4912109375 0.318359375 0.4814453125 0.359375 0.462890625 0.357421875
14 0.57421875 0.37109375 0.6123046875 0.38671875 0.60546875 0.4140625 0.5712890625 0.4130859375
14 0.7548828125 0.3779296875 0.7822265625 0.39453125 0.75 0.419921875 0.7294921875 0.408203125
14 0.7255859375 0.4267578125 0.7783203125 0.4287109375 0.767578125 0.4501953125 0.720703125 0.447265625
14 0.6376953125 1.158203125 0.6513671875 1.1484375 0.6650390625 1.177734375 0.6484375 1.1845703125
14 0.4306640625 1.1806640625 0.4541015625 1.1806640625 0.4560546875 1.236328125 0.43359375 1.2275390625
14 1.8017578125 0.9296875 1.8271484375 0.931640625 1.8291015625 0.9775390625 1.8046875 0.9775390625
14 0.3447265625 1.4111328125 0.396484375 1.4169921875 0.3984375 1.4423828125 0.34375 1.439453125
14 0.33203125 0.0859375 0.3740234375 0.0908203125 0.37109375 0.1328125 0.328125 0.1396484375
14 0.17578125 0.33984375 0.201171875 0.3515625 0.201171875 0.392578125 0.1748046875 0.3818359375
14 0.1787109375 0.3994140625 0.1943359375 0.3994140625 0.1943359375 0.4453125 0.17578125 0.44140625
14 0.1689453125 0.6103515625 0.1904296875 0.6162109375 0.185546875 0.654296875 0.1669921875 0.65234375
14 0.2119140625 0.5234375 0.2333984375 0.5302734375 0.2333984375 0.537109375 0.20703125 0.53125
14 0.1640625 0.6630859375 0.1875 0.6669921875 0.1875 0.720703125 0.16015625 0.7255859375
14 0.16015625 0.8173828125 0.1787109375 0.8173828125 0.1796875 0.8603515625 0.15234375 0.859375
14 0.1455078125 1.0732421875 0.1689453125 1.0791015625 0.166015625 1.12890625 0.142578125 1.1259765625
14 0.146484375 1.1552734375 0.162109375 1.15625 0.158203125 1.1982421875 0.1416015625 1.197265625
14 0.130859375 1.3583984375 0.1591796875 1.359375 0.15234375 1.4111328125 0.1259765625 1.41015625
14 0.125 1.421875 0.1640625 1.4306640625 0.150390625 1.4716796875 0.12109375 1.4697265625
14 0.1201171875 1.4970703125 0.142578125 1.51171875 0.134765625 1.55078125 0.11328125 1.541015625
14 0.4169921875 1.4189453125 0.46484375 1.419921875 0.458984375 1.439453125 0.4130859375 1.4375
14 1.2412109375 1.48828125 1.2626953125 1.470703125 1.2861328125 1.4990234375 1.271484375 1.51953125
14 0.494140625 1.4208984375 0.53515625 1.4208984375 0.529296875 1.4462890625 0.4912109375 1.4462890625
14 0.55078125 1.41796875 0.591796875 1.42578125 0.5869140625 1.4462890625 0.5419921875 1.4443359375
14 0.6171875 1.423828125 0.65625 1.43359375 0.6494140625 1.4560546875 0.6123046875 1.451171875
14 0.537109375 1.453125 0.568359375 1.4560546875 0.56640625 1.4833984375 0.5380859375 1.48046875
14 0.6904296875 1.4560546875 0.7294921875 1.4619140625 0.724609375 1.4853515625 0.6865234375 1.4814453125
14 0.830078125 1.4619140625 0.8828125 1.4677734375 0.8759765625 1.4921875 0.830078125 1.49609375
14 0.896484375 1.4716796875 0.9267578125 1.4775390625 0.912109375 1.4970703125 0.8896484375 1.490234375
14 0.841796875 1.431640625 0.8720703125 1.439453125 0.865234375 1.4599609375 0.8427734375 1.4580078125
14 0.9736328125 1.4697265625 1.0087890625 1.4970703125 0.982421875 1.5107421875 0.966796875 1.4892578125
14 1.021484375 1.427734375 1.0751953125 1.4248046875 1.06640625 1.4580078125 1.0234375 1.453125
14 1.0478515625 1.4658203125 1.07421875 1.4833984375 1.0595703125 1.5029296875 1.0380859375 1.482421875
14 1.1005859375 1.48046875 1.1455078125 1.484375 1.14453125 1.5087890625 1.0986328125 1.501953125
14 0.7880859375 0.4228515625 0.837890625 0.4345703125 0.833984375 0.4560546875 0.7822265625 0.4541015625
14 0.8603515625 0.3955078125 0.8974609375 0.3994140625 0.8974609375 0.4228515625 0.8603515625 0.4228515625
14 1.009765625 0.40625 1.0537109375 0.40625 1.0517578125 0.4306640625 1.0068359375 0.4287109375
14 1.6875 0.7392578125 1.7119140625 0.7412109375 1.7197265625 0.8046875 1.6845703125 0.8037109375
14 0.943359375 0.1171875 0.9833984375 0.125 0.9833984375 0.1435546875 0.94140625 0.1435546875
14 1.005859375 0.1181640625 1.0546875 0.1220703125 1.0400390625 0.1484375 1.005859375 0.140625
14 1.1435546875 0.123046875 1.1953125 0.134765625 1.19140625 0.1552734375 1.140625 0.146484375
14 1.224609375 0.150390625 1.279296875 0.162109375 1.271484375 0.1845703125 1.21484375 0.1669921875
14 1.4365234375 0.25390625 1.466796875 0.279296875 1.4521484375 0.302734375 1.4208984375 0.2724609375
14 1.4755859375 0.1533203125 1.5078125 0.123046875 1.5263671875 0.138671875 1.4921875 0.173828125
14 1.4189453125 0.09375 1.4599609375 0.123046875 1.4462890625 0.142578125 1.404296875 0.1083984375
14 1.5498046875 0.09375 1.572265625 0.0673828125 1.5908203125 0.0869140625 1.5625 0.1181640625
14 1.5029296875 0.3623046875 1.51953125 0.345703125 1.541015625 0.3779296875 1.5283203125 0.392578125
14 1.578125 0.455078125 1.6005859375 0.4375 1.63671875 0.4892578125 1.615234375 0.498046875
14 1.6240234375 0.52734375 1.6416015625 0.509765625 1.67578125 0.5693359375 1.6455078125 0.5791015625
14 1.6767578125 0.6591796875 1.703125 0.65625 1.7109375 0.70703125 1.681640625 0.7021484375
14 1.6806640625 0.8857421875 1.7060546875 0.888671875 1.705078125 0.9453125 1.669921875 0.9384765625
14 1.072265625 0.408203125 1.1201171875 0.4033203125 1.119140625 0.439453125 1.072265625 0.435546875
14 1.673828125 0.966796875 1.693359375 0.9638671875 1.7021484375 1.0068359375 1.6806640625 1.00390625
14 1.66015625 1.2578125 1.6943359375 1.25390625 1.685546875 1.3095703125 1.654296875 1.3115234375
14 1.658203125 1.4677734375 1.6787109375 1.4677734375 1.6767578125 1.513671875 1.650390625 1.5107421875
14 1.66015625 1.4130859375 1.6748046875 1.4130859375 1.6767578125 1.431640625 1.654296875 1.431640625
14 1.6181640625 1.72265625 1.6455078125 1.7236328125 1.6416015625 1.7646484375 1.62109375 1.765625
14 1.76953125 1.6328125 1.7841796875 1.6123046875 1.8173828125 1.6533203125 1.7958984375 1.6689453125
14 1.818359375 1.595703125 1.8427734375 1.6025390625 1.8408203125 1.6259765625 1.8134765625 1.619140625
14 1.7822265625 1.2880859375 1.810546875 1.294921875 1.806640625 1.353515625 1.7822265625 1.353515625
14 1.791015625 1.2109375 1.81640625 1.2119140625 1.80859375 1.2607421875 1.787109375 1.2607421875
14 1.7939453125 1.150390625 1.81640625 1.146484375 1.818359375 1.19140625 1.791015625 1.1962890625
14 1.796875 1.07421875 1.8232421875 1.0771484375 1.826171875 1.123046875 1.7978515625 1.1181640625
14 1.7998046875 0.98828125 1.826171875 0.99609375 1.8212890625 1.0517578125 1.798828125 1.05078125
14 0.8603515625 0.1162109375 0.9091796875 0.12109375 0.8994140625 0.1435546875 0.8583984375 0.1416015625
14 0.7939453125 0.107421875 0.845703125 0.11328125 0.83984375 0.13671875 0.7919921875 0.1328125
14 1.4326171875 0.6328125 1.462890625 0.6083984375 1.4814453125 0.626953125 1.443359375 0.6533203125
14 1.390625 0.6708984375 1.4208984375 0.6884765625 1.38671875 0.7216796875 1.3681640625 0.7001953125
14 1.1162109375 0.5693359375 1.1376953125 0.568359375 1.1455078125 0.60546875 1.125 0.6142578125
14 1.111328125 0.6328125 1.13671875 0.6416015625 1.123046875 0.6865234375 1.099609375 0.681640625
14 1.0693359375 0.7158203125 1.0947265625 0.71875 1.087890625 0.76171875 1.0693359375 0.7626953125
14 1.0625 0.7998046875 1.0908203125 0.802734375 1.0859375 0.8525390625 1.0625 0.8515625
14 1.0966796875 0.798828125 1.1181640625 0.8037109375 1.1162109375 0.8466796875 1.0947265625 0.84765625
14 1.05859375 0.85546875 1.0859375 0.8564453125 1.0810546875 0.9013671875 1.0546875 0.90234375
14 1.05859375 0.921875 1.083984375 0.931640625 1.0732421875 0.9765625 1.05078125 0.974609375
14 0.990234375 1.1337890625 1.0322265625 1.1171875 1.048828125 1.1484375 0.9921875 1.16015625
14 0.890625 1.1591796875 0.931640625 1.1611328125 0.92578125 1.1845703125 0.888671875 1.1796875
14 1.0263671875 1.162109375 1.0732421875 1.1669921875 1.072265625 1.197265625 1.015625 1.1923828125
14 1.119140625 1.123046875 1.142578125 1.115234375 1.15625 1.1552734375 1.1318359375 1.1640625
14 1.2998046875 1.453125 1.3525390625 1.4580078125 1.345703125 1.478515625 1.296875 1.478515625
14 1.29296875 1.4833984375 1.3388671875 1.486328125 1.3330078125 1.5068359375 1.2890625 1.5107421875
14 1.37109375 1.4580078125 1.3916015625 1.4619140625 1.3896484375 1.5087890625 1.365234375 1.5146484375
14 1.3681640625 1.5263671875 1.3876953125 1.529296875 1.3828125 1.5791015625 1.36328125 1.580078125
14 1.365234375 1.1748046875 1.412109375 1.17578125 1.4140625 1.203125 1.361328125 1.2041015625
14 1.4345703125 1.1787109375 1.4755859375 1.185546875 1.4755859375 1.20703125 1.423828125 1.2109375
14 1.3837890625 1.123046875 1.4052734375 1.126953125 1.41015625 1.169921875 1.3828125 1.1669921875
14 1.3896484375 1.044921875 1.4091796875 1.0458984375 1.4189453125 1.095703125 1.3896484375 1.0947265625
14 1.3916015625 0.990234375 1.4150390625 0.9873046875 1.4072265625 1.0341796875 1.3896484375 1.03125
14 1.4013671875 0.9111328125 1.423828125 0.9189453125 1.4208984375 0.9638671875 1.3984375 0.962890625
14 1.359375 0.888671875 1.3916015625 0.8916015625 1.388671875 0.9296875 1.359375 0.9267578125
14 1.37109375 0.7900390625 1.396484375 0.7939453125 1.3916015625 0.828125 1.3681640625 0.8369140625
14 1.4072265625 0.771484375 1.4296875 0.7724609375 1.4267578125 0.8115234375 1.4013671875 0.8115234375
14 1.412109375 0.7158203125 1.4287109375 0.720703125 1.42578125 0.7666015625 1.4072265625 0.7626953125
14 0.203125 0.140625 0.2431640625 0.1376953125 0.224609375 0.1923828125 0.1943359375 0.1865234375
