10 1.0400390625 1.03125 1.033203125 1.0185546875 1.06640625 1.00390625 1.0703125 1.0185546875
10 0.9609375 1.0029296875 0.9677734375 0.9873046875 1.00390625 1.0029296875 0.9970703125 1.017578125
10 0.1025390625 0.0908203125 0.0859375 0.0869140625 0.091796875 0.05859375 0.107421875 0.060546875
10 0.1708984375 0.142578125 0.1826171875 0.1455078125 0.1748046875 0.1796875 0.1611328125 0.177734375
10 0.076171875 0.3447265625 0.05859375 0.341796875 0.0673828125 0.302734375 0.08203125 0.3056640625
10 0.435546875 0.3466796875 0.431640625 0.3330078125 0.4677734375 0.3173828125 0.47265625 0.33203125
10 0.4306640625 0.3994140625 0.421875 0.388671875 0.447265625 0.3681640625 0.4560546875 0.37890625
10 0.5048828125 0.35546875 0.5029296875 0.33984375 0.5361328125 0.33203125 0.541015625 0.3486328125
10 0.341796875 0.46484375 0.330078125 0.4599609375 0.341796875 0.4326171875 0.3544921875 0.4375
10 0.33984375 0.5615234375 0.328125 0.5595703125 0.333984375 0.5322265625 0.345703125 0.5341796875
10 0.0390625 0.9189453125 0.0498046875 0.9208984375 0.04296875 0.9541015625 0.0322265625 0.9501953125
10 0.2880859375 0.9560546875 0.275390625 0.9541015625 0.2841796875 0.9267578125 0.2978515625 0.9287109375
10 0.2607421875 1.0849609375 0.2470703125 1.0830078125 0.25390625 1.052734375 0.267578125 1.0546875
10 0.380859375 1.0966796875 0.3974609375 1.1005859375 0.3857421875 1.1298828125 0.3720703125 1.125
10 0.421875 1.0009765625 0.4326171875 1.0048828125 0.4208984375 1.0302734375 0.408203125 1.025390625
10 0.4697265625 1.01953125 0.48046875 1.025390625 0.4638671875 1.05078125 0.451171875 1.044921875
9 0.541015625 0.9501953125 0.55078125 0.96484375 0.51171875 0.9931640625 0.4970703125 0.978515625
10 0.6103515625 0.865234375 0.6162109375 0.8779296875 0.587890625 0.888671875 0.5830078125 0.8759765625
10 0.6650390625 0.8095703125 0.6708984375 0.8212890625 0.6396484375 0.833984375 0.6337890625 0.822265625
10 0.720703125 0.8125 0.7275390625 0.826171875 0.703125 0.837890625 0.6953125 0.8271484375
10 0.7568359375 0.7421875 0.7626953125 0.75390625 0.7412109375 0.771484375 0.7314453125 0.765625
10 0.8359375 0.6787109375 0.845703125 0.681640625 0.8359375 0.705078125 0.82421875 0.703125
10 0.5380859375 0.314453125 0.53515625 0.298828125 0.5673828125 0.2978515625 0.568359375 0.3125
10 0.7099609375 0.3603515625 0.720703125 0.3505859375 0.7392578125 0.3740234375 0.7294921875 0.3828125
10 0.9404296875 0.46484375 0.9501953125 0.453125 0.9765625 0.4716796875 0.96484375 0.486328125
10 1.072265625 0.7080078125 1.0751953125 0.720703125 1.0478515625 0.7294921875 1.04296875 0.7138671875
10 0.88671875 0.8349609375 0.890625 0.8515625 0.859375 0.8583984375 0.8544921875 0.8427734375
12 0.2666015625 0.2587890625 0.9140625 0.2587890625 0.9140625 0.919921875 0.2666015625 0.919921875
