10 2.3828125 2.8193359375 2.380859375 2.8359375 2.34765625 2.83203125 2.349609375 2.81640625
10 1.3779296875 1.1396484375 1.388671875 1.1298828125 1.4091796875 1.1533203125 1.400390625 1.1630859375
10 1.474609375 0.25390625 1.46484375 0.244140625 1.4833984375 0.2236328125 1.494140625 0.2353515625
10 1.05078125 1.7275390625 1.041015625 1.7197265625 1.0673828125 1.697265625 1.07421875 1.708984375
10 1.078125 1.701171875 1.0693359375 1.69140625 1.091796875 1.673828125 1.099609375 1.681640625
10 1.1171875 1.6376953125 1.12890625 1.6474609375 1.109375 1.6728515625 1.095703125 1.662109375
10 1.0458984375 1.619140625 1.0556640625 1.62890625 1.03515625 1.6484375 1.025390625 1.640625
10 1.0595703125 1.625 1.048828125 1.615234375 1.0693359375 1.595703125 1.080078125 1.6064453125
10 1.123046875 1.5556640625 1.11328125 1.5546875 1.11328125 1.5263671875 1.126953125 1.5263671875
10 1.1240234375 1.51171875 1.11328125 1.5205078125 1.0927734375 1.4990234375 1.1025390625 1.4873046875
10 1.244140625 1.53125 1.234375 1.54296875 1.2060546875 1.5185546875 1.21875 1.5068359375
10 1.2138671875 1.50390625 1.2021484375 1.5107421875 1.18359375 1.4892578125 1.193359375 1.478515625
10 1.18359375 1.47265625 1.1728515625 1.4814453125 1.150390625 1.462890625 1.1611328125 1.4501953125
10 1.15625 1.4462890625 1.14453125 1.4560546875 1.1220703125 1.435546875 1.1337890625 1.42578125
10 1.12109375 1.4130859375 1.111328125 1.4228515625 1.0859375 1.3994140625 1.0986328125 1.3876953125
10 1.0908203125 1.3857421875 1.080078125 1.3935546875 1.064453125 1.375 1.0732421875 1.365234375
10 1.0654296875 1.361328125 1.0546875 1.369140625 1.0390625 1.3515625 1.0478515625 1.3427734375
10 1.0400390625 1.3349609375 1.029296875 1.34375 1.0107421875 1.3251953125 1.01953125 1.314453125
10 1.064453125 1.1337890625 1.0732421875 1.14453125 1.05078125 1.166015625 1.0419921875 1.15625
10 1.0849609375 1.107421875 1.0966796875 1.1162109375 1.078125 1.1357421875 1.0703125 1.12890625
10 1.130859375 1.041015625 1.1396484375 1.0498046875 1.125 1.0703125 1.1142578125 1.0634765625
10 1.1083984375 1.07421875 1.1162109375 1.080078125 1.1025390625 1.1083984375 1.0908203125 1.1005859375
10 1.419921875 1.275390625 1.4326171875 1.263671875 1.4521484375 1.2880859375 1.443359375 1.296875
10 1.3896484375 1.2470703125 1.3994140625 1.2373046875 1.423828125 1.26171875 1.4140625 1.271484375
10 1.3701171875 1.224609375 1.37890625 1.21484375 1.3935546875 1.234375 1.3837890625 1.2431640625
10 1.3330078125 1.19140625 1.341796875 1.1796875 1.3623046875 1.2021484375 1.3525390625 1.2109375
10 1.30859375 1.166015625 1.318359375 1.15625 1.3369140625 1.177734375 1.3271484375 1.1865234375
10 1.279296875 1.13671875 1.291015625 1.1279296875 1.3115234375 1.1474609375 1.30078125 1.158203125
10 1.244140625 1.10546875 1.2568359375 1.0947265625 1.2802734375 1.119140625 1.26953125 1.1318359375
10 1.5029296875 0.2265625 1.4921875 0.21875 1.513671875 0.1953125 1.525390625 0.205078125
10 1.5302734375 0.19921875 1.5166015625 0.1923828125 1.541015625 0.16796875 1.5498046875 0.1796875
10 1.552734375 0.1748046875 1.5419921875 0.16796875 1.5634765625 0.1416015625 1.5751953125 0.15234375
10 1.7119140625 0.93359375 1.7216796875 0.9423828125 1.69921875 0.966796875 1.6884765625 0.9580078125
10 1.498046875 1.3525390625 1.5107421875 1.341796875 1.5322265625 1.3671875 1.5224609375 1.375
10 1.47265625 1.3251953125 1.482421875 1.314453125 1.50390625 1.337890625 1.49609375 1.3486328125
10 1.4462890625 1.3017578125 1.455078125 1.291015625 1.4775390625 1.3125 1.4658203125 1.322265625
10 1.521484375 1.236328125 1.533203125 1.23828125 1.529296875 1.2685546875 1.5146484375 1.2685546875
10 1.5361328125 1.201171875 1.546875 1.2109375 1.53125 1.236328125 1.5166015625 1.23046875
10 1.5390625 1.1123046875 1.548828125 1.12109375 1.525390625 1.146484375 1.5107421875 1.1376953125
10 1.552734375 1.1162109375 1.5439453125 1.1083984375 1.564453125 1.0908203125 1.5703125 1.099609375
10 1.578125 1.09375 1.56640625 1.0849609375 1.587890625 1.0634765625 1.5966796875 1.07421875
10 1.6044921875 1.06640625 1.5908203125 1.0556640625 1.609375 1.03515625 1.6220703125 1.046875
10 1.6376953125 1.009765625 1.6484375 1.0185546875 1.626953125 1.0439453125 1.6171875 1.0341796875
10 1.654296875 1.0126953125 1.64453125 1.00390625 1.6640625 0.98046875 1.6728515625 0.9912109375
10 1.68359375 0.9599609375 1.693359375 0.970703125 1.6767578125 0.98828125 1.6689453125 0.978515625
10 1.7265625 0.9375 1.7158203125 0.9296875 1.7373046875 0.9072265625 1.7451171875 0.916015625
10 1.5888671875 0.1376953125 1.5791015625 0.130859375 1.6005859375 0.10546875 1.6083984375 0.115234375
10 1.736328125 0.95703125 1.7265625 0.9453125 1.748046875 0.919921875 1.759765625 0.9326171875
10 1.466796875 0.33984375 1.4755859375 0.3505859375 1.4541015625 0.373046875 1.4453125 0.36328125
10 1.494140625 0.3125 1.50390625 0.322265625 1.4833984375 0.3427734375 1.4716796875 0.3330078125
10 1.51953125 0.28515625 1.53125 0.294921875 1.51171875 0.3154296875 1.5 0.306640625
10 1.548828125 0.255859375 1.560546875 0.267578125 1.5390625 0.287109375 1.5283203125 0.2783203125
10 1.5732421875 0.2294921875 1.5830078125 0.240234375 1.56640625 0.259765625 1.5537109375 0.2529296875
10 1.603515625 0.2001953125 1.6123046875 0.2099609375 1.591796875 0.2314453125 1.580078125 0.224609375
10 1.626953125 0.1767578125 1.63671875 0.1845703125 1.619140625 0.20703125 1.6064453125 0.197265625
10 1.65234375 0.1484375 1.6650390625 0.1572265625 1.6435546875 0.1787109375 1.6328125 0.1708984375
10 1.681640625 0.12109375 1.6904296875 0.1298828125 1.6708984375 0.150390625 1.6591796875 0.1435546875
10 1.6455078125 0.0791015625 1.6357421875 0.0712890625 1.6455078125 0.060546875 1.666015625 0.0615234375
10 1.619140625 0.1064453125 1.607421875 0.099609375 1.6259765625 0.0791015625 1.6357421875 0.0869140625
10 1.4072265625 1.16796875 1.416015625 1.1572265625 1.431640625 1.1767578125 1.4248046875 1.18359375
10 1.3486328125 1.109375 1.359375 1.1005859375 1.380859375 1.125 1.3701171875 1.13671875
10 0.9794921875 1.783203125 0.98828125 1.791015625 0.96875 1.8134765625 0.95703125 1.8046875
10 1.3212890625 1.08203125 1.330078125 1.0712890625 1.3515625 1.0947265625 1.3427734375 1.1064453125
10 1.22265625 0.513671875 1.208984375 0.5048828125 1.2333984375 0.484375 1.2421875 0.494140625
10 1.1923828125 0.54296875 1.18359375 0.53515625 1.20703125 0.5107421875 1.2138671875 0.5205078125
10 1.158203125 0.578125 1.1484375 0.568359375 1.1689453125 0.548828125 1.1796875 0.560546875
10 1.130859375 0.607421875 1.1220703125 0.59765625 1.1396484375 0.578125 1.146484375 0.5859375
10 1.1025390625 0.634765625 1.0908203125 0.626953125 1.1162109375 0.6025390625 1.125 0.61328125
10 1.029296875 0.69140625 1.0234375 0.677734375 1.0498046875 0.6669921875 1.0537109375 0.6796875
10 0.96484375 0.662109375 0.9697265625 0.65234375 0.990234375 0.6630859375 0.9853515625 0.6748046875
10 0.9306640625 0.6513671875 0.9345703125 0.6396484375 0.9609375 0.6513671875 0.95703125 0.662109375
10 0.8974609375 0.64453125 0.8994140625 0.6328125 0.9267578125 0.6396484375 0.923828125 0.6513671875
10 0.85546875 0.6416015625 0.8564453125 0.62890625 0.8818359375 0.6328125 0.8798828125 0.64453125
10 0.814453125 0.642578125 0.814453125 0.6298828125 0.8447265625 0.6279296875 0.84375 0.640625
10 0.783203125 0.6484375 0.7802734375 0.638671875 0.8037109375 0.6328125 0.806640625 0.642578125
10 0.74609375 0.6611328125 0.73828125 0.6484375 0.771484375 0.638671875 0.7763671875 0.650390625
10 1.0380859375 1.1611328125 1.044921875 1.1708984375 1.01953125 1.189453125 1.0126953125 1.1748046875
10 1.005859375 1.1796875 1.013671875 1.19140625 0.9833984375 1.20703125 0.9765625 1.1953125
10 0.833984375 1.197265625 0.826171875 1.2060546875 0.7998046875 1.189453125 0.8076171875 1.1787109375
10 0.81640625 1.2080078125 0.8115234375 1.220703125 0.78125 1.2119140625 0.783203125 1.19921875
10 0.7666015625 1.189453125 0.7607421875 1.201171875 0.734375 1.1923828125 0.7392578125 1.181640625
10 0.7705078125 1.212890625 0.7685546875 1.2236328125 0.7421875 1.216796875 0.7431640625 1.2060546875
10 0.7314453125 1.197265625 0.728515625 1.2080078125 0.701171875 1.19921875 0.7060546875 1.1884765625
10 0.697265625 1.1826171875 0.69140625 1.19140625 0.6640625 1.17578125 0.671875 1.1650390625
10 0.728515625 1.177734375 0.7236328125 1.1875 0.69921875 1.173828125 0.7060546875 1.1640625
10 0.6943359375 1.158203125 0.6884765625 1.16796875 0.66015625 1.150390625 0.66796875 1.138671875
10 0.6650390625 1.1630859375 0.6591796875 1.1708984375 0.6376953125 1.1552734375 0.642578125 1.1455078125
10 1.013671875 1.6494140625 1.025390625 1.66015625 1.0048828125 1.6806640625 0.9970703125 1.669921875
10 0.9912109375 1.6767578125 0.9990234375 1.6845703125 0.978515625 1.7080078125 0.96875 1.7001953125
10 1.0322265625 1.728515625 1.041015625 1.736328125 1.0234375 1.7568359375 1.0166015625 1.7509765625
10 1.2490234375 0.484375 1.2412109375 0.474609375 1.2578125 0.45703125 1.2666015625 0.466796875
10 1.27734375 0.4541015625 1.2685546875 0.4462890625 1.2841796875 0.4287109375 1.294921875 0.4365234375
10 1.3046875 0.4287109375 1.29296875 0.419921875 1.3154296875 0.3974609375 1.32421875 0.4072265625
10 1.3916015625 0.416015625 1.40234375 0.427734375 1.3798828125 0.4501953125 1.369140625 0.4404296875
10 1.29296875 1.0517578125 1.302734375 1.0439453125 1.32421875 1.06640625 1.3125 1.078125
10 1.19140625 1.052734375 1.203125 1.04296875 1.22265625 1.064453125 1.2138671875 1.07421875
10 1.1494140625 1.0458984375 1.146484375 1.03125 1.181640625 1.0341796875 1.1826171875 1.046875
10 1.193359375 0.9580078125 1.203125 0.9501953125 1.2236328125 0.97265625 1.2138671875 0.9814453125
10 1.1669921875 0.9326171875 1.1767578125 0.92578125 1.1923828125 0.947265625 1.185546875 0.9541015625
10 1.1435546875 0.9033203125 1.1533203125 0.8955078125 1.16796875 0.91796875 1.1572265625 0.923828125
10 1.1357421875 0.861328125 1.1455078125 0.859375 1.15234375 0.8896484375 1.140625 0.892578125
10 1.12109375 0.8271484375 1.1337890625 0.822265625 1.14453125 0.85546875 1.1298828125 0.8603515625
10 1.1064453125 0.7958984375 1.1181640625 0.7900390625 1.12890625 0.814453125 1.1181640625 0.8203125
10 1.08984375 0.763671875 1.1015625 0.7568359375 1.115234375 0.7822265625 1.10546875 0.7880859375
10 1.0986328125 0.716796875 1.1123046875 0.724609375 1.1015625 0.755859375 1.0869140625 0.7509765625
10 1.4375 0.3701171875 1.447265625 0.3779296875 1.42578125 0.40234375 1.4130859375 0.392578125
10 1.34375 0.4853515625 1.3359375 0.478515625 1.357421875 0.451171875 1.3681640625 0.4619140625
10 1.3359375 0.3955078125 1.3271484375 0.38671875 1.3427734375 0.3720703125 1.3505859375 0.380859375
10 1.32421875 0.4892578125 1.33203125 0.498046875 1.3134765625 0.5166015625 1.3037109375 0.5078125
10 1.28515625 0.546875 1.2744140625 0.5390625 1.29296875 0.5205078125 1.3017578125 0.5283203125
10 1.2685546875 0.544921875 1.275390625 0.5546875 1.2548828125 0.576171875 1.244140625 0.5654296875
10 1.23828125 0.576171875 1.248046875 0.583984375 1.2294921875 0.60546875 1.216796875 0.595703125
10 1.2158203125 0.5986328125 1.22265625 0.609375 1.19921875 0.6328125 1.19140625 0.625
10 1.1865234375 0.630859375 1.193359375 0.640625 1.173828125 0.6591796875 1.166015625 0.650390625
10 1.16015625 0.654296875 1.1689453125 0.6640625 1.1474609375 0.6875 1.1376953125 0.6767578125
10 1.1318359375 0.658203125 1.1396484375 0.6669921875 1.123046875 0.685546875 1.111328125 0.6767578125
10 1.4482421875 0.2822265625 1.4375 0.2734375 1.4609375 0.25390625 1.466796875 0.2626953125
10 1.419921875 0.30859375 1.4111328125 0.3037109375 1.4306640625 0.2822265625 1.4404296875 0.2900390625
10 1.38671875 0.3447265625 1.375 0.337890625 1.3955078125 0.31640625 1.404296875 0.326171875
10 1.357421875 0.3701171875 1.3486328125 0.36328125 1.369140625 0.3408203125 1.3779296875 0.3505859375
10 1.5302734375 1.3818359375 1.5380859375 1.3681640625 1.560546875 1.39453125 1.546875 1.40234375
10 1.5546875 1.4091796875 1.5634765625 1.396484375 1.5849609375 1.4189453125 1.57421875 1.4296875
10 1.587890625 1.4404296875 1.59765625 1.4287109375 1.6220703125 1.455078125 1.61328125 1.4658203125
10 1.533203125 1.291015625 1.54296875 1.279296875 1.564453125 1.302734375 1.5546875 1.314453125
10 1.97265625 4.6474609375 1.982421875 4.6376953125 1.9990234375 4.66015625 1.990234375 4.669921875
10 1.9873046875 4.8291015625 1.9775390625 4.8408203125 1.951171875 4.81640625 1.962890625 4.8046875
10 1.96484375 4.9033203125 1.951171875 4.9072265625 1.9384765625 4.8798828125 1.9521484375 4.8740234375
10 1.8291015625 4.78125 1.8212890625 4.7900390625 1.7998046875 4.76953125 1.80859375 4.76171875
10 1.8486328125 4.8095703125 1.8427734375 4.8154296875 1.826171875 4.796875 1.8330078125 4.787109375
10 1.7900390625 4.7421875 1.78125 4.755859375 1.7578125 4.728515625 1.767578125 4.71875
10 1.7294921875 4.6845703125 1.720703125 4.697265625 1.7001953125 4.6767578125 1.7080078125 4.6640625
10 1.7587890625 4.642578125 1.7509765625 4.6513671875 1.7275390625 4.62890625 1.7373046875 4.6181640625
10 1.6982421875 4.6611328125 1.6923828125 4.66796875 1.673828125 4.650390625 1.681640625 4.6416015625
10 1.6787109375 4.6357421875 1.6708984375 4.64453125 1.64453125 4.62109375 1.65234375 4.6103515625
10 1.6435546875 4.599609375 1.6318359375 4.6083984375 1.607421875 4.5810546875 1.615234375 4.5693359375
10 1.6748046875 4.5625 1.6640625 4.572265625 1.640625 4.55078125 1.6484375 4.5390625
10 1.60546875 4.564453125 1.5986328125 4.572265625 1.572265625 4.548828125 1.58203125 4.5390625
10 1.578125 4.5390625 1.5703125 4.5478515625 1.55078125 4.529296875 1.5576171875 4.51953125
10 1.5927734375 4.515625 1.5859375 4.5224609375 1.560546875 4.4990234375 1.568359375 4.48828125
10 1.158203125 4.865234375 1.1689453125 4.8740234375 1.15234375 4.8916015625 1.1396484375 4.88671875
10 1.201171875 4.82421875 1.212890625 4.8330078125 1.189453125 4.85546875 1.1806640625 4.84375
10 1.23046875 4.7939453125 1.23828125 4.8046875 1.2216796875 4.822265625 1.208984375 4.8173828125
10 1.2529296875 4.767578125 1.265625 4.7802734375 1.2451171875 4.7998046875 1.234375 4.7900390625
10 1.3525390625 4.671875 1.361328125 4.6826171875 1.337890625 4.708984375 1.326171875 4.697265625
10 1.337890625 4.6025390625 1.330078125 4.5947265625 1.349609375 4.5751953125 1.3583984375 4.583984375
10 1.3134765625 4.6298828125 1.3056640625 4.6220703125 1.326171875 4.6005859375 1.3359375 4.609375
10 1.279296875 4.6669921875 1.26953125 4.65625 1.294921875 4.630859375 1.3037109375 4.640625
10 1.25390625 4.689453125 1.2451171875 4.681640625 1.267578125 4.6611328125 1.2744140625 4.6708984375
10 1.2216796875 4.72265625 1.212890625 4.7138671875 1.23046875 4.6923828125 1.2451171875 4.7021484375
10 1.599609375 4.287109375 1.611328125 4.2783203125 1.6279296875 4.298828125 1.62109375 4.30859375
10 1.4365234375 4.3994140625 1.4267578125 4.41015625 1.4013671875 4.3837890625 1.412109375 4.3720703125
10 1.9482421875 4.6259765625 1.9560546875 4.6171875 1.978515625 4.63671875 1.96875 4.6474609375
10 1.6318359375 4.31640625 1.6396484375 4.3076171875 1.6611328125 4.326171875 1.65234375 4.3349609375
10 1.6611328125 4.34765625 1.671875 4.337890625 1.69140625 4.3564453125 1.6826171875 4.3662109375
10 1.7392578125 3.6044921875 1.748046875 3.595703125 1.7646484375 3.6142578125 1.755859375 3.625
10 1.65625 3.3134765625 1.6630859375 3.322265625 1.6416015625 3.345703125 1.62890625 3.3369140625
10 1.5693359375 3.078125 1.5595703125 3.068359375 1.5830078125 3.048828125 1.591796875 3.0595703125
10 1.5078125 3.1396484375 1.5 3.1337890625 1.5166015625 3.11328125 1.5263671875 3.1201171875
10 1.5517578125 3.203125 1.54296875 3.1962890625 1.5625 3.17578125 1.572265625 3.18359375
10 1.517578125 3.2373046875 1.5078125 3.23046875 1.53125 3.20703125 1.5380859375 3.2177734375
10 1.5078125 3.21484375 1.498046875 3.20703125 1.517578125 3.1865234375 1.5263671875 3.19921875
10 1.5400390625 3.1826171875 1.5322265625 3.17578125 1.5556640625 3.150390625 1.5634765625 3.162109375
10 1.470703125 3.2158203125 1.462890625 3.2080078125 1.482421875 3.18359375 1.49609375 3.1943359375
10 1.4736328125 3.17578125 1.4638671875 3.1650390625 1.4853515625 3.146484375 1.4951171875 3.1572265625
10 1.6982421875 3.5517578125 1.6904296875 3.5576171875 1.6708984375 3.5400390625 1.6796875 3.5322265625
10 1.6943359375 3.560546875 1.7021484375 3.5517578125 1.71875 3.5712890625 1.7109375 3.5791015625
10 1.7158203125 3.5830078125 1.7265625 3.57421875 1.740234375 3.5927734375 1.732421875 3.6025390625
10 1.7685546875 3.6279296875 1.7744140625 3.6201171875 1.794921875 3.6396484375 1.7861328125 3.650390625
10 1.689453125 4.375 1.7001953125 4.3642578125 1.71875 4.3857421875 1.7109375 4.39453125
10 1.8427734375 3.70703125 1.8515625 3.697265625 1.8681640625 3.716796875 1.8603515625 3.7255859375
10 1.869140625 3.73046875 1.87890625 3.7216796875 1.896484375 3.744140625 1.8896484375 3.7529296875
10 1.9013671875 3.76171875 1.9091796875 3.75390625 1.9267578125 3.7724609375 1.916015625 3.78125
10 1.93359375 3.796875 1.9453125 3.787109375 1.966796875 3.8095703125 1.9599609375 3.818359375
10 1.91796875 4.599609375 1.9296875 4.5888671875 1.953125 4.6123046875 1.94140625 4.623046875
10 1.89453125 4.5703125 1.9033203125 4.560546875 1.91796875 4.58203125 1.908203125 4.5908203125
10 1.859375 4.541015625 1.873046875 4.5302734375 1.8935546875 4.5546875 1.8837890625 4.564453125
10 1.8349609375 4.51171875 1.8427734375 4.5029296875 1.86328125 4.5234375 1.85546875 4.533203125
10 1.8095703125 4.4853515625 1.818359375 4.478515625 1.833984375 4.49609375 1.826171875 4.5048828125
10 1.779296875 4.4580078125 1.787109375 4.44921875 1.8046875 4.46875 1.7958984375 4.4794921875
10 1.75390625 4.4326171875 1.7626953125 4.4228515625 1.7802734375 4.4443359375 1.771484375 4.453125
10 1.7216796875 4.4013671875 1.7275390625 4.392578125 1.7490234375 4.4130859375 1.7392578125 4.4208984375
10 1.40234375 4.3681640625 1.3935546875 4.3779296875 1.3720703125 4.357421875 1.380859375 4.345703125
10 1.375 4.3388671875 1.365234375 4.3486328125 1.34375 4.3310546875 1.3525390625 4.3203125
10 1.5380859375 4.2275390625 1.544921875 4.2158203125 1.5654296875 4.2353515625 1.5556640625 4.2470703125
10 1.302734375 1.58984375 1.2919921875 1.5966796875 1.2724609375 1.5810546875 1.2822265625 1.568359375
10 1.4228515625 1.7998046875 1.412109375 1.8095703125 1.3896484375 1.787109375 1.3984375 1.7763671875
10 1.3896484375 1.771484375 1.3828125 1.7802734375 1.36328125 1.7626953125 1.37109375 1.7548828125
10 1.466796875 1.751953125 1.458984375 1.759765625 1.435546875 1.7353515625 1.4453125 1.7265625
10 1.4365234375 1.7216796875 1.4296875 1.728515625 1.4091796875 1.7109375 1.41796875 1.7001953125
10 1.36328125 1.7451171875 1.353515625 1.75390625 1.3359375 1.7353515625 1.34375 1.724609375
10 1.33203125 1.7158203125 1.326171875 1.7236328125 1.3017578125 1.7060546875 1.3134765625 1.6962890625
10 1.40234375 1.6865234375 1.392578125 1.6962890625 1.3720703125 1.67578125 1.3828125 1.6650390625
10 1.376953125 1.66015625 1.3671875 1.669921875 1.3466796875 1.6513671875 1.353515625 1.638671875
10 1.30859375 1.693359375 1.3017578125 1.6982421875 1.27734375 1.6796875 1.287109375 1.669921875
10 1.2822265625 1.666015625 1.2744140625 1.6748046875 1.251953125 1.654296875 1.259765625 1.6416015625
10 1.34765625 1.634765625 1.33984375 1.6455078125 1.322265625 1.626953125 1.33203125 1.6171875
10 1.3271484375 1.61328125 1.318359375 1.623046875 1.2958984375 1.6025390625 1.3076171875 1.5947265625
10 1.251953125 1.6357421875 1.2421875 1.64453125 1.220703125 1.6240234375 1.2294921875 1.6142578125
10 1.4833984375 1.861328125 1.47265625 1.869140625 1.453125 1.84765625 1.462890625 1.8388671875
10 1.22265625 1.6103515625 1.21484375 1.62109375 1.1904296875 1.603515625 1.1982421875 1.58984375
10 1.275390625 1.5625 1.265625 1.572265625 1.2451171875 1.5517578125 1.2529296875 1.54296875
10 1.7080078125 1.552734375 1.716796875 1.5419921875 1.73828125 1.56640625 1.73046875 1.5771484375
10 1.6806640625 1.525390625 1.6904296875 1.517578125 1.7099609375 1.5361328125 1.701171875 1.546875
10 1.6455078125 1.49609375 1.658203125 1.4853515625 1.6787109375 1.509765625 1.669921875 1.517578125
10 1.7080078125 1.458984375 1.7177734375 1.44921875 1.7392578125 1.47265625 1.7294921875 1.4833984375
10 1.6181640625 1.46875 1.630859375 1.4580078125 1.6513671875 1.484375 1.640625 1.4931640625
10 1.669921875 1.4208984375 1.6796875 1.4140625 1.69921875 1.435546875 1.6875 1.4443359375
10 1.6435546875 1.3955078125 1.65234375 1.38671875 1.673828125 1.40625 1.6630859375 1.41796875
10 1.6171875 1.3720703125 1.626953125 1.3623046875 1.6484375 1.3837890625 1.634765625 1.3955078125
10 1.587890625 1.345703125 1.5986328125 1.333984375 1.6220703125 1.359375 1.611328125 1.3701171875
10 1.5625 1.3173828125 1.5703125 1.3076171875 1.5908203125 1.328125 1.5810546875 1.3388671875
10 1.4521484375 1.8271484375 1.44140625 1.8359375 1.421875 1.8154296875 1.431640625 1.806640625
10 1.498046875 1.779296875 1.486328125 1.787109375 1.466796875 1.7685546875 1.4755859375 1.7587890625
10 1.5126953125 4.197265625 1.5224609375 4.19140625 1.5400390625 4.212890625 1.529296875 4.2216796875
10 1.25 3.65234375 1.2587890625 3.65625 1.251953125 3.685546875 1.240234375 3.681640625
10 1.48828125 4.171875 1.49609375 4.1640625 1.51171875 4.1865234375 1.5029296875 4.1953125
10 1.4560546875 4.140625 1.46484375 4.130859375 1.4833984375 4.1533203125 1.4755859375 4.1630859375
10 1.423828125 4.1142578125 1.4345703125 4.103515625 1.447265625 4.1220703125 1.439453125 4.1328125
10 1.3251953125 4.05859375 1.3369140625 4.048828125 1.3544921875 4.0693359375 1.34765625 4.076171875
10 1.333984375 4.029296875 1.34375 4.017578125 1.3671875 4.0400390625 1.3564453125 4.0498046875
10 1.2724609375 3.98046875 1.2841796875 3.9716796875 1.2978515625 4.0009765625 1.2880859375 4.0048828125
10 1.2529296875 3.912109375 1.2666015625 3.91015625 1.2705078125 3.9404296875 1.2568359375 3.9423828125
10 1.2353515625 3.7919921875 1.25 3.79296875 1.25 3.826171875 1.2353515625 3.8271484375
10 1.25 3.71875 1.265625 3.7216796875 1.26171875 3.75390625 1.24609375 3.7529296875
10 1.232421875 3.697265625 1.244140625 3.69921875 1.2373046875 3.7314453125 1.2255859375 3.728515625
10 1.2900390625 3.6806640625 1.3017578125 3.6884765625 1.287109375 3.7099609375 1.275390625 3.7041015625
10 1.2744140625 3.6650390625 1.28515625 3.6728515625 1.2734375 3.6982421875 1.259765625 3.6904296875
10 1.1767578125 3.5205078125 1.1650390625 3.515625 1.1875 3.4970703125 1.1953125 3.505859375
10 1.552734375 1.8349609375 1.54296875 1.841796875 1.5205078125 1.8212890625 1.533203125 1.8115234375
10 1.203125 3.5341796875 1.19140625 3.5263671875 1.2109375 3.505859375 1.22265625 3.515625
10 1.21484375 3.5546875 1.203125 3.541015625 1.2255859375 3.5185546875 1.2373046875 3.53125
10 1.2724609375 3.4541015625 1.2607421875 3.4541015625 1.2685546875 3.4287109375 1.2802734375 3.4287109375
10 1.2021484375 3.4970703125 1.1865234375 3.484375 1.22265625 3.44921875 1.2373046875 3.462890625
10 1.1689453125 3.498046875 1.1552734375 3.48828125 1.177734375 3.4658203125 1.1904296875 3.4736328125
10 1.4365234375 2.16796875 1.42578125 2.162109375 1.4482421875 2.1416015625 1.45703125 2.15234375
10 1.4873046875 2.1005859375 1.498046875 2.109375 1.474609375 2.1328125 1.4599609375 2.125
10 1.50390625 2.1025390625 1.4912109375 2.0927734375 1.515625 2.0703125 1.5234375 2.08203125
10 1.5654296875 1.9384765625 1.55859375 1.947265625 1.53515625 1.9296875 1.5419921875 1.916015625
10 1.513671875 1.892578125 1.5048828125 1.9033203125 1.48828125 1.884765625 1.4951171875 1.8740234375
10 1.60546875 1.884765625 1.5966796875 1.8935546875 1.5751953125 1.873046875 1.5849609375 1.8623046875
10 1.576171875 1.861328125 1.568359375 1.8671875 1.546875 1.845703125 1.5595703125 1.8359375
10 1.00390625 1.7578125 1.013671875 1.767578125 0.9931640625 1.787109375 0.984375 1.7783203125
10 0.94921875 1.7353515625 0.939453125 1.7275390625 0.958984375 1.7099609375 0.966796875 1.716796875
10 1.712890625 3.251953125 1.724609375 3.2646484375 1.7041015625 3.28515625 1.693359375 3.2744140625
10 0.326171875 1.1220703125 0.3203125 1.1123046875 0.34375 1.1005859375 0.3505859375 1.1103515625
10 0.5068359375 2.2900390625 0.494140625 2.28125 0.517578125 2.259765625 0.5283203125 2.2705078125
10 0.61328125 2.08203125 0.603515625 2.0732421875 0.626953125 2.0537109375 0.634765625 2.0625
10 0.5849609375 2.109375 0.5771484375 2.1044921875 0.59375 2.0810546875 0.603515625 2.08984375
10 0.5537109375 2.1455078125 0.544921875 2.134765625 0.5634765625 2.1142578125 0.5751953125 2.12109375
10 0.5224609375 2.177734375 0.5126953125 2.1689453125 0.53515625 2.146484375 0.54296875 2.1552734375
10 0.4892578125 2.208984375 0.482421875 2.201171875 0.50390625 2.177734375 0.5166015625 2.185546875
10 0.4638671875 2.2373046875 0.4541015625 2.2294921875 0.474609375 2.2080078125 0.482421875 2.2158203125
10 0.443359375 2.2587890625 0.4306640625 2.2509765625 0.451171875 2.23046875 0.4599609375 2.2412109375
10 0.2724609375 2.2197265625 0.2841796875 2.20703125 0.3046875 2.23046875 0.2939453125 2.2421875
10 0.251953125 2.1943359375 0.2607421875 2.1865234375 0.27734375 2.2060546875 0.267578125 2.216796875
10 0.2236328125 2.1708984375 0.2314453125 2.162109375 0.25 2.181640625 0.2421875 2.1904296875
10 0.1953125 2.1455078125 0.2060546875 2.1337890625 0.23046875 2.158203125 0.21875 2.169921875
10 0.169921875 2.1181640625 0.1787109375 2.109375 0.201171875 2.1298828125 0.1904296875 2.1416015625
10 0.1376953125 2.0888671875 0.150390625 2.0771484375 0.173828125 2.103515625 0.162109375 2.111328125
10 0.11328125 2.060546875 0.123046875 2.0537109375 0.1396484375 2.0732421875 0.1298828125 2.0830078125
10 0.19140625 1.3134765625 0.1982421875 1.3271484375 0.169921875 1.33984375 0.166015625 1.326171875
10 0.2314453125 1.2958984375 0.23828125 1.3095703125 0.2080078125 1.3203125 0.205078125 1.30859375
10 0.265625 1.2783203125 0.271484375 1.29296875 0.2421875 1.3056640625 0.2373046875 1.291015625
10 0.30859375 1.2607421875 0.314453125 1.2744140625 0.2890625 1.287109375 0.28125 1.2744140625
10 0.3466796875 1.244140625 0.3525390625 1.2548828125 0.3232421875 1.26953125 0.318359375 1.255859375
10 0.388671875 1.224609375 0.3935546875 1.2392578125 0.3642578125 1.2529296875 0.357421875 1.2392578125
10 0.51953125 1.1611328125 0.5234375 1.173828125 0.4990234375 1.189453125 0.490234375 1.17578125
10 0.6279296875 1.111328125 0.62890625 1.125 0.599609375 1.1328125 0.59765625 1.115234375
10 0.470703125 1.0546875 0.4658203125 1.0458984375 0.48828125 1.037109375 0.4921875 1.046875
10 0.4404296875 1.0712890625 0.4345703125 1.0595703125 0.462890625 1.0458984375 0.466796875 1.056640625
10 0.3974609375 1.111328125 0.390625 1.1005859375 0.4169921875 1.08984375 0.4208984375 1.099609375
10 0.404296875 1.087890625 0.39453125 1.076171875 0.427734375 1.0615234375 0.4326171875 1.0751953125
10 0.5302734375 2.2666015625 0.51953125 2.255859375 0.54296875 2.2314453125 0.552734375 2.244140625
10 0.5615234375 2.234375 0.552734375 2.2265625 0.5712890625 2.2060546875 0.580078125 2.2138671875
10 0.599609375 2.1728515625 0.609375 2.1826171875 0.5869140625 2.20703125 0.5732421875 2.2001953125
10 0.486328125 2.576171875 0.4794921875 2.583984375 0.458984375 2.5654296875 0.46875 2.5556640625
10 0.2158203125 3.2294921875 0.220703125 3.2158203125 0.2470703125 3.2265625 0.2431640625 3.23828125
10 0.171875 3.23828125 0.1787109375 3.228515625 0.203125 3.23828125 0.19921875 3.2509765625
10 0.177734375 3.2138671875 0.185546875 3.201171875 0.2109375 3.2119140625 0.2060546875 3.2236328125
10 0.5908203125 2.525390625 0.5986328125 2.515625 0.6171875 2.53515625 0.609375 2.5439453125
10 0.5615234375 2.494140625 0.5712890625 2.4853515625 0.5908203125 2.5087890625 0.58203125 2.5185546875
10 0.529296875 2.4677734375 0.5419921875 2.4580078125 0.5625 2.4814453125 0.5546875 2.4921875
10 0.5029296875 2.439453125 0.513671875 2.4306640625 0.53515625 2.453125 0.525390625 2.462890625
10 0.6259765625 2.708984375 0.6162109375 2.7197265625 0.5927734375 2.69921875 0.603515625 2.6865234375
10 0.595703125 2.681640625 0.5859375 2.6904296875 0.5654296875 2.6689453125 0.57421875 2.66015625
10 0.56640625 2.6513671875 0.55859375 2.6630859375 0.5361328125 2.642578125 0.5439453125 2.6337890625
10 0.5380859375 2.626953125 0.53125 2.6318359375 0.509765625 2.6171875 0.5185546875 2.60546875
10 0.513671875 2.6015625 0.505859375 2.6103515625 0.4833984375 2.5908203125 0.494140625 2.580078125
10 0.4619140625 2.552734375 0.4541015625 2.5615234375 0.4345703125 2.541015625 0.4453125 2.5322265625
10 0.6181640625 2.17578125 0.6044921875 2.16796875 0.626953125 2.1455078125 0.6357421875 2.1552734375
10 0.4375 2.5283203125 0.4287109375 2.53515625 0.40625 2.5126953125 0.416015625 2.5048828125
10 0.4033203125 2.498046875 0.3955078125 2.5048828125 0.376953125 2.486328125 0.384765625 2.4765625
10 0.34765625 2.443359375 0.3349609375 2.451171875 0.31640625 2.4287109375 0.3271484375 2.41796875
10 0.3193359375 2.4140625 0.3125 2.4208984375 0.2900390625 2.4052734375 0.30078125 2.39453125
10 0.2890625 2.384765625 0.28125 2.3935546875 0.2587890625 2.373046875 0.26953125 2.3642578125
10 0.2333984375 2.330078125 0.224609375 2.341796875 0.2041015625 2.3193359375 0.2119140625 2.3125
10 0.2021484375 2.298828125 0.1923828125 2.306640625 0.171875 2.28515625 0.1806640625 2.275390625
10 0.1708984375 2.26953125 0.1591796875 2.2744140625 0.13671875 2.2509765625 0.146484375 2.2431640625
10 0.13671875 2.2353515625 0.12890625 2.24609375 0.1083984375 2.228515625 0.1181640625 2.216796875
10 0.46875 2.4072265625 0.478515625 2.3984375 0.501953125 2.421875 0.4921875 2.43359375
10 0.4453125 2.380859375 0.455078125 2.3759765625 0.474609375 2.39453125 0.4638671875 2.4033203125
10 0.4443359375 2.341796875 0.45703125 2.3427734375 0.45703125 2.3701171875 0.4443359375 2.37109375
10 0.361328125 1.103515625 0.357421875 1.09375 0.3837890625 1.080078125 0.388671875 1.0908203125
10 0.2890625 1.1396484375 0.2822265625 1.1279296875 0.30859375 1.115234375 0.31640625 1.126953125
10 0.9267578125 1.7607421875 0.9150390625 1.7529296875 0.9345703125 1.734375 0.94140625 1.744140625
10 0.2509765625 1.158203125 0.244140625 1.146484375 0.2744140625 1.1328125 0.2802734375 1.1435546875
10 0.23828125 0.0908203125 0.228515625 0.0986328125 0.2099609375 0.0810546875 0.2216796875 0.0712890625
10 0.2626953125 0.0859375 0.2548828125 0.0927734375 0.234375 0.078125 0.2412109375 0.06640625
10 0.3056640625 0.06640625 0.30078125 0.0771484375 0.2744140625 0.0673828125 0.279296875 0.052734375
10 0.38671875 0.0927734375 0.3779296875 0.1005859375 0.35546875 0.0810546875 0.365234375 0.068359375
10 0.44921875 0.1123046875 0.4599609375 0.1083984375 0.4697265625 0.1337890625 0.4599609375 0.1396484375
10 0.431640625 0.0810546875 0.4443359375 0.0751953125 0.4560546875 0.1044921875 0.4443359375 0.109375
10 0.4150390625 0.0439453125 0.4306640625 0.041015625 0.4443359375 0.0732421875 0.4287109375 0.0791015625
10 0.4072265625 0.01171875 0.421875 0.0087890625 0.4287109375 0.0361328125 0.416015625 0.0380859375
5 0.8447265625 1.9990234375 0.986328125 2.138671875 0.9130859375 2.212890625 0.771484375 2.078125
5 0.9189453125 1.9287109375 1.0576171875 2.060546875 0.9873046875 2.1376953125 0.8486328125 2.001953125
14 3.55078125 4.728515625 3.5927734375 4.728515625 3.59375 4.7626953125 3.548828125 4.763671875
14 3.4990234375 4.7734375 3.6669921875 4.7666015625 3.6591796875 4.92578125 3.474609375 4.9130859375
14 3.466796875 2.0517578125 3.50390625 2.0908203125 3.3759765625 2.21875 3.337890625 2.18359375
14 1.7978515625 0.3984375 1.869140625 0.4697265625 1.833984375 0.5087890625 1.7587890625 0.439453125
14 2.0458984375 1.0576171875 2.154296875 0.9541015625 2.208984375 1.00390625 2.099609375 1.111328125
14 2.7119140625 1.462890625 2.7451171875 1.4931640625 2.6181640625 1.626953125 2.5849609375 1.5927734375
14 2.373046875 3.177734375 2.41015625 3.2119140625 2.279296875 3.349609375 2.2470703125 3.3095703125
14 2.7529296875 3.5703125 2.7919921875 3.6044921875 2.7119140625 3.693359375 2.669921875 3.65625
14 0.0458984375 3.783203125 0.2158203125 3.791015625 0.2158203125 3.9765625 0.0390625 3.978515625
14 1.5712890625 2.638671875 1.6044921875 2.66796875 1.474609375 2.7998046875 1.4443359375 2.7705078125
14 1.40625 2.8076171875 1.4326171875 2.7802734375 1.4638671875 2.8154296875 1.4404296875 2.841796875
14 0.4912109375 1.736328125 0.5390625 1.7373046875 0.533203125 1.783203125 0.4853515625 1.775390625
14 0.42578125 1.658203125 0.5615234375 1.5986328125 0.5810546875 1.658203125 0.4482421875 1.7138671875
14 1.2451171875 0.6357421875 1.2666015625 0.6533203125 1.2158203125 0.7060546875 1.201171875 0.6875
12 0.6826171875 3.490234375 1.3212890625 3.490234375 1.3212890625 4.1884765625 0.6826171875 4.1884765625
12 1.828125 1.900390625 2.8955078125 1.900390625 2.8955078125 2.96875 1.828125 2.96875
12 3.1142578125 0.8505859375 3.876953125 0.8505859375 3.876953125 1.7001953125 3.1142578125 1.7001953125
10 0.3896484375 0.142578125 0.3818359375 0.150390625 0.3623046875 0.134765625 0.3701171875 0.125
10 0.40625 0.1767578125 0.3955078125 0.1845703125 0.3837890625 0.162109375 0.3955078125 0.1552734375
10 0.4775390625 0.1826171875 0.48828125 0.177734375 0.5009765625 0.2021484375 0.4921875 0.2080078125
10 0.630859375 0.486328125 0.6201171875 0.490234375 0.6083984375 0.4599609375 0.6201171875 0.455078125
10 0.208984375 1.173828125 0.2080078125 1.1630859375 0.236328125 1.150390625 0.2421875 1.162109375
10 0.1806640625 1.1884765625 0.17578125 1.1767578125 0.2001953125 1.166015625 0.2060546875 1.177734375
10 0.15234375 1.203125 0.1533203125 1.1904296875 0.1650390625 1.185546875 0.169921875 1.1953125
10 0.630859375 0.685546875 0.6435546875 0.685546875 0.64453125 0.7177734375 0.6328125 0.716796875
10 0.638671875 0.6796875 0.62890625 0.6826171875 0.615234375 0.662109375 0.6259765625 0.654296875
10 0.6923828125 0.638671875 0.7001953125 0.6279296875 0.720703125 0.6455078125 0.71484375 0.6552734375
10 0.6015625 0.5927734375 0.587890625 0.599609375 0.5771484375 0.576171875 0.5888671875 0.5693359375
10 0.6796875 0.587890625 0.669921875 0.59375 0.658203125 0.572265625 0.669921875 0.5625
10 0.666015625 0.5625 0.6552734375 0.56640625 0.6416015625 0.537109375 0.6533203125 0.5302734375
10 0.6474609375 0.5234375 0.6396484375 0.529296875 0.6240234375 0.4990234375 0.6357421875 0.4921875
10 0.5849609375 0.5625 0.57421875 0.5693359375 0.5634765625 0.544921875 0.5732421875 0.5380859375
10 0.5712890625 0.53125 0.560546875 0.5390625 0.5458984375 0.5107421875 0.55859375 0.5048828125
10 0.556640625 0.5029296875 0.5478515625 0.5078125 0.5341796875 0.482421875 0.546875 0.4736328125
10 0.4912109375 0.2158203125 0.50390625 0.20703125 0.517578125 0.234375 0.5029296875 0.240234375
10 0.541015625 0.4638671875 0.52734375 0.4716796875 0.5146484375 0.4423828125 0.5302734375 0.435546875
10 0.5283203125 0.4306640625 0.5146484375 0.435546875 0.5 0.4091796875 0.51171875 0.4013671875
10 0.505859375 0.3916015625 0.4951171875 0.396484375 0.4814453125 0.369140625 0.494140625 0.3623046875
10 0.490234375 0.3525390625 0.478515625 0.3603515625 0.4658203125 0.330078125 0.478515625 0.32421875
10 0.474609375 0.3193359375 0.4599609375 0.326171875 0.4462890625 0.294921875 0.4599609375 0.2880859375
10 0.4560546875 0.28125 0.4423828125 0.287109375 0.431640625 0.2587890625 0.4453125 0.25390625
10 0.591796875 0.42578125 0.603515625 0.419921875 0.6142578125 0.44921875 0.6015625 0.453125
10 0.57421875 0.3896484375 0.5859375 0.3837890625 0.59765625 0.412109375 0.5869140625 0.416015625
10 0.55859375 0.3515625 0.5703125 0.345703125 0.58203125 0.3759765625 0.5712890625 0.380859375
10 0.54296875 0.3203125 0.5556640625 0.314453125 0.56640625 0.3408203125 0.5556640625 0.345703125
10 0.525390625 0.28125 0.537109375 0.27734375 0.548828125 0.3046875 0.5380859375 0.30859375
10 0.509765625 0.2451171875 0.5205078125 0.240234375 0.53125 0.267578125 0.51953125 0.2705078125
10 0.251953125 3.2421875 0.2607421875 3.23046875 0.2890625 3.240234375 0.2861328125 3.25390625
10 0.2939453125 3.2568359375 0.2998046875 3.2431640625 0.3291015625 3.2578125 0.3232421875 3.2685546875
10 0.333984375 3.2744140625 0.33984375 3.26171875 0.361328125 3.271484375 0.3583984375 3.283203125
10 0.3701171875 3.2900390625 0.375 3.27734375 0.3984375 3.2900390625 0.39453125 3.3017578125
10 1.0517578125 2.9775390625 1.060546875 2.966796875 1.0830078125 2.9892578125 1.0751953125 3.0
10 1.02734375 2.9501953125 1.03515625 2.9404296875 1.0546875 2.962890625 1.0439453125 2.9736328125
10 0.994140625 2.9189453125 1.00390625 2.9091796875 1.029296875 2.935546875 1.0185546875 2.9453125
10 0.9638671875 2.8896484375 0.9755859375 2.8798828125 0.9970703125 2.904296875 0.9873046875 2.9140625
10 0.974609375 2.7412109375 0.9638671875 2.7314453125 0.986328125 2.708984375 0.994140625 2.7197265625
10 0.9345703125 2.8623046875 0.9453125 2.8515625 0.96484375 2.8759765625 0.9560546875 2.8857421875
10 1.1279296875 2.486328125 1.11328125 2.4765625 1.138671875 2.4560546875 1.1494140625 2.4638671875
10 1.0859375 2.5283203125 1.0771484375 2.51953125 1.1005859375 2.49609375 1.107421875 2.5048828125
10 1.05859375 2.5576171875 1.0478515625 2.548828125 1.0703125 2.5244140625 1.080078125 2.533203125
10 1.0458984375 2.552734375 1.0546875 2.5634765625 1.0341796875 2.58203125 1.0244140625 2.5732421875
10 1.01953125 2.576171875 1.029296875 2.587890625 1.0107421875 2.607421875 1.0 2.59765625
10 0.97265625 2.6259765625 0.982421875 2.634765625 0.9609375 2.6572265625 0.951171875 2.6484375
10 0.9150390625 2.703125 0.9033203125 2.6962890625 0.92578125 2.6708984375 0.9384765625 2.6806640625
10 0.615234375 2.55078125 0.626953125 2.5419921875 0.6474609375 2.5654296875 0.63671875 2.576171875
10 0.6455078125 2.5810546875 0.6552734375 2.5703125 0.67578125 2.5908203125 0.6640625 2.5986328125
10 0.67578125 2.6083984375 0.6826171875 2.6005859375 0.703125 2.6220703125 0.6943359375 2.62890625
10 0.7021484375 2.6357421875 0.7138671875 2.6259765625 0.7333984375 2.6484375 0.72265625 2.6552734375
10 0.734375 2.666015625 0.74609375 2.66015625 0.7666015625 2.6806640625 0.7568359375 2.689453125
10 0.654296875 2.740234375 0.6416015625 2.75 0.6181640625 2.7265625 0.6298828125 2.716796875
10 0.6796875 2.765625 0.6708984375 2.7734375 0.65234375 2.755859375 0.6611328125 2.744140625
10 0.7646484375 2.7998046875 0.7529296875 2.8095703125 0.7333984375 2.78515625 0.7421875 2.7734375
10 0.7548828125 2.837890625 0.7470703125 2.845703125 0.720703125 2.8251953125 0.732421875 2.8154296875
10 0.7841796875 2.865234375 0.7724609375 2.8740234375 0.7529296875 2.8544921875 0.76171875 2.8466796875
10 0.810546875 2.8935546875 0.802734375 2.904296875 0.7822265625 2.8837890625 0.79296875 2.8720703125
10 0.8408203125 2.921875 0.8310546875 2.9306640625 0.8125 2.9091796875 0.82421875 2.8994140625
10 0.873046875 2.9228515625 0.8662109375 2.9296875 0.84765625 2.9140625 0.85546875 2.9033203125
10 0.8671875 2.947265625 0.8564453125 2.955078125 0.837890625 2.9384765625 0.8466796875 2.927734375
10 1.0859375 3.0087890625 1.0947265625 2.9990234375 1.115234375 3.0205078125 1.107421875 3.029296875
10 1.109375 3.0341796875 1.1201171875 3.0234375 1.1416015625 3.046875 1.134765625 3.0556640625
10 1.1611328125 3.08203125 1.1708984375 3.072265625 1.189453125 3.09375 1.1826171875 3.1015625
10 0.6962890625 2.0 0.68359375 1.9921875 0.7060546875 1.9658203125 0.71484375 1.978515625
10 0.953125 1.80859375 0.9638671875 1.818359375 0.943359375 1.83984375 0.931640625 1.8310546875
10 0.9296875 1.8330078125 0.939453125 1.841796875 0.9208984375 1.861328125 0.9091796875 1.853515625
10 0.8955078125 1.8896484375 0.8828125 1.8818359375 0.9072265625 1.8603515625 0.9140625 1.8701171875
10 0.8681640625 1.8994140625 0.876953125 1.908203125 0.85546875 1.9296875 0.845703125 1.923828125
10 0.837890625 1.9296875 0.8466796875 1.9365234375 0.828125 1.9580078125 0.8173828125 1.951171875
10 0.845703125 1.8251953125 0.8544921875 1.833984375 0.837890625 1.853515625 0.8271484375 1.8447265625
10 0.810546875 1.876953125 0.8017578125 1.8701171875 0.818359375 1.853515625 0.8271484375 1.8603515625
10 0.79296875 1.876953125 0.8037109375 1.88671875 0.78515625 1.90625 0.7744140625 1.8974609375
10 0.8056640625 1.939453125 0.8134765625 1.94921875 0.791015625 1.97265625 0.783203125 1.962890625
10 0.748046875 1.9462890625 0.73828125 1.93359375 0.7568359375 1.912109375 0.7646484375 1.9228515625
10 0.7236328125 1.96875 0.712890625 1.9609375 0.7333984375 1.9375 0.744140625 1.9482421875
10 0.76953125 2.0009765625 0.77734375 2.009765625 0.7568359375 2.0322265625 0.74609375 2.021484375
10 0.72265625 2.0654296875 0.7138671875 2.056640625 0.7373046875 2.03125 0.7470703125 2.04296875
10 1.216796875 3.1396484375 1.2275390625 3.12890625 1.2490234375 3.15234375 1.2392578125 3.162109375
10 0.6982421875 2.0947265625 0.685546875 2.083984375 0.7099609375 2.0615234375 0.720703125 2.072265625
10 0.67578125 2.091796875 0.6884765625 2.103515625 0.6640625 2.1259765625 0.654296875 2.1181640625
10 0.64453125 2.1484375 0.6318359375 2.142578125 0.6533203125 2.1201171875 0.66015625 2.1298828125
10 1.326171875 2.287109375 1.314453125 2.275390625 1.33984375 2.25 1.3486328125 2.259765625
10 1.294921875 2.31640625 1.283203125 2.30859375 1.302734375 2.28515625 1.314453125 2.29296875
10 1.2626953125 2.34765625 1.251953125 2.3388671875 1.275390625 2.314453125 1.28515625 2.3232421875
10 1.1142578125 3.1884765625 1.1064453125 3.197265625 1.0810546875 3.1767578125 1.0908203125 3.166015625
10 1.1455078125 3.21875 1.1357421875 3.2294921875 1.111328125 3.205078125 1.1240234375 3.193359375
10 1.1796875 3.251953125 1.169921875 3.263671875 1.150390625 3.240234375 1.16015625 3.23046875
10 1.2099609375 3.28125 1.2021484375 3.2900390625 1.1787109375 3.26953125 1.189453125 3.2587890625
10 1.2099609375 3.216796875 1.197265625 3.2255859375 1.17578125 3.205078125 1.189453125 3.19140625
10 1.2607421875 3.177734375 1.26953125 3.1689453125 1.2890625 3.1904296875 1.279296875 3.201171875
10 0.892578125 2.9736328125 0.8818359375 2.982421875 0.8623046875 2.958984375 0.873046875 2.947265625
10 0.9970703125 3.0361328125 0.98828125 3.0458984375 0.9677734375 3.0283203125 0.978515625 3.015625
10 0.9755859375 3.0517578125 0.96875 3.0615234375 0.94921875 3.046875 0.9560546875 3.037109375
10 0.46875 3.5615234375 0.462890625 3.5712890625 0.4423828125 3.5595703125 0.4462890625 3.548828125
10 0.4794921875 4.31640625 0.4697265625 4.306640625 0.4921875 4.2802734375 0.501953125 4.2919921875
10 0.5205078125 4.2724609375 0.5107421875 4.2626953125 0.529296875 4.240234375 0.54296875 4.2490234375
10 0.5517578125 4.23828125 0.54296875 4.2314453125 0.5634765625 4.208984375 0.5712890625 4.21875
10 0.52734375 4.1494140625 0.517578125 4.140625 0.53515625 4.1181640625 0.546875 4.12890625
10 0.55078125 4.044921875 0.5615234375 4.0322265625 0.583984375 4.0546875 0.57421875 4.0634765625
10 0.5537109375 4.1220703125 0.541015625 4.11328125 0.5625 4.091796875 0.57421875 4.1025390625
10 0.6201171875 4.171875 0.607421875 4.1611328125 0.63671875 4.130859375 0.6455078125 4.1474609375
10 0.677734375 4.11328125 0.6630859375 4.1015625 0.6943359375 4.0703125 0.705078125 4.083984375
10 0.623046875 3.6552734375 0.6162109375 3.6650390625 0.5927734375 3.6484375 0.5966796875 3.63671875
10 0.5927734375 3.6337890625 0.5849609375 3.64453125 0.5595703125 3.6279296875 0.5654296875 3.6162109375
10 0.5615234375 3.61328125 0.5556640625 3.626953125 0.525390625 3.6083984375 0.533203125 3.595703125
10 0.5009765625 3.576171875 0.4951171875 3.5869140625 0.4677734375 3.5732421875 0.474609375 3.560546875
10 0.4375 3.546875 0.4296875 3.552734375 0.412109375 3.5400390625 0.4150390625 3.5302734375
10 0.3369140625 4.33984375 0.3291015625 4.3291015625 0.353515625 4.3056640625 0.3642578125 4.3154296875
10 0.408203125 3.52734375 0.40234375 3.5390625 0.3779296875 3.525390625 0.380859375 3.5146484375
10 0.3740234375 3.51171875 0.3701171875 3.521484375 0.3466796875 3.5078125 0.349609375 3.4970703125
10 0.275390625 3.4638671875 0.271484375 3.474609375 0.2451171875 3.462890625 0.2490234375 3.4501953125
10 0.2421875 3.4501953125 0.2373046875 3.4638671875 0.2080078125 3.44921875 0.2119140625 3.439453125
10 0.20703125 3.4375 0.201171875 3.447265625 0.17578125 3.435546875 0.181640625 3.4267578125
10 0.1708984375 3.4208984375 0.1650390625 3.4345703125 0.138671875 3.4228515625 0.142578125 3.4140625
10 0.1337890625 3.408203125 0.1298828125 3.4208984375 0.0986328125 3.4111328125 0.103515625 3.3994140625
10 0.537109375 3.369140625 0.54296875 3.359375 0.5673828125 3.3740234375 0.560546875 3.3857421875
10 0.50390625 3.353515625 0.509765625 3.341796875 0.533203125 3.353515625 0.52734375 3.3671875
10 0.396484375 3.3564453125 0.4033203125 3.3447265625 0.4306640625 3.3603515625 0.427734375 3.373046875
10 0.4638671875 3.3349609375 0.4697265625 3.32421875 0.4970703125 3.3388671875 0.490234375 3.3515625
10 0.408203125 3.3056640625 0.4130859375 3.29296875 0.44140625 3.3095703125 0.435546875 3.3193359375
10 0.373046875 4.3046875 0.3603515625 4.2958984375 0.3857421875 4.2744140625 0.39453125 4.2841796875
10 0.3134765625 4.365234375 0.3046875 4.3583984375 0.3232421875 4.3388671875 0.330078125 4.345703125
10 1.0029296875 3.078125 0.99609375 3.0869140625 0.9716796875 3.0693359375 0.9814453125 3.0595703125
10 0.708984375 3.8984375 0.6953125 3.900390625 0.689453125 3.8740234375 0.7021484375 3.869140625
10 1.029296875 3.109375 1.021484375 3.119140625 1.00390625 3.0986328125 1.0107421875 3.08984375
10 1.052734375 3.130859375 1.044921875 3.1376953125 1.0263671875 3.1201171875 1.03515625 3.111328125
10 1.08203125 3.158203125 1.07421875 3.16796875 1.0517578125 3.1435546875 1.0615234375 3.1328125
10 0.921875 3.5859375 0.916015625 3.572265625 0.9453125 3.5615234375 0.9501953125 3.572265625
10 0.6943359375 3.46484375 0.7021484375 3.455078125 0.73046875 3.474609375 0.72265625 3.484375
10 0.724609375 3.548828125 0.7314453125 3.5341796875 0.75390625 3.5537109375 0.74609375 3.564453125
10 0.755859375 3.869140625 0.740234375 3.8681640625 0.7431640625 3.828125 0.7578125 3.828125
9 1.0712890625 4.107421875 1.078125 4.12109375 1.0341796875 4.1337890625 1.0263671875 4.115234375
10 1.01953125 4.1201171875 1.0205078125 4.1328125 0.9892578125 4.1357421875 0.9892578125 4.12109375
10 0.75 4.1552734375 0.73828125 4.1494140625 0.7578125 4.12890625 0.7666015625 4.13671875
10 0.7685546875 4.1806640625 0.7568359375 4.171875 0.78125 4.150390625 0.7900390625 4.16015625
10 0.7138671875 3.93359375 0.701171875 3.935546875 0.6962890625 3.9091796875 0.7099609375 3.90625
10 0.7041015625 3.84765625 0.689453125 3.8486328125 0.689453125 3.8203125 0.703125 3.818359375
10 0.2880859375 4.3916015625 0.2802734375 4.3828125 0.2978515625 4.36328125 0.3076171875 4.3740234375
10 0.7001953125 3.810546875 0.685546875 3.810546875 0.689453125 3.78125 0.7021484375 3.7822265625
9 0.70703125 3.77734375 0.693359375 3.77734375 0.6884765625 3.7333984375 0.7080078125 3.73046875
10 0.7021484375 3.71875 0.6904296875 3.72265625 0.6787109375 3.69921875 0.6904296875 3.69140625
10 0.673828125 4.3203125 0.68359375 4.3310546875 0.658203125 4.35546875 0.6494140625 4.345703125
10 0.513671875 4.859375 0.5205078125 4.8505859375 0.5419921875 4.8671875 0.5244140625 4.8701171875
10 0.48828125 4.837890625 0.49609375 4.82421875 0.515625 4.8466796875 0.509765625 4.8544921875
10 0.4892578125 4.822265625 0.4814453125 4.828125 0.4638671875 4.8115234375 0.4716796875 4.8037109375
10 0.416015625 4.8408203125 0.40625 4.849609375 0.3837890625 4.8291015625 0.392578125 4.81640625
10 0.427734375 4.7783203125 0.4375 4.7666015625 0.4580078125 4.7890625 0.44921875 4.7978515625
10 0.3662109375 4.560546875 0.3759765625 4.5732421875 0.35546875 4.59375 0.3447265625 4.5849609375
9 0.5 4.48046875 0.517578125 4.4951171875 0.4365234375 4.5849609375 0.4150390625 4.5673828125
10 0.2626953125 4.4189453125 0.251953125 4.4111328125 0.2734375 4.3876953125 0.283203125 4.3994140625
10 1.6865234375 3.28125 1.6962890625 3.29296875 1.6708984375 3.3134765625 1.6650390625 3.3046875
10 1.740234375 3.220703125 1.75390625 3.232421875 1.7314453125 3.2568359375 1.720703125 3.2451171875
10 2.677734375 2.931640625 2.6669921875 2.9375 2.6474609375 2.9169921875 2.6572265625 2.9091796875
10 2.8349609375 3.0849609375 2.826171875 3.09375 2.80859375 3.0771484375 2.81640625 3.0693359375
10 2.6259765625 4.2294921875 2.6357421875 4.240234375 2.615234375 4.2646484375 2.603515625 4.255859375
10 2.5986328125 4.259765625 2.607421875 4.267578125 2.5888671875 4.2880859375 2.576171875 4.279296875
10 2.57421875 4.2822265625 2.5830078125 4.2900390625 2.5634765625 4.3154296875 2.5537109375 4.3037109375
10 3.126953125 1.80078125 3.138671875 1.8095703125 3.1201171875 1.830078125 3.1083984375 1.8212890625
10 3.0859375 1.84375 3.09765625 1.8544921875 3.078125 1.875 3.0673828125 1.8681640625
10 3.0625 1.869140625 3.0732421875 1.876953125 3.0556640625 1.8974609375 3.04296875 1.890625
10 3.0400390625 1.892578125 3.0478515625 1.904296875 3.029296875 1.9267578125 3.0185546875 1.916015625
10 3.001953125 1.953125 2.990234375 1.9443359375 3.01171875 1.9208984375 3.021484375 1.931640625
10 2.8603515625 2.05078125 2.8701171875 2.0595703125 2.849609375 2.0810546875 2.8408203125 2.0732421875
10 2.888671875 2.046875 2.8984375 2.0615234375 2.8740234375 2.0830078125 2.8662109375 2.0712890625
10 2.8046875 2.2490234375 2.8173828125 2.2451171875 2.828125 2.2705078125 2.8154296875 2.275390625
10 2.8251953125 2.3251953125 2.8369140625 2.3232421875 2.841796875 2.3515625 2.830078125 2.353515625
10 2.8115234375 2.3515625 2.826171875 2.3515625 2.8291015625 2.3935546875 2.8134765625 2.39453125
10 2.833984375 2.3740234375 2.8486328125 2.3740234375 2.84765625 2.40625 2.8349609375 2.40625
10 2.8486328125 2.4345703125 2.8369140625 2.439453125 2.8203125 2.4130859375 2.83203125 2.404296875
10 2.8330078125 2.455078125 2.8466796875 2.4560546875 2.84375 2.4853515625 2.828125 2.484375
10 2.828125 2.490234375 2.841796875 2.490234375 2.83984375 2.521484375 2.8271484375 2.5234375
10 2.9150390625 2.732421875 2.92578125 2.7197265625 2.9453125 2.7421875 2.9375 2.7509765625
10 2.9521484375 2.7646484375 2.962890625 2.75390625 2.9833984375 2.77734375 2.974609375 2.787109375
10 2.9853515625 2.7978515625 2.994140625 2.787109375 3.0146484375 2.8095703125 3.005859375 2.8173828125
10 3.0302734375 2.8427734375 3.0400390625 2.8330078125 3.0595703125 2.853515625 3.0498046875 2.861328125
10 3.0625 2.875 3.072265625 2.861328125 3.09765625 2.888671875 3.08984375 2.8984375
10 3.091796875 2.90625 3.1015625 2.89453125 3.1201171875 2.9130859375 3.11328125 2.923828125
10 2.7109375 2.962890625 2.701171875 2.9736328125 2.68359375 2.955078125 2.69140625 2.9453125
10 2.7451171875 2.9990234375 2.7353515625 3.0068359375 2.716796875 2.986328125 2.7275390625 2.978515625
10 2.7783203125 3.029296875 2.76953125 3.0390625 2.7490234375 3.01953125 2.76171875 3.0087890625
10 2.8125 3.056640625 2.802734375 3.068359375 2.78515625 3.05078125 2.7939453125 3.04296875
10 2.6572265625 4.2919921875 2.666015625 4.3056640625 2.646484375 4.32421875 2.634765625 4.3154296875
10 2.68359375 4.2646484375 2.6923828125 4.2744140625 2.67578125 4.2958984375 2.6640625 4.287109375
10 2.7490234375 3.255859375 2.7392578125 3.2490234375 2.7607421875 3.2255859375 2.767578125 3.2353515625
10 2.587890625 2.0859375 2.599609375 2.068359375 2.626953125 2.087890625 2.619140625 2.1044921875
10 3.0654296875 1.5478515625 3.0546875 1.537109375 3.0751953125 1.5107421875 3.0830078125 1.5224609375
10 3.033203125 1.5751953125 3.0234375 1.5673828125 3.0439453125 1.5458984375 3.0537109375 1.556640625
10 3.0068359375 1.603515625 2.99609375 1.59375 3.013671875 1.5751953125 3.0244140625 1.5859375
10 2.97265625 1.6357421875 2.9619140625 1.625 2.9892578125 1.599609375 2.998046875 1.61328125
10 2.94921875 1.66015625 2.9384765625 1.654296875 2.9560546875 1.6298828125 2.9677734375 1.638671875
10 2.9208984375 1.6904296875 2.91015625 1.6806640625 2.9296875 1.6591796875 2.9404296875 1.66796875
10 2.8974609375 1.7177734375 2.884765625 1.70703125 2.904296875 1.6865234375 2.916015625 1.6982421875
10 2.869140625 1.75 2.8564453125 1.73828125 2.8779296875 1.712890625 2.8896484375 1.724609375
10 2.837890625 1.77734375 2.828125 1.767578125 2.8466796875 1.7470703125 2.8564453125 1.7587890625
10 2.720703125 1.8974609375 2.708984375 1.8857421875 2.73046875 1.8642578125 2.73828125 1.8759765625
10 2.7177734375 1.939453125 2.70703125 1.93359375 2.7275390625 1.912109375 2.734375 1.9208984375
10 2.71875 1.97265625 2.7119140625 1.9658203125 2.728515625 1.9443359375 2.7353515625 1.9521484375
10 2.541015625 2.892578125 2.53125 2.900390625 2.515625 2.8798828125 2.5263671875 2.8701171875
10 2.72265625 3.2802734375 2.7138671875 3.2744140625 2.732421875 3.2568359375 2.7392578125 3.263671875
10 2.609375 2.8203125 2.6240234375 2.8232421875 2.6142578125 2.853515625 2.6005859375 2.8515625
10 2.642578125 2.7939453125 2.650390625 2.8037109375 2.62890625 2.8193359375 2.6181640625 2.8076171875
10 2.6962890625 2.744140625 2.7060546875 2.7578125 2.6845703125 2.779296875 2.6728515625 2.7685546875
10 2.7197265625 2.720703125 2.7314453125 2.7265625 2.708984375 2.75 2.69921875 2.7431640625
10 2.7470703125 2.6806640625 2.7607421875 2.6875 2.7451171875 2.7177734375 2.7314453125 2.712890625
10 2.5673828125 3.3486328125 2.556640625 3.3427734375 2.5751953125 3.318359375 2.583984375 3.3291015625
10 2.615234375 3.373046875 2.626953125 3.380859375 2.611328125 3.3984375 2.6005859375 3.3896484375
10 2.5947265625 3.3203125 2.5849609375 3.3115234375 2.60546875 3.287109375 2.6142578125 3.298828125
10 2.6220703125 3.2900390625 2.61328125 3.2822265625 2.63671875 3.2578125 2.64453125 3.2685546875
10 2.6494140625 3.3583984375 2.638671875 3.3515625 2.6611328125 3.3271484375 2.6708984375 3.337890625
10 2.673828125 3.3330078125 2.6630859375 3.3251953125 2.6826171875 3.3046875 2.693359375 3.3134765625
10 2.7060546875 3.28125 2.7138671875 3.291015625 2.6962890625 3.3115234375 2.6845703125 3.2998046875
10 2.7509765625 3.095703125 2.740234375 3.1064453125 2.7236328125 3.087890625 2.7333984375 3.0791015625
10 2.87890625 3.125 2.8671875 3.1337890625 2.845703125 3.1123046875 2.859375 3.103515625
10 3.4072265625 3.7353515625 3.3994140625 3.7451171875 3.37890625 3.7275390625 3.38671875 3.7177734375
10 2.9052734375 3.1474609375 2.89453125 3.158203125 2.876953125 3.140625 2.884765625 3.1298828125
10 2.7490234375 4.591796875 2.7578125 4.580078125 2.7802734375 4.6044921875 2.76953125 4.615234375
10 3.0576171875 4.7744140625 3.0478515625 4.765625 3.06640625 4.744140625 3.07421875 4.751953125
10 3.1474609375 4.7548828125 3.1572265625 4.7666015625 3.1357421875 4.7861328125 3.126953125 4.7763671875
10 3.16015625 4.7177734375 3.1708984375 4.7275390625 3.1474609375 4.7470703125 3.138671875 4.7392578125
10 3.11328125 4.6943359375 3.123046875 4.7021484375 3.1044921875 4.7236328125 3.0947265625 4.712890625
10 3.1435546875 4.6640625 3.1513671875 4.6748046875 3.1318359375 4.6962890625 3.1220703125 4.6875
10 3.1787109375 4.62890625 3.1884765625 4.638671875 3.1689453125 4.6572265625 3.158203125 4.6513671875
10 3.2138671875 4.6845703125 3.2216796875 4.693359375 3.201171875 4.71484375 3.193359375 4.7080078125
10 3.232421875 4.689453125 3.2236328125 4.6806640625 3.2490234375 4.6552734375 3.2568359375 4.6669921875
10 3.2705078125 4.62890625 3.2822265625 4.638671875 3.2626953125 4.66015625 3.25 4.6494140625
10 3.2978515625 4.603515625 3.3076171875 4.6142578125 3.291015625 4.6298828125 3.2763671875 4.619140625
10 3.330078125 4.5732421875 3.337890625 4.5830078125 3.3154296875 4.603515625 3.3046875 4.5927734375
10 3.3681640625 4.5322265625 3.3759765625 4.5419921875 3.3564453125 4.560546875 3.34765625 4.55078125
10 3.3994140625 4.5009765625 3.4091796875 4.509765625 3.38671875 4.533203125 3.376953125 4.5234375
10 3.310546875 4.4931640625 3.3193359375 4.50390625 3.30078125 4.5234375 3.291015625 4.513671875
10 3.439453125 4.4560546875 3.4501953125 4.46875 3.4306640625 4.486328125 3.4208984375 4.4794921875
10 3.5078125 4.388671875 3.5185546875 4.3994140625 3.4970703125 4.4169921875 3.486328125 4.4091796875
10 3.5439453125 4.3544921875 3.552734375 4.3642578125 3.5322265625 4.3876953125 3.5224609375 4.3740234375
10 3.587890625 4.330078125 3.5771484375 4.3203125 3.595703125 4.298828125 3.6044921875 4.306640625
10 3.138671875 3.7236328125 3.12890625 3.7138671875 3.1474609375 3.6923828125 3.1591796875 3.703125
10 3.166015625 3.79296875 3.1552734375 3.7841796875 3.1787109375 3.7587890625 3.1884765625 3.76953125
10 3.2041015625 3.7294921875 3.2119140625 3.7373046875 3.19140625 3.7607421875 3.18359375 3.751953125
10 3.234375 3.7001953125 3.2431640625 3.7099609375 3.2275390625 3.7265625 3.2158203125 3.7197265625
10 3.173828125 3.689453125 3.1630859375 3.6806640625 3.1875 3.65625 3.1943359375 3.666015625
10 3.16796875 3.5009765625 3.1552734375 3.51171875 3.140625 3.4931640625 3.1484375 3.484375
10 3.1962890625 3.5302734375 3.1875 3.5380859375 3.1630859375 3.515625 3.1728515625 3.5068359375
10 3.2216796875 3.5537109375 3.2138671875 3.5654296875 3.1943359375 3.548828125 3.2041015625 3.5390625
10 2.71875 4.5625 2.7294921875 4.5517578125 2.7509765625 4.57421875 2.7412109375 4.583984375
10 2.6865234375 4.5322265625 2.6982421875 4.521484375 2.71875 4.546875 2.7080078125 4.5546875
10 2.63671875 4.486328125 2.646484375 4.474609375 2.66796875 4.5009765625 2.65625 4.509765625
10 3.13671875 3.474609375 3.1298828125 3.4814453125 3.1083984375 3.4677734375 3.115234375 3.455078125
10 2.931640625 3.1748046875 2.921875 3.18359375 2.8994140625 3.162109375 2.91015625 3.15234375
10 2.919921875 3.2587890625 2.90625 3.2685546875 2.888671875 3.24609375 2.8994140625 3.2353515625
10 2.9755859375 3.2216796875 2.9658203125 3.2314453125 2.947265625 3.2109375 2.9580078125 3.201171875
10 3.0029296875 3.2490234375 2.9921875 3.26171875 2.9697265625 3.23828125 2.9814453125 3.2255859375
10 3.03515625 3.2802734375 3.0234375 3.287109375 3.0048828125 3.2685546875 3.013671875 3.25390625
10 3.0615234375 3.3017578125 3.05078125 3.3125 3.0302734375 3.291015625 3.041015625 3.283203125
10 3.0166015625 3.353515625 3.00390625 3.3642578125 2.982421875 3.345703125 2.9912109375 3.3330078125
10 3.048828125 3.3876953125 3.0390625 3.3974609375 3.0205078125 3.380859375 3.0322265625 3.3701171875
10 3.08984375 3.328125 3.078125 3.341796875 3.056640625 3.318359375 3.068359375 3.310546875
10 3.1181640625 3.3583984375 3.1044921875 3.3681640625 3.0849609375 3.34765625 3.0947265625 3.3359375
10 3.083984375 3.421875 3.07421875 3.4296875 3.056640625 3.4130859375 3.0654296875 3.4033203125
10 3.111328125 3.4443359375 3.103515625 3.4521484375 3.0830078125 3.4375 3.09375 3.4296875
10 3.1103515625 3.7578125 3.099609375 3.7451171875 3.1220703125 3.72265625 3.1298828125 3.734375
10 2.7734375 4.173828125 2.78125 4.1845703125 2.7587890625 4.212890625 2.7470703125 4.2021484375
10 3.0517578125 3.7958984375 3.05859375 3.802734375 3.0400390625 3.826171875 3.029296875 3.8154296875
10 3.1064453125 3.8349609375 3.1171875 3.84375 3.095703125 3.865234375 3.083984375 3.85546875
10 3.0205078125 3.9189453125 3.0302734375 3.9296875 3.0126953125 3.947265625 3.0009765625 3.94140625
10 3.0185546875 3.8466796875 3.005859375 3.841796875 3.02734375 3.8212890625 3.03515625 3.8291015625
10 2.96484375 3.9033203125 2.9541015625 3.8974609375 2.974609375 3.875 2.982421875 3.8837890625
10 2.9482421875 3.900390625 2.95703125 3.9111328125 2.939453125 3.9306640625 2.927734375 3.9228515625
10 2.96875 3.9755859375 2.978515625 3.9833984375 2.9599609375 4.005859375 2.9482421875 3.9970703125
10 2.8330078125 4.0400390625 2.8212890625 4.03125 2.841796875 4.009765625 2.8486328125 4.0205078125
10 2.8046875 4.06640625 2.794921875 4.05859375 2.814453125 4.0341796875 2.8232421875 4.0458984375
10 2.8671875 4.0830078125 2.8857421875 4.0654296875 2.8916015625 4.0732421875 2.876953125 4.091796875
10 2.7548828125 4.1181640625 2.744140625 4.1103515625 2.7626953125 4.091796875 2.767578125 4.0966796875
10 2.7412109375 4.20703125 2.7509765625 4.2177734375 2.73046875 4.240234375 2.720703125 4.228515625
10 2.263671875 0.0888671875 2.2822265625 0.087890625 2.294921875 0.0927734375 2.2880859375 0.1044921875
10 2.296875 0.1083984375 2.3037109375 0.095703125 2.32421875 0.111328125 2.3193359375 0.123046875
10 2.3271484375 0.125 2.333984375 0.1162109375 2.3583984375 0.1298828125 2.3525390625 0.1416015625
10 2.32421875 0.1572265625 2.333984375 0.14453125 2.3583984375 0.162109375 2.3525390625 0.173828125
10 2.345703125 4.2587890625 2.357421875 4.24609375 2.388671875 4.2763671875 2.3779296875 4.2900390625
10 2.322265625 0.6201171875 2.33203125 0.6298828125 2.314453125 0.6552734375 2.30078125 0.6455078125
10 2.2841796875 0.5810546875 2.294921875 0.5908203125 2.2724609375 0.615234375 2.2626953125 0.6064453125
10 2.296875 0.6015625 2.3046875 0.6103515625 2.287109375 0.6279296875 2.275390625 0.6201171875
10 2.296875 0.6416015625 2.2890625 0.634765625 2.3056640625 0.6103515625 2.3173828125 0.619140625
10 2.173828125 0.5546875 2.1826171875 0.5634765625 2.1650390625 0.583984375 2.1513671875 0.5751953125
10 2.205078125 0.5244140625 2.2158203125 0.533203125 2.193359375 0.5546875 2.185546875 0.544921875
10 2.26171875 0.484375 2.25 0.4775390625 2.2744140625 0.4541015625 2.2861328125 0.466796875
10 2.3125 0.4111328125 2.322265625 0.42578125 2.3017578125 0.44921875 2.2890625 0.4365234375
10 2.1728515625 1.5087890625 2.162109375 1.498046875 2.18359375 1.4775390625 2.1923828125 1.4873046875
10 2.21484375 1.4462890625 2.2236328125 1.4560546875 2.2060546875 1.478515625 2.193359375 1.4697265625
10 2.248046875 1.4091796875 2.26171875 1.41796875 2.236328125 1.44140625 2.224609375 1.4296875
10 2.2041015625 1.380859375 2.1953125 1.3701171875 2.21484375 1.3505859375 2.2236328125 1.361328125
10 2.2470703125 1.33984375 2.236328125 1.330078125 2.2578125 1.3076171875 2.267578125 1.3173828125
10 2.279296875 1.380859375 2.2880859375 1.38671875 2.271484375 1.408203125 2.26171875 1.40234375
10 2.2978515625 1.3828125 2.2861328125 1.3720703125 2.3115234375 1.3466796875 2.322265625 1.357421875
10 2.357421875 1.298828125 2.3671875 1.3076171875 2.3466796875 1.3291015625 2.337890625 1.3212890625
10 2.283203125 1.2802734375 2.291015625 1.291015625 2.271484375 1.3095703125 2.26171875 1.30078125
10 2.294921875 1.2861328125 2.2890625 1.2744140625 2.3056640625 1.2607421875 2.3134765625 1.2705078125
10 2.33203125 1.23046875 2.3408203125 1.240234375 2.3212890625 1.2578125 2.3115234375 1.2490234375
10 2.3662109375 1.1962890625 2.3759765625 1.20703125 2.3515625 1.228515625 2.3427734375 1.21875
10 2.51953125 1.1328125 2.5302734375 1.14453125 2.5078125 1.16796875 2.498046875 1.15625
10 2.470703125 1.1845703125 2.4775390625 1.1923828125 2.4619140625 1.2119140625 2.451171875 1.201171875
10 2.4091796875 1.1728515625 2.400390625 1.162109375 2.423828125 1.1396484375 2.4306640625 1.1513671875
10 2.443359375 1.1396484375 2.43359375 1.126953125 2.455078125 1.10546875 2.462890625 1.115234375
10 2.5029296875 1.0751953125 2.4931640625 1.064453125 2.513671875 1.041015625 2.5244140625 1.0517578125
10 2.5576171875 1.017578125 2.546875 1.0068359375 2.5732421875 0.98046875 2.583984375 0.994140625
10 2.30859375 4.1630859375 2.3173828125 4.15234375 2.3427734375 4.177734375 2.3359375 4.1904296875
10 2.3427734375 4.1923828125 2.349609375 4.1826171875 2.37109375 4.2041015625 2.361328125 4.2138671875
10 2.3662109375 4.21875 2.3740234375 4.2080078125 2.396484375 4.232421875 2.3896484375 4.240234375
10 2.3271484375 3.59375 2.31640625 3.5859375 2.333984375 3.5654296875 2.3447265625 3.5751953125
10 2.5 2.873046875 2.49609375 2.884765625 2.4697265625 2.876953125 2.47265625 2.8642578125
10 2.458984375 2.8720703125 2.4619140625 2.8857421875 2.43359375 2.892578125 2.427734375 2.8779296875
10 2.419921875 2.876953125 2.4228515625 2.890625 2.3955078125 2.8935546875 2.392578125 2.880859375
10 2.38671875 2.8818359375 2.3857421875 2.8935546875 2.3515625 2.8955078125 2.3515625 2.880859375
10 2.345703125 2.880859375 2.34375 2.8955078125 2.318359375 2.8935546875 2.3173828125 2.8818359375
10 2.3095703125 2.87890625 2.3076171875 2.8916015625 2.2783203125 2.8857421875 2.279296875 2.8740234375
9 2.1904296875 2.67578125 2.193359375 2.6982421875 2.130859375 2.7021484375 2.123046875 2.6826171875
10 2.458984375 2.0341796875 2.4638671875 2.01953125 2.4921875 2.0322265625 2.4873046875 2.046875
10 2.302734375 3.6962890625 2.3115234375 3.705078125 2.291015625 3.7275390625 2.2802734375 3.716796875
10 2.3271484375 3.6689453125 2.3369140625 3.6787109375 2.3134765625 3.7021484375 2.3037109375 3.6953125
10 2.2734375 3.6435546875 2.2646484375 3.6337890625 2.2861328125 3.611328125 2.2958984375 3.625
10 2.341796875 3.6689453125 2.3349609375 3.658203125 2.357421875 3.6328125 2.3701171875 3.6435546875
10 2.45703125 3.53515625 2.4677734375 3.544921875 2.4462890625 3.564453125 2.4365234375 3.5556640625
10 2.23046875 4.083984375 2.23828125 4.072265625 2.2607421875 4.0947265625 2.251953125 4.10546875
10 2.4853515625 3.5107421875 2.4912109375 3.51953125 2.4736328125 3.5390625 2.4638671875 3.5302734375
10 2.376953125 3.51953125 2.388671875 3.52734375 2.369140625 3.5498046875 2.3564453125 3.5419921875
10 2.40234375 3.494140625 2.4111328125 3.5029296875 2.3916015625 3.5234375 2.3828125 3.517578125
10 2.4296875 3.4697265625 2.4375 3.4794921875 2.4169921875 3.4990234375 2.4091796875 3.4892578125
10 2.447265625 3.47265625 2.4345703125 3.4609375 2.4560546875 3.4404296875 2.4658203125 3.4501953125
10 2.4853515625 3.4140625 2.4931640625 3.423828125 2.4736328125 3.4462890625 2.4638671875 3.435546875
10 2.5078125 3.482421875 2.517578125 3.4912109375 2.505859375 3.509765625 2.4951171875 3.5029296875
10 2.533203125 3.455078125 2.54296875 3.4619140625 2.52734375 3.4853515625 2.517578125 3.4736328125
10 2.5634765625 3.4267578125 2.5712890625 3.4345703125 2.556640625 3.455078125 2.5458984375 3.447265625
10 2.5927734375 3.400390625 2.599609375 3.4111328125 2.578125 3.4296875 2.564453125 3.419921875
10 2.51953125 3.3740234375 2.5283203125 3.384765625 2.5107421875 3.40234375 2.50390625 3.39453125
10 2.537109375 3.376953125 2.5283203125 3.3681640625 2.546875 3.3486328125 2.556640625 3.3564453125
10 2.6494140625 0.970703125 2.6572265625 0.9794921875 2.6357421875 1.0029296875 2.6240234375 0.9921875
10 2.716796875 0.7392578125 2.7041015625 0.7470703125 2.6884765625 0.716796875 2.7021484375 0.7099609375
10 2.6962890625 0.7041015625 2.6845703125 0.708984375 2.6708984375 0.6796875 2.68359375 0.671875
10 2.5517578125 0.30859375 2.5625 0.298828125 2.5771484375 0.3173828125 2.5703125 0.3291015625
10 2.7421875 0.552734375 2.7529296875 0.5458984375 2.7646484375 0.57421875 2.75390625 0.580078125
10 2.7177734375 0.517578125 2.728515625 0.51171875 2.74609375 0.5361328125 2.7333984375 0.5458984375
10 2.6982421875 0.486328125 2.708984375 0.478515625 2.7236328125 0.50390625 2.7119140625 0.5068359375
10 2.6572265625 0.4287109375 2.6669921875 0.419921875 2.6826171875 0.443359375 2.67578125 0.44921875
10 2.6318359375 0.3994140625 2.6435546875 0.390625 2.6591796875 0.4111328125 2.6494140625 0.419921875
10 2.6044921875 0.3671875 2.6171875 0.3544921875 2.6337890625 0.3818359375 2.6240234375 0.390625
10 2.4873046875 0.396484375 2.474609375 0.404296875 2.4560546875 0.380859375 2.4638671875 0.37109375
10 2.4580078125 0.3681640625 2.451171875 0.3740234375 2.4287109375 0.359375 2.4375 0.3486328125
10 2.427734375 0.3427734375 2.42578125 0.357421875 2.3935546875 0.357421875 2.392578125 0.341796875
10 2.380859375 0.3447265625 2.3876953125 0.35546875 2.3681640625 0.375 2.359375 0.3671875
10 2.498046875 0.328125 2.5078125 0.3193359375 2.5283203125 0.3427734375 2.5205078125 0.349609375
10 2.580078125 0.3369140625 2.58984375 0.326171875 2.60546875 0.3505859375 2.595703125 0.357421875
10 2.390625 0.31640625 2.3974609375 0.3271484375 2.373046875 0.341796875 2.3642578125 0.3330078125
10 2.779296875 0.6298828125 2.791015625 0.623046875 2.806640625 0.6533203125 2.7958984375 0.6591796875
10 2.326171875 0.3154296875 2.3134765625 0.314453125 2.3173828125 0.2890625 2.3310546875 0.2890625
10 2.33203125 0.2734375 2.3203125 0.2783203125 2.2998046875 0.25390625 2.3115234375 0.244140625
10 2.3017578125 0.234375 2.2939453125 0.2470703125 2.265625 0.232421875 2.2744140625 0.21484375
10 2.2685546875 0.212890625 2.2607421875 0.2255859375 2.2373046875 0.2109375 2.2421875 0.19921875
10 2.203125 0.189453125 2.208984375 0.1796875 2.23828125 0.1962890625 2.2294921875 0.2080078125
10 2.5146484375 0.2724609375 2.5244140625 0.26171875 2.5419921875 0.2802734375 2.5361328125 0.29296875
10 2.486328125 0.244140625 2.4951171875 0.2353515625 2.5126953125 0.259765625 2.5029296875 0.265625
10 2.4326171875 0.234375 2.44140625 0.2236328125 2.4658203125 0.2451171875 2.458984375 0.2548828125
10 2.455078125 0.2197265625 2.462890625 0.208984375 2.4873046875 0.23046875 2.478515625 0.2392578125
10 2.421875 0.193359375 2.4287109375 0.1826171875 2.453125 0.19921875 2.443359375 0.2119140625
10 2.388671875 0.1708984375 2.3974609375 0.1572265625 2.419921875 0.1748046875 2.412109375 0.1884765625
10 2.3623046875 0.1474609375 2.3662109375 0.1376953125 2.388671875 0.1533203125 2.3818359375 0.1630859375
10 2.7587890625 0.5888671875 2.7705078125 0.5810546875 2.7822265625 0.6103515625 2.7724609375 0.6171875
10 2.7998046875 0.6689453125 2.814453125 0.6640625 2.826171875 0.69921875 2.8125 0.7041015625
10 2.673828125 0.6591796875 2.6630859375 0.666015625 2.6494140625 0.63671875 2.6640625 0.6328125
10 2.9794921875 1.1396484375 2.970703125 1.1474609375 2.9521484375 1.12890625 2.9609375 1.1201171875
10 2.6591796875 0.6220703125 2.6455078125 0.6318359375 2.630859375 0.6044921875 2.642578125 0.59765625
10 2.638671875 0.591796875 2.6259765625 0.599609375 2.609375 0.572265625 2.6201171875 0.5625
10 2.611328125 0.5537109375 2.6015625 0.560546875 2.5888671875 0.541015625 2.5986328125 0.53125
10 2.5888671875 0.521484375 2.578125 0.529296875 2.5625 0.505859375 2.57421875 0.4970703125
10 2.5654296875 0.4892578125 2.5556640625 0.4970703125 2.5361328125 0.4736328125 2.5478515625 0.4638671875
10 2.9931640625 1.064453125 3.00390625 1.056640625 3.0205078125 1.08203125 3.01171875 1.0908203125
10 2.97265625 1.033203125 2.982421875 1.025390625 2.9990234375 1.05078125 2.98828125 1.0595703125
10 2.9462890625 0.99609375 2.9580078125 0.986328125 2.974609375 1.017578125 2.96484375 1.0234375
10 2.927734375 0.9638671875 2.9404296875 0.9580078125 2.955078125 0.9833984375 2.9423828125 0.9921875
10 2.912109375 0.93359375 2.9228515625 0.927734375 2.935546875 0.9541015625 2.9248046875 0.958984375
10 2.89453125 0.8974609375 2.90625 0.892578125 2.9169921875 0.919921875 2.9072265625 0.9248046875
10 2.876953125 0.8623046875 2.890625 0.857421875 2.900390625 0.88671875 2.8916015625 0.890625
10 2.943359375 1.103515625 2.931640625 1.1103515625 2.9150390625 1.087890625 2.92578125 1.078125
10 2.8173828125 0.705078125 2.830078125 0.7001953125 2.83984375 0.728515625 2.8251953125 0.736328125
10 2.94140625 1.17578125 2.931640625 1.1826171875 2.912109375 1.1591796875 2.921875 1.150390625
10 2.9169921875 1.1435546875 2.9091796875 1.1484375 2.89453125 1.130859375 2.90234375 1.123046875
10 2.8896484375 1.1123046875 2.8828125 1.1181640625 2.8642578125 1.0966796875 2.8759765625 1.087890625
10 2.8671875 1.07421875 2.8564453125 1.080078125 2.8408203125 1.056640625 2.853515625 1.0517578125
10 2.8486328125 1.04296875 2.8359375 1.048828125 2.8232421875 1.0224609375 2.833984375 1.01953125
10 2.8330078125 1.01171875 2.818359375 1.0166015625 2.8046875 0.98828125 2.81640625 0.9814453125
10 2.5361328125 0.4521484375 2.5234375 0.4619140625 2.509765625 0.439453125 2.51953125 0.431640625
10 2.513671875 0.42578125 2.505859375 0.435546875 2.4814453125 0.412109375 2.494140625 0.4033203125
10 2.2666015625 0.3837890625 2.259765625 0.3720703125 2.2783203125 0.3525390625 2.2841796875 0.3623046875
10 2.8583984375 0.818359375 2.8720703125 0.8115234375 2.8818359375 0.8388671875 2.87109375 0.8447265625
10 2.8427734375 0.775390625 2.8564453125 0.76953125 2.8662109375 0.7998046875 2.853515625 0.806640625
10 2.830078125 0.7421875 2.8427734375 0.73828125 2.8525390625 0.763671875 2.8427734375 0.76953125
10 3.3818359375 3.7080078125 3.3720703125 3.72265625 3.349609375 3.6982421875 3.359375 3.685546875
10 3.435546875 3.7607421875 3.42578125 3.7724609375 3.40234375 3.751953125 3.4130859375 3.7412109375
10 1.7705078125 3.1953125 1.7802734375 3.205078125 1.7626953125 3.224609375 1.751953125 3.216796875
10 1.7939453125 1.6396484375 1.806640625 1.6318359375 1.8232421875 1.650390625 1.810546875 1.662109375
10 2.0078125 0.6474609375 1.99609375 0.6396484375 2.01953125 0.6171875 2.0283203125 0.626953125
10 1.982421875 0.673828125 1.9716796875 0.666015625 1.9951171875 0.64453125 2.0029296875 0.654296875
10 1.9599609375 0.7021484375 1.94921875 0.69140625 1.966796875 0.671875 1.9765625 0.68359375
10 1.9423828125 0.69140625 1.955078125 0.705078125 1.9326171875 0.7275390625 1.919921875 0.7138671875
10 1.9140625 0.7255859375 1.923828125 0.7353515625 1.9033203125 0.7548828125 1.890625 0.7470703125
10 1.953125 0.7802734375 1.9609375 0.79296875 1.9443359375 0.814453125 1.9326171875 0.8056640625
10 1.9140625 0.8427734375 1.904296875 0.8330078125 1.9248046875 0.8125 1.931640625 0.82421875
10 1.8857421875 0.87109375 1.8740234375 0.86328125 1.89453125 0.841796875 1.904296875 0.8515625
10 1.859375 0.9013671875 1.845703125 0.890625 1.865234375 0.873046875 1.8759765625 0.8828125
10 2.189453125 1.3828125 2.1962890625 1.390625 2.17578125 1.4130859375 2.162109375 1.404296875
10 2.1435546875 1.517578125 2.154296875 1.52734375 2.1337890625 1.5478515625 2.123046875 1.5400390625
9 2.1328125 1.4345703125 2.1435546875 1.447265625 2.11328125 1.4814453125 2.09765625 1.470703125
10 2.091796875 1.8349609375 2.099609375 1.82421875 2.1201171875 1.8427734375 2.1123046875 1.85546875
10 2.05859375 1.798828125 2.068359375 1.7890625 2.083984375 1.8125 2.076171875 1.818359375
10 2.025390625 1.7724609375 2.0341796875 1.76171875 2.0556640625 1.7841796875 2.0478515625 1.7919921875
10 1.994140625 1.736328125 2.0029296875 1.7275390625 2.0224609375 1.7490234375 2.013671875 1.759765625
10 1.9853515625 1.689453125 1.9990234375 1.689453125 1.998046875 1.7177734375 1.984375 1.7177734375
10 2.01171875 1.6787109375 1.998046875 1.669921875 2.0224609375 1.6455078125 2.0341796875 1.654296875
10 2.11328125 1.5498046875 2.1240234375 1.560546875 2.1064453125 1.5791015625 2.09375 1.5703125
10 2.001953125 1.568359375 2.0224609375 1.5478515625 2.0322265625 1.5576171875 2.013671875 1.5791015625
10 1.9970703125 1.5751953125 2.005859375 1.5869140625 1.986328125 1.6064453125 1.974609375 1.595703125
10 1.87890625 1.6259765625 1.8896484375 1.6162109375 1.91015625 1.6396484375 1.8974609375 1.646484375
10 1.8544921875 1.5966796875 1.8623046875 1.587890625 1.8837890625 1.611328125 1.8759765625 1.623046875
10 1.8310546875 1.599609375 1.8388671875 1.591796875 1.8603515625 1.6123046875 1.8515625 1.6220703125
10 1.828125 1.57421875 1.8359375 1.564453125 1.8564453125 1.5859375 1.84765625 1.591796875
10 1.796875 1.546875 1.8046875 1.53515625 1.830078125 1.560546875 1.822265625 1.568359375
10 1.736328125 1.58203125 1.7470703125 1.5732421875 1.767578125 1.5966796875 1.755859375 1.60546875
10 1.9814453125 0.75390625 1.9931640625 0.763671875 1.96875 0.7861328125 1.9609375 0.7744140625
10 2.01171875 0.724609375 2.0185546875 0.734375 1.9990234375 0.75390625 1.98828125 0.74609375
10 2.025390625 0.728515625 2.015625 0.720703125 2.0341796875 0.697265625 2.04296875 0.7099609375
10 3.8974609375 0.6279296875 3.908203125 0.619140625 3.92578125 0.64453125 3.9169921875 0.65234375
10 3.95703125 1.884765625 3.9609375 1.875 3.9873046875 1.8837890625 3.984375 1.8935546875
10 3.9931640625 1.900390625 3.9970703125 1.8857421875 4.02734375 1.8984375 4.0234375 1.9091796875
10 4.037109375 1.9130859375 4.0400390625 1.90234375 4.06640625 1.9111328125 4.0615234375 1.923828125
10 4.0751953125 1.927734375 4.080078125 1.916015625 4.1044921875 1.927734375 4.099609375 1.939453125
10 4.1083984375 1.9443359375 4.1171875 1.9296875 4.1435546875 1.9443359375 4.1357421875 1.95703125
10 4.1455078125 1.9599609375 4.1533203125 1.947265625 4.177734375 1.9609375 4.1728515625 1.974609375
10 4.1845703125 1.9775390625 4.1884765625 1.96875 4.2158203125 1.982421875 4.2099609375 1.9951171875
10 4.220703125 1.9990234375 4.2255859375 1.9853515625 4.2548828125 2.0029296875 4.2490234375 2.013671875
10 4.26953125 1.193359375 4.259765625 1.201171875 4.2392578125 1.17578125 4.248046875 1.16796875
10 3.9970703125 0.9267578125 3.986328125 0.9345703125 3.966796875 0.912109375 3.9775390625 0.904296875
10 3.8310546875 0.701171875 3.83984375 0.693359375 3.8583984375 0.71875 3.8486328125 0.724609375
10 4.0078125 0.7001953125 3.9970703125 0.7080078125 3.9775390625 0.6826171875 3.986328125 0.6748046875
10 4.3115234375 0.3671875 4.322265625 0.376953125 4.3056640625 0.3994140625 4.2939453125 0.390625
10 2.056640625 0.6982421875 2.0439453125 0.6904296875 2.0703125 0.6630859375 2.0791015625 0.67578125
10 3.966796875 0.439453125 3.9765625 0.431640625 3.99609375 0.4521484375 3.9873046875 0.4609375
10 3.921875 0.35546875 3.93359375 0.34765625 3.951171875 0.373046875 3.9404296875 0.380859375
10 3.8994140625 0.2890625 3.9111328125 0.28125 3.9345703125 0.3056640625 3.9228515625 0.314453125
10 2.19921875 0.177734375 2.1943359375 0.185546875 2.1650390625 0.1708984375 2.171875 0.16015625
10 2.150390625 0.15234375 2.1455078125 0.16015625 2.1181640625 0.1484375 2.1220703125 0.1318359375
10 2.1142578125 0.134765625 2.109375 0.1455078125 2.0791015625 0.1328125 2.083984375 0.12109375
10 2.0791015625 0.1181640625 2.0751953125 0.130859375 2.05078125 0.1201171875 2.0546875 0.107421875
10 2.0419921875 0.103515625 2.037109375 0.11328125 2.009765625 0.103515625 2.0146484375 0.08984375
10 2.00390625 0.087890625 1.9970703125 0.1015625 1.97265625 0.08984375 1.9794921875 0.0771484375
10 2.13671875 0.6103515625 2.1279296875 0.603515625 2.1494140625 0.5830078125 2.158203125 0.591796875
10 2.1171875 0.6376953125 2.103515625 0.626953125 2.126953125 0.6083984375 2.134765625 0.6171875
10 2.0859375 0.6689453125 2.072265625 0.6591796875 2.095703125 0.634765625 2.10546875 0.64453125
10 1.7685546875 1.611328125 1.77734375 1.599609375 1.8017578125 1.626953125 1.7890625 1.634765625
10 1.8359375 1.6806640625 1.845703125 1.669921875 1.869140625 1.6923828125 1.8603515625 1.701171875
10 3.462890625 3.7890625 3.453125 3.798828125 3.4345703125 3.779296875 3.443359375 3.76953125
10 1.9013671875 1.7431640625 1.9150390625 1.732421875 1.9345703125 1.755859375 1.923828125 1.767578125
10 2.1220703125 3.802734375 2.11328125 3.794921875 2.130859375 3.7734375 2.140625 3.7822265625
10 2.091796875 3.8310546875 2.0810546875 3.8251953125 2.1005859375 3.806640625 2.1083984375 3.814453125
10 2.1748046875 3.8251953125 2.1875 3.8349609375 2.16796875 3.8525390625 2.1591796875 3.845703125
10 2.1494140625 3.8525390625 2.15625 3.8623046875 2.138671875 3.8818359375 2.1298828125 3.8740234375
10 2.236328125 4.904296875 2.24609375 4.8955078125 2.263671875 4.916015625 2.2568359375 4.9228515625
10 2.2080078125 4.8779296875 2.2158203125 4.869140625 2.236328125 4.8935546875 2.2294921875 4.9013671875
10 2.177734375 4.849609375 2.185546875 4.8408203125 2.2060546875 4.8603515625 2.19921875 4.8701171875
10 2.150390625 4.8173828125 2.1591796875 4.8095703125 2.173828125 4.8310546875 2.1650390625 4.8388671875
10 2.1171875 4.7880859375 2.125 4.77734375 2.14453125 4.798828125 2.1376953125 4.8095703125
10 2.0859375 4.7607421875 2.0966796875 4.7509765625 2.115234375 4.775390625 2.1064453125 4.783203125
10 2.0048828125 4.6796875 2.0146484375 4.6689453125 2.029296875 4.6865234375 2.0224609375 4.697265625
10 1.8642578125 0.7958984375 1.8544921875 0.7861328125 1.873046875 0.7666015625 1.8828125 0.775390625
10 1.833984375 0.826171875 1.8212890625 0.818359375 1.8408203125 0.798828125 1.8515625 0.8095703125
10 1.8095703125 0.853515625 1.7998046875 0.845703125 1.818359375 0.8251953125 1.82421875 0.8349609375
10 1.8203125 0.888671875 1.8076171875 0.880859375 1.82421875 0.859375 1.8349609375 0.8671875
10 1.83203125 0.92578125 1.8203125 0.9169921875 1.8408203125 0.89453125 1.8515625 0.9052734375
10 1.806640625 0.9501953125 1.796875 0.943359375 1.81640625 0.919921875 1.8271484375 0.9306640625
10 1.7783203125 0.9814453125 1.7685546875 0.9716796875 1.7890625 0.951171875 1.7978515625 0.958984375
10 1.755859375 1.00390625 1.748046875 0.9931640625 1.7626953125 0.9755859375 1.7734375 0.9833984375
10 1.7333984375 1.0283203125 1.7216796875 1.01953125 1.7412109375 0.99609375 1.751953125 1.009765625
10 1.7021484375 1.05859375 1.69140625 1.048828125 1.7138671875 1.0244140625 1.7255859375 1.0400390625
10 1.67578125 1.0888671875 1.662109375 1.08203125 1.6826171875 1.05859375 1.69140625 1.0693359375
10 1.642578125 1.12109375 1.62890625 1.11328125 1.65234375 1.087890625 1.6630859375 1.1005859375
10 1.599609375 3.048828125 1.587890625 3.0390625 1.611328125 3.015625 1.619140625 3.025390625
10 1.8466796875 3.1171875 1.85546875 3.125 1.8349609375 3.146484375 1.822265625 3.138671875
10 1.8203125 3.1435546875 1.828125 3.15625 1.80859375 3.171875 1.798828125 3.1640625
10 1.7958984375 3.1708984375 1.806640625 3.1826171875 1.7841796875 3.203125 1.7783203125 3.1943359375
10 2.2041015625 3.7939453125 2.21484375 3.802734375 2.19140625 3.828125 2.181640625 3.8193359375
10 2.23828125 3.763671875 2.244140625 3.7763671875 2.2216796875 3.80078125 2.2099609375 3.7900390625
10 2.15625 3.7685546875 2.146484375 3.7587890625 2.169921875 3.736328125 2.1787109375 3.7470703125
10 2.0556640625 2.6796875 2.046875 2.685546875 2.029296875 2.6572265625 2.0419921875 2.650390625
10 1.931640625 1.771484375 1.94140625 1.759765625 1.9609375 1.7822265625 1.9541015625 1.7958984375
10 1.9560546875 1.7998046875 1.970703125 1.7890625 1.986328125 1.8115234375 1.978515625 1.8193359375
10 2.01171875 1.8505859375 2.0224609375 1.83984375 2.041015625 1.8603515625 2.033203125 1.8720703125
10 2.0361328125 1.87890625 2.046875 1.8642578125 2.0703125 1.890625 2.060546875 1.900390625
10 1.7001953125 1.978515625 1.69140625 1.984375 1.6708984375 1.966796875 1.6826171875 1.955078125
10 1.728515625 2.0068359375 1.7197265625 2.0166015625 1.7001953125 1.99609375 1.7119140625 1.9833984375
10 1.765625 2.04296875 1.7568359375 2.0517578125 1.7373046875 2.0283203125 1.744140625 2.01953125
10 1.80859375 2.0830078125 1.7958984375 2.0908203125 1.775390625 2.0673828125 1.78515625 2.0595703125
10 1.8310546875 2.1103515625 1.8251953125 2.1181640625 1.8056640625 2.099609375 1.8154296875 2.087890625
10 1.859375 2.1357421875 1.8466796875 2.1455078125 1.83203125 2.1240234375 1.83984375 2.1142578125
10 1.8759765625 2.2421875 1.8642578125 2.25 1.8447265625 2.2294921875 1.8505859375 2.2177734375
10 2.0029296875 2.5869140625 1.9873046875 2.5927734375 1.9736328125 2.5615234375 1.98828125 2.5546875
10 2.275390625 2.87109375 2.26953125 2.884765625 2.2431640625 2.875 2.2431640625 2.8623046875
10 2.19140625 3.732421875 2.1787109375 3.72265625 2.203125 3.69921875 2.2119140625 3.7080078125
10 2.236328125 2.859375 2.232421875 2.87109375 2.201171875 2.8623046875 2.203125 2.8486328125
10 2.1806640625 2.83984375 2.1796875 2.853515625 2.1484375 2.8447265625 2.150390625 2.8310546875
10 2.142578125 2.8349609375 2.142578125 2.849609375 2.1103515625 2.849609375 2.1083984375 2.833984375
10 1.87890625 2.822265625 1.8642578125 2.8154296875 1.8896484375 2.7900390625 1.8974609375 2.8017578125
10 1.8583984375 2.787109375 1.845703125 2.7763671875 1.87109375 2.751953125 1.8779296875 2.76171875
10 1.8251953125 2.814453125 1.81640625 2.806640625 1.8369140625 2.7802734375 1.8486328125 2.791015625
10 1.7939453125 2.849609375 1.7841796875 2.8408203125 1.8056640625 2.818359375 1.8154296875 2.830078125
10 2.0322265625 2.923828125 2.0419921875 2.9345703125 2.0224609375 2.9560546875 2.0107421875 2.947265625
10 2.00390625 2.95703125 2.013671875 2.9677734375 1.98828125 2.9931640625 1.9765625 2.982421875
10 1.962890625 2.998046875 1.9716796875 3.0087890625 1.953125 3.0302734375 1.939453125 3.0234375
10 2.248046875 3.671875 2.2392578125 3.6640625 2.2587890625 3.64453125 2.2646484375 3.654296875
10 2.220703125 3.701171875 2.2109375 3.6943359375 2.2333984375 3.6669921875 2.2421875 3.67578125
10 3.9189453125 1.8720703125 3.92578125 1.8623046875 3.9501953125 1.8720703125 3.9482421875 1.8828125
10 3.8857421875 1.8564453125 3.8916015625 1.845703125 3.9150390625 1.857421875 3.9111328125 1.8681640625
10 3.84375 1.83984375 3.8525390625 1.8291015625 3.876953125 1.8427734375 3.8720703125 1.8544921875
10 3.8076171875 1.8173828125 3.8125 1.8076171875 3.8369140625 1.822265625 3.83203125 1.8330078125
10 3.2421875 2.7490234375 3.2314453125 2.7412109375 3.255859375 2.7138671875 3.2646484375 2.7236328125
10 3.2265625 2.6455078125 3.2353515625 2.6552734375 3.2177734375 2.6767578125 3.2060546875 2.666015625
10 3.2412109375 2.65234375 3.2314453125 2.6455078125 3.25 2.6279296875 3.2568359375 2.634765625
10 3.28125 2.689453125 3.291015625 2.697265625 3.26953125 2.7216796875 3.2607421875 2.7109375
10 3.296875 2.6923828125 3.287109375 2.685546875 3.306640625 2.6640625 3.3154296875 2.673828125
10 3.3369140625 2.654296875 3.32421875 2.646484375 3.34765625 2.6220703125 3.357421875 2.630859375
10 3.26953125 2.626953125 3.2578125 2.6171875 3.2763671875 2.595703125 3.2861328125 2.607421875
10 3.3115234375 2.580078125 3.2998046875 2.5712890625 3.322265625 2.548828125 3.33203125 2.560546875
10 3.373046875 2.6142578125 3.3623046875 2.607421875 3.380859375 2.5859375 3.388671875 2.59765625
10 3.3408203125 2.548828125 3.33203125 2.5419921875 3.3505859375 2.51953125 3.359375 2.5302734375
10 3.3681640625 2.5244140625 3.3564453125 2.5166015625 3.376953125 2.494140625 3.384765625 2.5048828125
10 3.4560546875 2.53125 3.443359375 2.5224609375 3.466796875 2.49609375 3.4775390625 2.5078125
10 3.392578125 2.49609375 3.3828125 2.4873046875 3.4052734375 2.466796875 3.4140625 2.4765625
10 3.435546875 2.43359375 3.4453125 2.443359375 3.4248046875 2.4658203125 3.4130859375 2.45703125
10 3.4541015625 2.431640625 3.4443359375 2.4248046875 3.46484375 2.3994140625 3.4765625 2.412109375
10 3.4921875 2.4931640625 3.482421875 2.486328125 3.5048828125 2.4619140625 3.51171875 2.474609375
10 3.521484375 2.46484375 3.5087890625 2.4580078125 3.5341796875 2.4326171875 3.5419921875 2.443359375
10 3.5517578125 2.431640625 3.541015625 2.423828125 3.5654296875 2.400390625 3.572265625 2.41015625
10 3.5810546875 2.4033203125 3.5712890625 2.39453125 3.59375 2.373046875 3.6005859375 2.3828125
10 3.498046875 2.388671875 3.4873046875 2.3818359375 3.5078125 2.3642578125 3.5146484375 2.37109375
10 3.5341796875 2.333984375 3.5439453125 2.3447265625 3.5244140625 2.36328125 3.5146484375 2.353515625
10 3.5517578125 2.333984375 3.5400390625 2.3271484375 3.564453125 2.3046875 3.572265625 2.3134765625
10 3.5859375 2.30078125 3.57421875 2.29296875 3.5986328125 2.2666015625 3.609375 2.275390625
10 3.61328125 2.3701171875 3.6015625 2.3623046875 3.6240234375 2.337890625 3.6318359375 2.3486328125
10 3.6552734375 2.3056640625 3.6650390625 2.3154296875 3.640625 2.3388671875 3.6298828125 2.330078125
10 3.6728515625 2.30859375 3.66015625 2.30078125 3.68359375 2.2763671875 3.69140625 2.287109375
10 3.6181640625 2.2685546875 3.6083984375 2.26171875 3.6328125 2.236328125 3.640625 2.2451171875
10 3.21484375 2.7783203125 3.2041015625 2.76953125 3.2236328125 2.748046875 3.2333984375 2.7568359375
10 3.18359375 2.9033203125 3.1943359375 2.890625 3.2255859375 2.919921875 3.2138671875 2.9296875
10 3.3349609375 3.0478515625 3.3447265625 3.0361328125 3.37109375 3.0615234375 3.361328125 3.0732421875
10 3.1787109375 2.9892578125 3.1884765625 2.978515625 3.2119140625 3.001953125 3.2001953125 3.01171875
10 3.5400390625 3.771484375 3.5322265625 3.7763671875 3.51171875 3.759765625 3.5205078125 3.7509765625
10 3.515625 3.744140625 3.5048828125 3.7548828125 3.486328125 3.7353515625 3.494140625 3.724609375
10 3.41796875 3.65234375 3.412109375 3.6611328125 3.390625 3.6416015625 3.3994140625 3.6328125
10 3.3916015625 3.626953125 3.380859375 3.6357421875 3.3603515625 3.6142578125 3.369140625 3.6044921875
10 3.36328125 3.6005859375 3.353515625 3.611328125 3.3291015625 3.5849609375 3.33984375 3.5751953125
10 3.3037109375 3.5419921875 3.2958984375 3.55078125 3.2724609375 3.5302734375 3.2822265625 3.51953125
10 3.2744140625 3.5087890625 3.2646484375 3.5166015625 3.240234375 3.498046875 3.25 3.48828125
10 3.2431640625 3.484375 3.234375 3.4931640625 3.2109375 3.4697265625 3.2216796875 3.458984375
10 3.216796875 3.455078125 3.20703125 3.4638671875 3.1875 3.4453125 3.1962890625 3.435546875
10 3.1904296875 3.4306640625 3.1806640625 3.4404296875 3.16015625 3.4208984375 3.1708984375 3.4111328125
10 3.12890625 3.388671875 3.13671875 3.3779296875 3.1572265625 3.3994140625 3.1484375 3.41015625
10 3.2080078125 3.0166015625 3.216796875 3.0068359375 3.2431640625 3.0302734375 3.2314453125 3.0400390625
10 3.140625 2.951171875 3.150390625 2.9443359375 3.1689453125 2.962890625 3.1611328125 2.97265625
10 3.4111328125 3.12109375 3.421875 3.109375 3.4423828125 3.1337890625 3.43359375 3.14453125
10 3.1533203125 1.7734375 3.1630859375 1.78515625 3.1416015625 1.806640625 3.1298828125 1.796875
10 3.181640625 1.7470703125 3.1904296875 1.7548828125 3.1689453125 1.7802734375 3.1572265625 1.76953125
10 3.2099609375 1.71875 3.21875 1.7275390625 3.2001953125 1.748046875 3.1884765625 1.73828125
10 3.23828125 1.6904296875 3.2470703125 1.6982421875 3.228515625 1.7197265625 3.216796875 1.7138671875
10 3.3740234375 1.5537109375 3.3779296875 1.5693359375 3.345703125 1.576171875 3.3408203125 1.5634765625
10 3.263671875 0.91796875 3.2509765625 0.921875 3.240234375 0.8935546875 3.2529296875 0.8876953125
10 3.2861328125 0.916015625 3.2744140625 0.9208984375 3.2646484375 0.8896484375 3.27734375 0.8857421875
10 3.3095703125 0.9169921875 3.2978515625 0.9189453125 3.2880859375 0.890625 3.30078125 0.884765625
10 3.26953125 0.865234375 3.2578125 0.8701171875 3.2490234375 0.8447265625 3.2587890625 0.8388671875
10 3.244140625 0.853515625 3.23046875 0.8564453125 3.2216796875 0.8330078125 3.236328125 0.8271484375
10 3.7275390625 3.427734375 3.736328125 3.4189453125 3.7578125 3.44140625 3.75 3.447265625
9 3.65234375 3.404296875 3.6669921875 3.388671875 3.755859375 3.4775390625 3.740234375 3.4931640625
10 3.681640625 2.2021484375 3.671875 2.19140625 3.6923828125 2.1708984375 3.7001953125 2.1806640625
10 3.71484375 2.1455078125 3.7265625 2.154296875 3.7060546875 2.1748046875 3.6962890625 2.166015625
10 3.7490234375 2.2314453125 3.7392578125 2.2216796875 3.755859375 2.203125 3.765625 2.2138671875
10 4.0234375 2.8193359375 4.013671875 2.8095703125 4.03515625 2.787109375 4.0439453125 2.7978515625
10 3.8388671875 3.537109375 3.84765625 3.52734375 3.8681640625 3.548828125 3.8603515625 3.55859375
10 3.974609375 3.6728515625 3.986328125 3.662109375 4.0068359375 3.68359375 3.9951171875 3.6943359375
10 3.9501953125 3.6484375 3.9580078125 3.63671875 3.982421875 3.66015625 3.97265625 3.6689453125
10 4.1826171875 3.693359375 4.1904296875 3.703125 4.1748046875 3.7216796875 4.1650390625 3.712890625
10 3.861328125 3.0595703125 3.8701171875 3.068359375 3.8525390625 3.08984375 3.8408203125 3.0830078125
10 3.8798828125 3.0625 3.869140625 3.056640625 3.888671875 3.0341796875 3.8974609375 3.04296875
10 3.912109375 3.0068359375 3.923828125 3.015625 3.9033203125 3.0380859375 3.8935546875 3.0283203125
10 3.8466796875 2.9951171875 3.8369140625 2.984375 3.857421875 2.962890625 3.8662109375 2.9755859375
10 3.9404296875 2.9755859375 3.951171875 2.9833984375 3.9306640625 3.00390625 3.9208984375 2.99609375
10 3.9794921875 2.935546875 3.9921875 2.9453125 3.962890625 2.978515625 3.947265625 2.96875
10 4.0263671875 2.8896484375 4.0361328125 2.8994140625 4.0205078125 2.9189453125 4.0087890625 2.912109375
10 3.9609375 2.8798828125 3.951171875 2.869140625 3.9775390625 2.84375 3.9853515625 2.859375
10 4.0498046875 2.7890625 4.0400390625 2.7802734375 4.0625 2.7587890625 4.0732421875 2.76953125
10 4.1630859375 3.8525390625 4.1708984375 3.841796875 4.1826171875 3.8525390625 4.1806640625 3.87109375
10 4.107421875 2.7294921875 4.095703125 2.72265625 4.1181640625 2.69921875 4.1259765625 2.708984375
10 4.1787109375 2.7568359375 4.16796875 2.7490234375 4.1865234375 2.7275390625 4.193359375 2.7353515625
10 4.21875 2.6923828125 4.2275390625 2.703125 4.20703125 2.7265625 4.193359375 2.716796875
10 4.1337890625 2.705078125 4.1240234375 2.6943359375 4.142578125 2.6689453125 4.15625 2.681640625
10 4.16015625 2.673828125 4.15234375 2.662109375 4.1767578125 2.642578125 4.185546875 2.6533203125
10 4.1923828125 2.638671875 4.181640625 2.630859375 4.203125 2.6083984375 4.2138671875 2.6181640625
10 4.21875 2.6162109375 4.2109375 2.60546875 4.23046875 2.5849609375 4.23828125 2.591796875
10 3.8427734375 2.115234375 3.8515625 2.1240234375 3.828125 2.14453125 3.8193359375 2.13671875
10 3.8046875 2.072265625 3.796875 2.064453125 3.8193359375 2.0390625 3.830078125 2.0517578125
10 3.875 2.080078125 3.884765625 2.0908203125 3.86328125 2.115234375 3.853515625 2.103515625
10 3.9765625 2.0078125 3.9775390625 2.021484375 3.9521484375 2.021484375 3.94921875 2.0087890625
10 4.0302734375 2.025390625 4.025390625 2.0390625 3.986328125 2.0234375 3.9931640625 2.009765625
10 4.1279296875 3.8251953125 4.138671875 3.8125 4.1669921875 3.8359375 4.15625 3.8486328125
10 4.1533203125 3.9384765625 4.1611328125 3.9296875 4.1806640625 3.9482421875 4.17578125 3.9619140625
10 3.787109375 2.171875 3.794921875 2.1796875 3.7744140625 2.2021484375 3.763671875 2.193359375
10 3.62890625 1.46484375 3.63671875 1.474609375 3.611328125 1.4921875 3.603515625 1.4833984375
10 3.7919921875 1.9326171875 3.78515625 1.9462890625 3.7568359375 1.9306640625 3.76171875 1.91796875
10 3.755859375 1.9169921875 3.75 1.927734375 3.7255859375 1.9150390625 3.73046875 1.90234375
10 3.7236328125 1.8974609375 3.71875 1.9072265625 3.6923828125 1.89453125 3.69921875 1.8828125
10 3.6923828125 1.8779296875 3.685546875 1.890625 3.662109375 1.876953125 3.66796875 1.865234375
10 3.6572265625 1.857421875 3.650390625 1.8671875 3.623046875 1.849609375 3.630859375 1.837890625
10 3.623046875 1.8291015625 3.6142578125 1.8408203125 3.587890625 1.82421875 3.59765625 1.8134765625
10 3.71484375 1.80078125 3.72265625 1.7890625 3.7509765625 1.8076171875 3.7451171875 1.818359375
10 3.7529296875 1.7900390625 3.759765625 1.779296875 3.787109375 1.7939453125 3.7783203125 1.8076171875
10 3.71875 1.7666015625 3.7255859375 1.75390625 3.75 1.771484375 3.7431640625 1.783203125
10 3.6875 1.7470703125 3.6943359375 1.736328125 3.7197265625 1.75390625 3.71484375 1.765625
10 3.486328125 1.55859375 3.490234375 1.5732421875 3.4609375 1.5791015625 3.4580078125 1.56640625
10 3.5498046875 1.505859375 3.5517578125 1.517578125 3.5234375 1.5283203125 3.51953125 1.5166015625
10 3.6650390625 1.4970703125 3.673828125 1.5068359375 3.646484375 1.5302734375 3.638671875 1.517578125
10 3.87109375 4.1875 3.859375 4.1982421875 3.833984375 4.169921875 3.845703125 4.1591796875
10 3.75390625 1.13671875 3.740234375 1.134765625 3.74609375 1.1064453125 3.759765625 1.109375
10 3.7587890625 0.6376953125 3.7470703125 0.6484375 3.728515625 0.6240234375 3.73828125 0.615234375
10 3.9033203125 5.0009765625 3.8916015625 4.9931640625 3.9091796875 4.97265625 3.919921875 4.9853515625
10 3.9599609375 4.9453125 3.951171875 4.935546875 3.96875 4.9130859375 3.9814453125 4.921875
10 3.990234375 4.9189453125 3.9765625 4.908203125 3.9990234375 4.8857421875 4.0078125 4.8955078125
10 4.01953125 4.8837890625 4.0087890625 4.8740234375 4.0302734375 4.8525390625 4.0419921875 4.8623046875
10 4.0498046875 4.853515625 4.0400390625 4.8447265625 4.0595703125 4.8251953125 4.0673828125 4.833984375
10 4.123046875 4.7783203125 4.1123046875 4.76953125 4.1318359375 4.7470703125 4.1416015625 4.755859375
10 4.1611328125 4.3779296875 4.1591796875 4.390625 4.1396484375 4.37109375 4.146484375 4.3603515625
10 4.1240234375 4.3388671875 4.1142578125 4.3486328125 4.0927734375 4.3271484375 4.103515625 4.3173828125
10 3.93359375 4.2509765625 3.9267578125 4.2607421875 3.904296875 4.240234375 3.9130859375 4.23046875
10 3.91015625 4.22265625 3.900390625 4.2333984375 3.8740234375 4.2099609375 3.8828125 4.197265625
12 0.5 0.5908203125 1.1982421875 0.5908203125 1.1982421875 1.3076171875 0.5 1.3076171875
