10 5.0576171875 2.9072265625 5.0439453125 2.90234375 5.052734375 2.873046875 5.0634765625 2.8759765625
10 5.0791015625 2.9345703125 5.0927734375 2.9384765625 5.0869140625 2.970703125 5.072265625 2.96875
4 3.3154296875 2.341796875 3.400390625 2.341796875 3.400390625 2.53515625 3.3154296875 2.53515625
4 3.4599609375 2.3447265625 3.552734375 2.3447265625 3.552734375 2.53515625 3.4599609375 2.53515625
4 3.60546875 2.3505859375 3.693359375 2.3505859375 3.693359375 2.5390625 3.60546875 2.5390625
4 3.744140625 2.3515625 3.8388671875 2.3515625 3.8388671875 2.5458984375 3.744140625 2.5458984375
4 3.8876953125 2.3583984375 3.9765625 2.3583984375 3.9765625 2.544921875 3.8876953125 2.544921875
4 2.7998046875 2.7001953125 2.8876953125 2.7001953125 2.8876953125 2.888671875 2.7998046875 2.888671875
4 2.94140625 2.7041015625 3.03125 2.7041015625 3.03125 2.8955078125 2.94140625 2.8955078125
4 3.1171875 2.666015625 3.2109375 2.666015625 3.2109375 2.8564453125 3.1171875 2.8564453125
4 3.259765625 2.66796875 3.3505859375 2.66796875 3.3505859375 2.8662109375 3.259765625 2.8662109375
4 3.4384765625 2.6748046875 3.5205078125 2.6748046875 3.5205078125 2.859375 3.4384765625 2.859375
4 3.580078125 2.6767578125 3.6669921875 2.6767578125 3.6669921875 2.8662109375 3.580078125 2.8662109375
4 3.09765625 2.9951171875 3.189453125 2.9951171875 3.189453125 3.185546875 3.09765625 3.185546875
4 3.2412109375 2.994140625 3.3271484375 2.994140625 3.3271484375 3.185546875 3.2412109375 3.185546875
4 3.3779296875 2.998046875 3.46875 2.998046875 3.46875 3.19140625 3.3779296875 3.19140625
4 3.5556640625 2.998046875 3.6435546875 2.998046875 3.6435546875 3.1923828125 3.5556640625 3.1923828125
4 3.171875 2.3408203125 3.259765625 2.3408203125 3.259765625 2.53125 3.171875 2.53125
4 3.0302734375 2.337890625 3.1201171875 2.337890625 3.1201171875 2.5263671875 3.0302734375 2.5263671875
4 2.8916015625 2.3330078125 2.978515625 2.3330078125 2.978515625 2.52734375 2.8916015625 2.52734375
14 2.5078125 1.4296875 2.8857421875 1.3349609375 3.0361328125 1.73046875 2.6396484375 1.8525390625
14 0.990234375 4.322265625 1.0546875 4.3056640625 1.0625 4.3330078125 1.0048828125 4.353515625
14 1.4931640625 3.9736328125 1.5341796875 3.958984375 1.552734375 4.029296875 1.509765625 4.044921875
14 1.1220703125 4.052734375 1.166015625 4.0400390625 1.1865234375 4.1083984375 1.1357421875 4.12109375
14 1.244140625 4.46875 1.31640625 4.4501953125 1.326171875 4.4892578125 1.251953125 4.5126953125
14 0.1201171875 4.666015625 0.1904296875 4.701171875 0.17578125 4.7412109375 0.1025390625 4.7255859375
14 1.517578125 3.587890625 1.5810546875 3.5654296875 1.60546875 3.65625 1.537109375 3.671875
14 2.2138671875 3.8818359375 2.283203125 3.810546875 2.310546875 3.8515625 2.240234375 3.91796875
14 4.40625 4.22265625 4.4404296875 4.2568359375 4.376953125 4.3212890625 4.3447265625 4.2919921875
14 2.556640625 4.23828125 2.62890625 4.296875 2.5986328125 4.3369140625 2.525390625 4.2744140625
14 4.3369140625 2.5634765625 4.4921875 2.5546875 4.505859375 2.7412109375 4.34765625 2.7451171875
14 4.58984375 1.384765625 4.6455078125 1.3876953125 4.6337890625 1.478515625 4.5791015625 1.4736328125
14 4.98046875 1.9814453125 5.03125 1.986328125 5.021484375 2.0810546875 4.9697265625 2.0771484375
14 4.7548828125 2.501953125 4.8505859375 2.52734375 4.80078125 2.7177734375 4.7041015625 2.69140625
14 4.90625 2.5419921875 5.005859375 2.5634765625 4.953125 2.7587890625 4.853515625 2.732421875
4 3.75390625 2.794921875 3.841796875 2.794921875 3.841796875 2.984375 3.75390625 2.984375
4 3.896484375 2.796875 3.9833984375 2.796875 3.9833984375 2.9873046875 3.896484375 2.9873046875
4 3.72265625 3.0751953125 3.810546875 3.0751953125 3.810546875 3.2705078125 3.72265625 3.2705078125
10 1.3984375 4.18359375 1.4111328125 4.181640625 1.416015625 4.2138671875 1.40234375 4.2158203125
4 4.01171875 2.64453125 4.0888671875 2.650390625 4.08203125 2.8017578125 4.005859375 2.798828125
9 0.12890625 3.6025390625 0.1171875 3.6162109375 0.0703125 3.576171875 0.0849609375 3.560546875
10 1.39453125 0.6142578125 1.41015625 0.6103515625 1.4189453125 0.6455078125 1.404296875 0.650390625
10 1.5771484375 0.3837890625 1.5712890625 0.369140625 1.599609375 0.3515625 1.6083984375 0.365234375
10 1.724609375 0.69921875 1.73828125 0.6923828125 1.7568359375 0.7236328125 1.7431640625 0.7333984375
10 1.77734375 0.8701171875 1.7861328125 0.8828125 1.7587890625 0.896484375 1.75 0.8837890625
10 1.3662109375 4.1748046875 1.3779296875 4.16796875 1.3935546875 4.197265625 1.380859375 4.2060546875
5 4.7998046875 3.388671875 4.8857421875 3.4130859375 4.84375 3.5625 4.7568359375 3.5341796875
10 2.5927734375 4.068359375 2.5888671875 4.05078125 2.623046875 4.046875 2.6259765625 4.0654296875
10 3.4384765625 2.11328125 3.4189453125 2.1181640625 3.41796875 2.0830078125 3.4345703125 2.080078125
10 3.3994140625 2.1142578125 3.3828125 2.1123046875 3.3798828125 2.0830078125 3.3935546875 2.08203125
10 3.7177734375 4.322265625 3.703125 4.322265625 3.7060546875 4.287109375 3.7197265625 4.287109375
10 3.705078125 1.94921875 3.7197265625 1.9521484375 3.708984375 1.9853515625 3.697265625 1.982421875
10 3.7275390625 2.0791015625 3.7275390625 2.0908203125 3.693359375 2.0888671875 3.6943359375 2.07421875
4 4.021484375 2.490234375 4.0927734375 2.4970703125 4.083984375 2.640625 4.0126953125 2.6396484375
13 2.548828125 3.076171875 2.958984375 3.4462890625 2.7607421875 3.677734375 2.3427734375 3.3203125
4 2.3720703125 2.1787109375 2.4453125 2.19140625 2.4228515625 2.3388671875 2.34375 2.326171875
4 1.873046875 2.3125 1.9375 2.2646484375 2.0185546875 2.3896484375 1.962890625 2.439453125
4 2.447265625 2.1943359375 2.5234375 2.2021484375 2.498046875 2.3427734375 2.4267578125 2.33203125
4 2.5556640625 2.205078125 2.63671875 2.2099609375 2.6123046875 2.359375 2.5390625 2.3505859375
4 2.34375 2.3681640625 2.4169921875 2.376953125 2.392578125 2.5166015625 2.3203125 2.5078125
4 2.421875 2.373046875 2.494140625 2.38671875 2.4765625 2.5224609375 2.400390625 2.51171875
4 2.5361328125 2.380859375 2.6083984375 2.390625 2.58984375 2.537109375 2.5087890625 2.5244140625
4 1.8017578125 2.359375 1.8662109375 2.3115234375 1.9580078125 2.4384765625 1.88671875 2.4921875
4 1.9521484375 2.2509765625 2.0126953125 2.205078125 2.107421875 2.3310546875 2.037109375 2.380859375
13 3.2919921875 3.76171875 3.599609375 3.7919921875 3.5859375 3.9453125 3.2763671875 3.91015625
4 2.0615234375 2.171875 2.125 2.1279296875 2.2099609375 2.25390625 2.1533203125 2.2939453125
4 2.2109375 2.8671875 2.271484375 2.8349609375 2.34375 2.9560546875 2.2744140625 2.9931640625
4 2.279296875 2.828125 2.3408203125 2.7900390625 2.4130859375 2.912109375 2.3447265625 2.951171875
4 2.2861328125 3.0029296875 2.3486328125 2.96484375 2.4287109375 3.091796875 2.353515625 3.1298828125
4 2.3466796875 2.9599609375 2.4140625 2.92578125 2.5 3.060546875 2.4296875 3.09375
13 0.845703125 0.861328125 1.55078125 0.91015625 1.515625 1.337890625 0.810546875 1.28515625
14 0.2158203125 4.1201171875 0.287109375 4.1201171875 0.287109375 4.193359375 0.2158203125 4.193359375
