9 1.7705078125 1.0 1.7431640625 0.9697265625 1.84375 0.8779296875 1.8662109375 0.9052734375
9 1.5791015625 2.37109375 1.5595703125 2.376953125 1.5185546875 2.255859375 1.5390625 2.248046875
9 1.1875 0.5771484375 1.208984375 0.572265625 1.240234375 0.7080078125 1.2255859375 0.7138671875
10 1.91015625 1.5234375 1.92578125 1.5263671875 1.9228515625 1.5625 1.90625 1.560546875
10 1.943359375 0.830078125 1.9326171875 0.8212890625 1.9501953125 0.7919921875 1.962890625 0.7998046875
10 1.875 0.896484375 1.865234375 0.884765625 1.8935546875 0.859375 1.9033203125 0.873046875
10 1.080078125 0.5869140625 1.0634765625 0.591796875 1.0537109375 0.5556640625 1.0693359375 0.5517578125
10 1.2880859375 1.0283203125 1.3037109375 1.0234375 1.3173828125 1.064453125 1.298828125 1.0703125
10 1.4208984375 1.490234375 1.4365234375 1.4853515625 1.447265625 1.5234375 1.431640625 1.5283203125
10 1.5966796875 2.0224609375 1.611328125 2.01953125 1.6201171875 2.0517578125 1.6044921875 2.056640625
10 1.54296875 2.1318359375 1.529296875 2.1357421875 1.5185546875 2.1005859375 1.533203125 2.095703125
10 0.439453125 1.2041015625 0.423828125 1.2109375 0.4111328125 1.1748046875 0.4267578125 1.169921875
10 0.3994140625 1.0703125 0.380859375 1.0712890625 0.3798828125 1.03125 0.3974609375 1.0302734375
12 1.6708984375 0.771484375 2.2138671875 0.771484375 2.2138671875 1.30859375 1.6708984375 1.30859375
12 0.4130859375 1.150390625 0.982421875 1.150390625 0.982421875 1.6640625 0.4130859375 1.6640625
