14 4.5322265625 2.0263671875 4.609375 1.96484375 4.6328125 1.9951171875 4.5595703125 2.0595703125
14 0.5380859375 3.734375 0.6044921875 3.716796875 0.630859375 3.8076171875 0.55859375 3.8232421875
14 2.0126953125 3.3203125 2.115234375 3.345703125 2.0908203125 3.419921875 1.9921875 3.3896484375
14 1.5498046875 2.896484375 1.6455078125 2.87109375 1.6611328125 2.9443359375 1.5703125 2.96875
14 1.9013671875 2.478515625 2.0283203125 2.44140625 2.05859375 2.51953125 1.9287109375 2.5693359375
14 1.9033203125 1.892578125 1.9423828125 1.923828125 1.8857421875 2.0068359375 1.8349609375 1.966796875
14 2.0185546875 1.587890625 2.0546875 1.6064453125 2.03515625 1.6474609375 1.998046875 1.626953125
14 1.6982421875 1.0595703125 1.744140625 1.0791015625 1.71484375 1.1611328125 1.6640625 1.146484375
14 1.66015625 0.763671875 1.751953125 0.7373046875 1.7607421875 0.779296875 1.669921875 0.80859375
14 1.3310546875 0.134765625 1.4052734375 0.1650390625 1.390625 0.2099609375 1.3056640625 0.1806640625
14 1.361328125 2.986328125 1.396484375 2.97265625 1.423828125 3.033203125 1.384765625 3.0478515625
14 1.28515625 2.8173828125 1.3232421875 2.8056640625 1.3427734375 2.880859375 1.310546875 2.8896484375
14 0.6435546875 3.6181640625 0.72265625 3.5947265625 0.728515625 3.638671875 0.650390625 3.6552734375
14 0.0810546875 4.1240234375 0.1630859375 4.09765625 0.1767578125 4.1357421875 0.095703125 4.1640625
14 0.0244140625 3.904296875 0.080078125 3.9609375 0.048828125 3.98828125 0.0107421875 3.9423828125
14 0.0224609375 3.650390625 0.1181640625 3.6328125 0.1220703125 3.7119140625 0.0205078125 3.7138671875
14 3.322265625 3.7470703125 3.3779296875 3.7158203125 3.3935546875 3.7470703125 3.3349609375 3.7724609375
14 0.3759765625 3.5009765625 0.4521484375 3.4873046875 0.462890625 3.544921875 0.3779296875 3.5537109375
14 0.5859375 3.125 0.6630859375 3.1630859375 0.64453125 3.1982421875 0.564453125 3.1640625
14 0.9541015625 2.1455078125 1.0244140625 2.1474609375 1.021484375 2.30078125 0.9384765625 2.2890625
14 0.171875 2.4462890625 0.271484375 2.4560546875 0.265625 2.509765625 0.1611328125 2.5029296875
14 0.302734375 2.130859375 0.4091796875 2.0986328125 0.4306640625 2.154296875 0.322265625 2.1826171875
14 0.6015625 1.9990234375 0.6591796875 1.9931640625 0.677734375 2.0927734375 0.6162109375 2.1142578125
14 1.033203125 1.71875 1.09375 1.701171875 1.115234375 1.787109375 1.052734375 1.8056640625
14 0.8759765625 1.279296875 0.927734375 1.2841796875 0.9208984375 1.373046875 0.8681640625 1.3662109375
14 0.51953125 1.2705078125 0.60546875 1.24609375 0.6220703125 1.2978515625 0.5283203125 1.32421875
14 0.1220703125 1.296875 0.1806640625 1.26171875 0.224609375 1.33203125 0.1181640625 1.396484375
14 0.546875 0.8671875 0.6064453125 0.841796875 0.6591796875 0.955078125 0.595703125 0.9794921875
14 0.6416015625 0.6953125 0.728515625 0.712890625 0.7099609375 0.779296875 0.6201171875 0.755859375
14 0.2001953125 0.224609375 0.2890625 0.248046875 0.2744140625 0.30859375 0.1826171875 0.2734375
14 2.3984375 3.9462890625 2.4814453125 3.94921875 2.4775390625 3.9990234375 2.39453125 3.9951171875
14 2.9248046875 3.34765625 3.03125 3.326171875 3.0498046875 3.37890625 2.947265625 3.404296875
14 4.4189453125 2.291015625 4.5224609375 2.3193359375 4.5107421875 2.3681640625 4.412109375 2.341796875
14 3.615234375 1.2373046875 3.708984375 1.2158203125 3.7158203125 1.2568359375 3.623046875 1.2734375
14 4.4169921875 2.5947265625 4.48046875 2.607421875 4.45703125 2.693359375 4.3994140625 2.6806640625
14 4.06640625 3.6513671875 4.16015625 3.6328125 4.1669921875 3.6796875 4.07421875 3.708984375
14 3.7412109375 3.595703125 3.828125 3.5732421875 3.8486328125 3.6357421875 3.76171875 3.6611328125
14 4.154296875 3.2685546875 4.2080078125 3.2529296875 4.2373046875 3.3759765625 4.1767578125 3.3837890625
14 3.654296875 3.0810546875 3.7275390625 3.083984375 3.7294921875 3.1142578125 3.650390625 3.119140625
14 3.85546875 2.8994140625 3.9521484375 2.8701171875 3.970703125 2.9287109375 3.8720703125 2.953125
14 3.9482421875 2.6728515625 3.9990234375 2.6806640625 3.9755859375 2.7744140625 3.9208984375 2.751953125
14 3.7744140625 2.3017578125 3.861328125 2.28515625 3.8701171875 2.3359375 3.7744140625 2.3515625
14 3.599609375 2.1455078125 3.6923828125 2.12109375 3.705078125 2.169921875 3.609375 2.201171875
14 3.857421875 2.02734375 3.9462890625 2.02734375 3.9453125 2.087890625 3.8583984375 2.0888671875
14 4.0908203125 1.8515625 4.158203125 1.888671875 4.12890625 1.9443359375 4.0537109375 1.9033203125
14 4.0634765625 1.0615234375 4.1025390625 1.0595703125 4.107421875 1.134765625 4.072265625 1.1435546875
14 3.845703125 1.1552734375 3.9267578125 1.1201171875 3.9404296875 1.158203125 3.8544921875 1.19140625
14 3.5361328125 0.595703125 3.6357421875 0.6357421875 3.615234375 0.6865234375 3.513671875 0.6416015625
14 2.46484375 3.26171875 2.5341796875 3.2646484375 2.53125 3.3740234375 2.447265625 3.37109375
14 2.5771484375 0.4609375 2.669921875 0.45703125 2.6708984375 0.501953125 2.58203125 0.515625
14 2.287109375 0.64453125 2.369140625 0.630859375 2.37890625 0.697265625 2.287109375 0.712890625
14 2.609375 0.9716796875 2.724609375 0.939453125 2.7451171875 1.009765625 2.6337890625 1.0546875
14 2.505859375 1.7724609375 2.587890625 1.7744140625 2.587890625 1.876953125 2.4990234375 1.875
14 2.857421875 1.970703125 2.9521484375 1.974609375 2.9404296875 2.05078125 2.857421875 2.0478515625
14 3.099609375 2.0615234375 3.20703125 2.041015625 3.21875 2.0986328125 3.11328125 2.1298828125
14 2.62109375 2.0517578125 2.701171875 2.0712890625 2.69140625 2.11328125 2.6083984375 2.08984375
14 3.04296875 2.2177734375 3.1220703125 2.1982421875 3.1337890625 2.24609375 3.052734375 2.265625
14 2.306640625 2.3720703125 2.3818359375 2.328125 2.412109375 2.376953125 2.3447265625 2.421875
14 2.73828125 2.5048828125 2.81640625 2.4287109375 2.85546875 2.46484375 2.771484375 2.5439453125
14 3.208984375 2.8994140625 3.2685546875 2.859375 3.3056640625 2.9111328125 3.2392578125 2.953125
14 2.353515625 2.962890625 2.4208984375 2.9599609375 2.412109375 3.0517578125 2.3447265625 3.0458984375
14 2.482421875 3.0908203125 2.537109375 3.0771484375 2.568359375 3.1806640625 2.5107421875 3.1953125
14 0.6787109375 0.09375 0.77734375 0.1083984375 0.76953125 0.1611328125 0.6640625 0.1435546875
