10 1.080078125 0.7109375 1.08203125 0.72265625 1.056640625 0.7255859375 1.0556640625 0.712890625
10 0.5693359375 0.4716796875 0.5634765625 0.455078125 0.609375 0.44140625 0.6142578125 0.45703125
10 0.3759765625 0.8388671875 0.3671875 0.8466796875 0.3447265625 0.8232421875 0.3515625 0.8134765625
10 0.068359375 0.7939453125 0.060546875 0.7978515625 0.046875 0.76953125 0.0576171875 0.763671875
10 0.0498046875 0.7919921875 0.037109375 0.7958984375 0.025390625 0.7734375 0.037109375 0.763671875
10 0.2724609375 0.7470703125 0.2666015625 0.7578125 0.236328125 0.7431640625 0.23828125 0.732421875
10 0.376953125 0.640625 0.3642578125 0.640625 0.3701171875 0.60546875 0.380859375 0.6103515625
10 0.751953125 0.46484375 0.7607421875 0.451171875 0.7861328125 0.4755859375 0.7763671875 0.4833984375
10 0.7724609375 0.412109375 0.7587890625 0.3974609375 0.7919921875 0.376953125 0.80078125 0.39453125
10 0.1025390625 0.572265625 0.099609375 0.5595703125 0.1279296875 0.5556640625 0.130859375 0.568359375
10 0.4794921875 0.9150390625 0.46875 0.923828125 0.4423828125 0.900390625 0.4521484375 0.8876953125
10 0.2705078125 0.4541015625 0.25390625 0.447265625 0.2666015625 0.423828125 0.27734375 0.4296875
10 0.28515625 0.4208984375 0.271484375 0.41796875 0.28125 0.390625 0.294921875 0.39453125
10 0.30078125 0.3896484375 0.287109375 0.3837890625 0.298828125 0.3583984375 0.3115234375 0.3642578125
10 0.2470703125 0.3583984375 0.236328125 0.3525390625 0.244140625 0.33203125 0.2578125 0.3349609375
10 0.314453125 0.353515625 0.30078125 0.349609375 0.3115234375 0.322265625 0.3271484375 0.3251953125
10 0.333984375 0.1884765625 0.3212890625 0.1904296875 0.3251953125 0.158203125 0.3369140625 0.15625
10 0.0712890625 0.2197265625 0.08203125 0.2255859375 0.076171875 0.2529296875 0.060546875 0.2509765625
10 0.4052734375 0.8154296875 0.392578125 0.8251953125 0.373046875 0.8017578125 0.380859375 0.7900390625
10 0.72265625 0.8876953125 0.7314453125 0.9013671875 0.7080078125 0.9189453125 0.69921875 0.904296875
10 0.873046875 0.7861328125 0.8828125 0.794921875 0.8623046875 0.8193359375 0.8525390625 0.810546875
10 1.052734375 0.1142578125 1.0537109375 0.1220703125 1.0263671875 0.1259765625 1.0244140625 0.115234375
10 0.8671875 0.6865234375 0.8798828125 0.685546875 0.8798828125 0.7138671875 0.8662109375 0.7138671875
10 0.8095703125 0.591796875 0.822265625 0.5888671875 0.8291015625 0.6142578125 0.818359375 0.62109375
10 0.921875 0.6591796875 0.9248046875 0.646484375 0.953125 0.6552734375 0.94921875 0.66796875
10 0.958984375 0.6455078125 0.9599609375 0.6298828125 0.9921875 0.6376953125 0.9892578125 0.65234375
10 0.8955078125 0.6162109375 0.900390625 0.6005859375 0.9267578125 0.6123046875 0.923828125 0.6259765625
10 1.037109375 0.150390625 1.0400390625 0.1611328125 1.013671875 0.16796875 1.0107421875 0.1533203125
10 1.044921875 0.1337890625 1.0458984375 0.1455078125 1.0244140625 0.150390625 1.01953125 0.1376953125
10 1.0615234375 0.0947265625 1.064453125 0.1064453125 1.037109375 0.107421875 1.03515625 0.0966796875
10 0.611328125 0.9775390625 0.6220703125 0.994140625 0.595703125 1.0087890625 0.5859375 0.9951171875
10 1.072265625 0.0732421875 1.0771484375 0.0849609375 1.0400390625 0.087890625 1.0380859375 0.076171875
10 1.0751953125 0.0546875 1.078125 0.0654296875 1.0546875 0.0712890625 1.0537109375 0.05859375
10 0.890625 0.119140625 0.8896484375 0.1318359375 0.8671875 0.130859375 0.86328125 0.1201171875
10 0.8955078125 0.0986328125 0.896484375 0.11328125 0.8662109375 0.1123046875 0.8642578125 0.0966796875
10 0.900390625 0.0771484375 0.9033203125 0.0908203125 0.8798828125 0.095703125 0.8759765625 0.0859375
10 0.9072265625 0.0595703125 0.9091796875 0.072265625 0.8857421875 0.0712890625 0.8828125 0.0576171875
10 0.5537109375 1.1630859375 0.5673828125 1.166015625 0.55859375 1.19140625 0.5458984375 1.189453125
12 0.314453125 0.34375 0.9150390625 0.34375 0.9150390625 1.005859375 0.314453125 1.005859375
