10 0.65234375 1.091796875 0.6396484375 1.091796875 0.642578125 1.064453125 0.6552734375 1.0625
9 0.7607421875 0.5087890625 0.77734375 0.5087890625 0.77734375 0.5537109375 0.76171875 0.5546875
10 0.8330078125 0.2109375 0.8447265625 0.2158203125 0.8330078125 0.248046875 0.8193359375 0.244140625
10 0.818359375 0.251953125 0.830078125 0.2568359375 0.8193359375 0.283203125 0.806640625 0.2802734375
10 0.787109375 0.341796875 0.8056640625 0.3466796875 0.794921875 0.396484375 0.7763671875 0.392578125
10 0.7734375 0.4130859375 0.7841796875 0.4130859375 0.78125 0.439453125 0.7685546875 0.435546875
10 0.6328125 0.3876953125 0.62109375 0.3828125 0.630859375 0.3642578125 0.6416015625 0.369140625
9 0.759765625 0.568359375 0.7763671875 0.5673828125 0.7802734375 0.611328125 0.763671875 0.611328125
10 0.7646484375 0.6201171875 0.77734375 0.619140625 0.77734375 0.6474609375 0.7646484375 0.646484375
9 0.865234375 0.6328125 0.8701171875 0.646484375 0.8232421875 0.6630859375 0.81640625 0.6474609375
9 0.810546875 0.474609375 0.828125 0.4755859375 0.8291015625 0.5263671875 0.8115234375 0.5283203125
10 0.767578125 0.451171875 0.779296875 0.453125 0.77734375 0.482421875 0.7626953125 0.48046875
10 0.6875 0.32421875 0.6748046875 0.3203125 0.6865234375 0.291015625 0.69921875 0.2958984375
10 0.767578125 0.6708984375 0.7802734375 0.671875 0.779296875 0.703125 0.767578125 0.703125
10 0.765625 0.7080078125 0.779296875 0.70703125 0.7783203125 0.7392578125 0.7685546875 0.7392578125
10 0.76953125 0.75 0.783203125 0.748046875 0.7861328125 0.7783203125 0.7744140625 0.7802734375
10 0.8232421875 0.7724609375 0.8388671875 0.771484375 0.8388671875 0.8046875 0.8291015625 0.8046875
10 0.81640625 0.7021484375 0.8291015625 0.69921875 0.83203125 0.734375 0.8212890625 0.7333984375
10 0.7529296875 1.1298828125 0.763671875 1.1162109375 0.7900390625 1.13671875 0.78125 1.1484375
10 0.6943359375 1.09765625 0.6943359375 1.0849609375 0.7236328125 1.0869140625 0.724609375 1.0986328125
10 0.69140625 1.08203125 0.69140625 1.068359375 0.71875 1.0673828125 0.7197265625 1.080078125
10 0.689453125 1.0634765625 0.689453125 1.0498046875 0.720703125 1.0498046875 0.7216796875 1.064453125
10 0.8359375 0.0986328125 0.849609375 0.103515625 0.833984375 0.140625 0.8203125 0.1357421875
10 0.6787109375 0.23046875 0.66796875 0.2275390625 0.6767578125 0.20703125 0.6865234375 0.212890625
10 0.685546875 1.03125 0.6787109375 1.01953125 0.7080078125 1.009765625 0.7138671875 1.021484375
10 0.314453125 0.6826171875 0.298828125 0.681640625 0.3017578125 0.6435546875 0.3173828125 0.6455078125
10 0.041015625 0.37109375 0.0517578125 0.3701171875 0.0556640625 0.3955078125 0.044921875 0.3974609375
10 0.05859375 0.3759765625 0.0712890625 0.3759765625 0.0732421875 0.40625 0.0625 0.4052734375
10 0.076171875 0.3857421875 0.0869140625 0.384765625 0.091796875 0.4150390625 0.0791015625 0.4150390625
10 0.0966796875 0.3955078125 0.1083984375 0.39453125 0.111328125 0.4228515625 0.099609375 0.42578125
10 0.119140625 0.40234375 0.130859375 0.40234375 0.1328125 0.43359375 0.12109375 0.43359375
10 0.1572265625 0.4189453125 0.169921875 0.419921875 0.169921875 0.451171875 0.1572265625 0.4501953125
10 0.08203125 0.5771484375 0.0712890625 0.578125 0.0654296875 0.55078125 0.076171875 0.548828125
10 0.1005859375 0.5859375 0.0888671875 0.587890625 0.0849609375 0.55859375 0.095703125 0.5576171875
10 0.12109375 0.591796875 0.109375 0.59375 0.103515625 0.56640625 0.1171875 0.564453125
10 0.0634765625 0.5673828125 0.05078125 0.568359375 0.0458984375 0.541015625 0.056640625 0.5380859375
10 0.6943359375 0.1923828125 0.6826171875 0.189453125 0.6923828125 0.1669921875 0.7021484375 0.169921875
10 0.04296875 0.5595703125 0.03125 0.5625 0.02734375 0.537109375 0.0400390625 0.5341796875
10 0.275390625 0.9892578125 0.2607421875 0.9853515625 0.2783203125 0.94921875 0.2919921875 0.955078125
10 0.236328125 0.966796875 0.2255859375 0.9609375 0.234375 0.9482421875 0.244140625 0.9521484375
10 0.208984375 1.005859375 0.1962890625 1.0 0.208984375 0.9765625 0.2216796875 0.9833984375
10 0.18359375 1.046875 0.1748046875 1.041015625 0.1884765625 1.021484375 0.1982421875 1.0283203125
10 0.130859375 1.12890625 0.1171875 1.126953125 0.1328125 1.1015625 0.142578125 1.107421875
10 0.7421875 0.07421875 0.73046875 0.0703125 0.744140625 0.0419921875 0.7548828125 0.048828125
10 0.7275390625 0.1103515625 0.71484375 0.1064453125 0.7255859375 0.078125 0.7392578125 0.083984375
10 0.7080078125 0.1484375 0.697265625 0.146484375 0.708984375 0.1201171875 0.720703125 0.1259765625
10 0.685546875 1.046875 0.6845703125 1.03125 0.716796875 1.0283203125 0.7197265625 1.0419921875
10 0.681640625 1.0146484375 0.673828125 1.0029296875 0.7001953125 0.98828125 0.7080078125 1.0
10 0.6572265625 1.05859375 0.6435546875 1.05859375 0.642578125 1.029296875 0.6572265625 1.029296875
10 0.53515625 1.041015625 0.55078125 1.04296875 0.548828125 1.076171875 0.5341796875 1.07421875
10 0.505859375 1.1201171875 0.5205078125 1.1220703125 0.513671875 1.14453125 0.5 1.142578125
10 0.5244140625 1.126953125 0.5380859375 1.1279296875 0.5341796875 1.146484375 0.517578125 1.146484375
10 0.4853515625 1.001953125 0.501953125 1.001953125 0.498046875 1.033203125 0.484375 1.033203125
10 0.494140625 1.068359375 0.4814453125 1.0693359375 0.482421875 1.03515625 0.49609375 1.0361328125
10 0.5048828125 1.001953125 0.5185546875 1.001953125 0.515625 1.0361328125 0.5029296875 1.03515625
10 0.513671875 1.0693359375 0.4990234375 1.0673828125 0.5009765625 1.037109375 0.515625 1.0390625
10 0.5322265625 1.033203125 0.5205078125 1.03515625 0.5224609375 1.0048828125 0.5341796875 1.005859375
10 0.5302734375 1.072265625 0.517578125 1.0703125 0.5205078125 1.0419921875 0.53515625 1.0439453125
10 0.5380859375 1.0048828125 0.5517578125 1.0068359375 0.548828125 1.037109375 0.5361328125 1.0361328125
10 0.5576171875 1.0068359375 0.5693359375 1.009765625 0.5673828125 1.0390625 0.5537109375 1.037109375
10 0.470703125 1.1123046875 0.4814453125 1.1181640625 0.4736328125 1.1435546875 0.4619140625 1.142578125
10 0.5556640625 1.0478515625 0.5673828125 1.048828125 0.5654296875 1.078125 0.552734375 1.078125
10 0.57421875 1.0078125 0.5869140625 1.0078125 0.587890625 1.041015625 0.572265625 1.0400390625
10 0.572265625 1.046875 0.5869140625 1.0498046875 0.5849609375 1.078125 0.5693359375 1.076171875
10 0.5927734375 1.0087890625 0.6044921875 1.009765625 0.60546875 1.0419921875 0.591796875 1.041015625
10 0.6025390625 1.083984375 0.5888671875 1.080078125 0.58984375 1.0537109375 0.6005859375 1.0546875
10 0.60546875 1.0546875 0.6220703125 1.056640625 0.6220703125 1.0908203125 0.60546875 1.0908203125
10 0.6376953125 1.095703125 0.6240234375 1.0947265625 0.6259765625 1.0625 0.6396484375 1.0625
10 0.6201171875 1.0458984375 0.6083984375 1.044921875 0.609375 1.0166015625 0.623046875 1.015625
10 0.6259765625 1.0166015625 0.6416015625 1.015625 0.638671875 1.05078125 0.6240234375 1.048828125
10 0.4873046875 1.1162109375 0.501953125 1.119140625 0.494140625 1.142578125 0.482421875 1.1416015625
10 0.455078125 1.1083984375 0.4677734375 1.1142578125 0.4560546875 1.1396484375 0.4423828125 1.1328125
10 0.69921875 0.9677734375 0.705078125 0.9814453125 0.6806640625 0.9951171875 0.6708984375 0.984375
10 0.5107421875 0.953125 0.49609375 0.9580078125 0.486328125 0.9267578125 0.5009765625 0.921875
10 0.677734375 0.9482421875 0.6875 0.9609375 0.6650390625 0.9794921875 0.6533203125 0.9697265625
10 0.65625 0.9365234375 0.6669921875 0.9443359375 0.654296875 0.9638671875 0.642578125 0.9580078125
10 0.626953125 0.9248046875 0.6416015625 0.92578125 0.6357421875 0.958984375 0.6201171875 0.958984375
10 0.60546875 0.91796875 0.619140625 0.919921875 0.6162109375 0.9482421875 0.6044921875 0.9501953125
10 0.5849609375 0.91796875 0.6005859375 0.916015625 0.6005859375 0.9482421875 0.583984375 0.9482421875
10 0.5654296875 0.9189453125 0.580078125 0.91796875 0.5810546875 0.9482421875 0.568359375 0.94921875
10 0.5654296875 0.9521484375 0.5517578125 0.953125 0.5498046875 0.9228515625 0.5625 0.9228515625
10 0.548828125 0.953125 0.533203125 0.955078125 0.53125 0.921875 0.544921875 0.9208984375
10 0.53125 0.953125 0.5166015625 0.95703125 0.5068359375 0.92578125 0.521484375 0.919921875
10 0.462890625 0.947265625 0.474609375 0.9365234375 0.4951171875 0.9619140625 0.4853515625 0.96875
10 0.44140625 1.0986328125 0.453125 1.103515625 0.44140625 1.1279296875 0.4287109375 1.1259765625
10 0.4443359375 0.9609375 0.453125 0.9501953125 0.4765625 0.9716796875 0.466796875 0.98046875
10 0.43359375 0.9794921875 0.4404296875 0.9658203125 0.462890625 0.986328125 0.4560546875 0.9970703125
10 0.4501953125 1.0009765625 0.443359375 1.009765625 0.4150390625 0.9951171875 0.4228515625 0.9833984375
10 0.4072265625 1.0126953125 0.41015625 1.0029296875 0.435546875 1.0107421875 0.4326171875 1.0224609375
10 0.4404296875 1.03515625 0.435546875 1.044921875 0.412109375 1.033203125 0.416015625 1.021484375
10 0.404296875 1.0390625 0.4267578125 1.044921875 0.4228515625 1.0556640625 0.4013671875 1.048828125
10 0.419921875 1.060546875 0.41796875 1.0732421875 0.388671875 1.072265625 0.388671875 1.060546875
10 0.4150390625 1.0791015625 0.4169921875 1.0888671875 0.39453125 1.09765625 0.388671875 1.0859375
10 0.4248046875 1.091796875 0.4365234375 1.095703125 0.4228515625 1.1220703125 0.412109375 1.119140625
12 0.26171875 0.4130859375 0.740234375 0.4130859375 0.740234375 0.919921875 0.26171875 0.919921875
