10 0.1884765625 0.376953125 0.197265625 0.3720703125 0.2041015625 0.3994140625 0.1923828125 0.404296875
10 0.58203125 0.9130859375 0.578125 0.9248046875 0.546875 0.9130859375 0.55078125 0.8994140625
10 0.115234375 0.52734375 0.1015625 0.53125 0.0986328125 0.498046875 0.111328125 0.4951171875
10 0.072265625 0.505859375 0.0595703125 0.5087890625 0.0537109375 0.48046875 0.0654296875 0.4755859375
10 0.134765625 0.5302734375 0.1240234375 0.5322265625 0.119140625 0.505859375 0.12890625 0.501953125
10 0.1611328125 0.5419921875 0.1484375 0.5419921875 0.1455078125 0.517578125 0.16015625 0.5146484375
10 0.1796875 0.544921875 0.1669921875 0.546875 0.1669921875 0.5234375 0.1787109375 0.521484375
10 0.2470703125 1.1103515625 0.2373046875 1.107421875 0.251953125 1.083984375 0.259765625 1.0888671875
10 0.2841796875 1.044921875 0.275390625 1.0390625 0.287109375 1.01171875 0.298828125 1.0205078125
10 0.3046875 1.005859375 0.29296875 1.001953125 0.3076171875 0.9736328125 0.3212890625 0.9794921875
10 0.337890625 0.9541015625 0.3251953125 0.943359375 0.3359375 0.923828125 0.3466796875 0.9287109375
10 0.630859375 0.8642578125 0.6240234375 0.8740234375 0.599609375 0.8564453125 0.6044921875 0.8447265625
10 0.5908203125 0.9189453125 0.599609375 0.9248046875 0.5859375 0.951171875 0.576171875 0.9453125
10 0.642578125 0.853515625 0.6416015625 0.8388671875 0.66796875 0.833984375 0.6728515625 0.849609375
10 0.169921875 0.3662109375 0.1806640625 0.365234375 0.18359375 0.39453125 0.1708984375 0.3974609375
10 0.7119140625 0.8251953125 0.7138671875 0.8427734375 0.685546875 0.84765625 0.6796875 0.8349609375
10 0.708984375 0.896484375 0.7109375 0.908203125 0.6787109375 0.9091796875 0.6787109375 0.8994140625
10 0.67578125 0.7265625 0.666015625 0.7177734375 0.6826171875 0.6953125 0.6953125 0.7041015625
10 0.6162109375 0.388671875 0.6103515625 0.376953125 0.6376953125 0.359375 0.642578125 0.3720703125
10 0.6396484375 0.345703125 0.6318359375 0.3388671875 0.65234375 0.3193359375 0.658203125 0.3271484375
10 0.67578125 0.2548828125 0.6640625 0.2490234375 0.6787109375 0.2216796875 0.6904296875 0.2294921875
10 0.70703125 0.189453125 0.6923828125 0.181640625 0.705078125 0.1591796875 0.716796875 0.1630859375
10 0.7431640625 0.10546875 0.728515625 0.103515625 0.7392578125 0.0732421875 0.751953125 0.0771484375
10 0.833984375 0.1611328125 0.8212890625 0.1572265625 0.83203125 0.1259765625 0.84375 0.1318359375
10 0.0908203125 0.3349609375 0.1025390625 0.333984375 0.1025390625 0.3583984375 0.0908203125 0.3603515625
10 0.14453125 0.3564453125 0.1572265625 0.3544921875 0.16015625 0.384765625 0.1484375 0.3876953125
12 0.306640625 0.33203125 0.763671875 0.33203125 0.763671875 0.833984375 0.306640625 0.833984375
