10 0.509765625 0.8798828125 0.4990234375 0.8837890625 0.4931640625 0.857421875 0.5048828125 0.85546875
10 0.58984375 0.87109375 0.6025390625 0.8681640625 0.607421875 0.8974609375 0.5927734375 0.900390625
10 0.5859375 0.75 0.5966796875 0.748046875 0.59765625 0.783203125 0.583984375 0.783203125
10 0.4921875 0.7373046875 0.4775390625 0.744140625 0.462890625 0.7158203125 0.4765625 0.7080078125
10 0.61328125 0.572265625 0.626953125 0.578125 0.611328125 0.609375 0.5966796875 0.603515625
10 0.705078125 0.4453125 0.7177734375 0.44921875 0.712890625 0.474609375 0.701171875 0.4716796875
10 0.7451171875 0.328125 0.7529296875 0.314453125 0.7822265625 0.3349609375 0.775390625 0.3486328125
10 0.5244140625 0.15234375 0.53515625 0.1455078125 0.5517578125 0.1689453125 0.5400390625 0.17578125
10 0.5029296875 0.05078125 0.5107421875 0.046875 0.5234375 0.0712890625 0.5107421875 0.078125
12 0.228515625 0.158203125 0.76171875 0.158203125 0.76171875 0.6552734375 0.228515625 0.6552734375
