8 0.78515625 0.6611328125 1.27734375 0.6630859375 1.27734375 0.728515625 0.7822265625 0.7236328125
10 1.341796875 1.6328125 1.3515625 1.626953125 1.359375 1.6455078125 1.3505859375 1.6494140625
10 1.32421875 1.5888671875 1.3310546875 1.5849609375 1.33984375 1.603515625 1.33203125 1.607421875
10 1.2158203125 1.73828125 1.2060546875 1.7421875 1.1982421875 1.724609375 1.2080078125 1.720703125
10 1.2353515625 1.7275390625 1.2255859375 1.732421875 1.216796875 1.71484375 1.2265625 1.708984375
10 1.2529296875 1.71875 1.2451171875 1.72265625 1.236328125 1.7041015625 1.2451171875 1.69921875
10 1.2373046875 1.6806640625 1.24609375 1.67578125 1.2548828125 1.6953125 1.24609375 1.69921875
10 1.2724609375 1.7099609375 1.263671875 1.7158203125 1.255859375 1.697265625 1.2646484375 1.69140625
10 1.2841796875 1.68359375 1.29296875 1.6787109375 1.30078125 1.697265625 1.2919921875 1.701171875
10 1.302734375 1.673828125 1.2939453125 1.6787109375 1.2841796875 1.6591796875 1.294921875 1.6533203125
10 1.3212890625 1.689453125 1.3134765625 1.693359375 1.3037109375 1.6748046875 1.3125 1.669921875
10 1.3037109375 1.650390625 1.3125 1.64453125 1.3212890625 1.6640625 1.3125 1.66796875
10 1.3134765625 1.6455078125 1.322265625 1.640625 1.330078125 1.6591796875 1.322265625 1.6630859375
10 1.322265625 1.6650390625 1.33203125 1.6611328125 1.33984375 1.677734375 1.3310546875 1.681640625
10 1.32421875 1.640625 1.33203125 1.63671875 1.33984375 1.654296875 1.33203125 1.6572265625
10 1.3330078125 1.6611328125 1.3408203125 1.65625 1.349609375 1.6748046875 1.3408203125 1.6787109375
10 1.2939453125 1.7294921875 1.3017578125 1.7255859375 1.310546875 1.7431640625 1.3017578125 1.7470703125
10 1.3427734375 1.6552734375 1.3505859375 1.65234375 1.3583984375 1.669921875 1.3505859375 1.6728515625
10 1.3525390625 1.6513671875 1.359375 1.6474609375 1.369140625 1.666015625 1.361328125 1.669921875
10 1.1787109375 1.83203125 1.169921875 1.8359375 1.1591796875 1.81640625 1.1689453125 1.8125
10 1.1953125 1.8203125 1.1865234375 1.82421875 1.1787109375 1.806640625 1.1865234375 1.8017578125
10 1.2041015625 1.8154296875 1.1962890625 1.818359375 1.1875 1.8017578125 1.197265625 1.796875
10 1.2080078125 1.7939453125 1.2158203125 1.7900390625 1.224609375 1.806640625 1.2158203125 1.810546875
10 1.244140625 1.7998046875 1.234375 1.8037109375 1.224609375 1.78515625 1.2353515625 1.7802734375
10 1.2431640625 1.7734375 1.234375 1.77734375 1.2255859375 1.759765625 1.2353515625 1.7548828125
10 1.24609375 1.7744140625 1.25390625 1.7705078125 1.26171875 1.7890625 1.25390625 1.79296875
10 1.263671875 1.7646484375 1.25390625 1.76953125 1.24609375 1.751953125 1.255859375 1.7470703125
10 1.255859375 1.7705078125 1.263671875 1.7666015625 1.271484375 1.78515625 1.263671875 1.7890625
10 1.28125 1.78125 1.2724609375 1.7841796875 1.265625 1.7666015625 1.2724609375 1.76171875
10 1.283203125 1.7568359375 1.2919921875 1.751953125 1.3017578125 1.771484375 1.2919921875 1.7763671875
10 1.3134765625 1.59375 1.322265625 1.58984375 1.330078125 1.6083984375 1.322265625 1.6123046875
10 1.3046875 1.6005859375 1.3115234375 1.595703125 1.3203125 1.6123046875 1.3125 1.6171875
10 1.2861328125 1.6083984375 1.2939453125 1.60546875 1.3037109375 1.623046875 1.2939453125 1.626953125
10 1.255859375 1.6220703125 1.2646484375 1.6171875 1.2734375 1.6357421875 1.263671875 1.640625
10 0.30859375 0.669921875 0.330078125 0.669921875 0.330078125 0.6806640625 0.30859375 0.6806640625
10 0.3271484375 0.69921875 0.3271484375 0.6884765625 0.349609375 0.6875 0.349609375 0.69921875
9 0.50390625 0.6845703125 0.50390625 0.671875 0.5439453125 0.671875 0.544921875 0.68359375
10 0.6669921875 0.6171875 0.6875 0.6162109375 0.6875 0.625 0.6669921875 0.626953125
10 0.8974609375 0.603515625 0.91796875 0.603515625 0.91796875 0.6142578125 0.8974609375 0.6142578125
10 0.94921875 1.6162109375 0.9580078125 1.6201171875 0.94921875 1.6396484375 0.9404296875 1.6357421875
10 0.962890625 1.625 0.970703125 1.6279296875 0.9638671875 1.646484375 0.9560546875 1.642578125
10 0.974609375 0.6845703125 0.974609375 0.6748046875 0.9990234375 0.67578125 0.998046875 0.6865234375
10 1.0791015625 0.67578125 1.099609375 0.67578125 1.099609375 0.6845703125 1.080078125 0.6845703125
10 1.0595703125 1.5029296875 1.0625 1.494140625 1.08203125 1.501953125 1.0771484375 1.5107421875
10 1.064453125 1.4912109375 1.0673828125 1.482421875 1.087890625 1.490234375 1.083984375 1.4990234375
10 1.0732421875 1.47265625 1.091796875 1.4794921875 1.0888671875 1.48828125 1.0703125 1.4794921875
10 1.111328125 1.4423828125 1.1044921875 1.4375 1.11328125 1.4150390625 1.1220703125 1.4189453125
10 1.0859375 1.3720703125 1.1044921875 1.3818359375 1.0986328125 1.3896484375 1.08203125 1.3798828125
10 1.0869140625 1.369140625 1.091796875 1.3623046875 1.109375 1.3740234375 1.1044921875 1.380859375
10 1.119140625 1.369140625 1.1259765625 1.3671875 1.130859375 1.3818359375 1.1240234375 1.384765625
10 1.18359375 1.298828125 1.2021484375 1.3056640625 1.19921875 1.314453125 1.181640625 1.3046875
10 1.140625 1.2705078125 1.130859375 1.2666015625 1.1376953125 1.244140625 1.1474609375 1.2470703125
10 1.2041015625 0.6748046875 1.224609375 0.6728515625 1.2255859375 0.68359375 1.203125 0.6845703125
9 1.35546875 0.6044921875 1.35546875 0.615234375 1.3271484375 0.615234375 1.3271484375 0.6044921875
10 1.330078125 0.6845703125 1.3291015625 0.6728515625 1.353515625 0.671875 1.353515625 0.6845703125
10 1.30859375 0.6923828125 1.3310546875 0.6923828125 1.3310546875 0.7021484375 1.30859375 0.7021484375
10 1.29296875 1.5283203125 1.3017578125 1.5234375 1.3095703125 1.541015625 1.30078125 1.5458984375
10 1.2841796875 1.609375 1.275390625 1.6123046875 1.2666015625 1.5927734375 1.275390625 1.587890625
10 1.3662109375 1.51953125 1.3701171875 1.52734375 1.3515625 1.5380859375 1.3466796875 1.529296875
10 1.375 1.5380859375 1.3779296875 1.5458984375 1.3603515625 1.5576171875 1.353515625 1.5478515625
10 1.3642578125 1.56640625 1.3828125 1.5576171875 1.3876953125 1.56640625 1.369140625 1.5732421875
10 1.294921875 1.7529296875 1.3017578125 1.7490234375 1.3095703125 1.7666015625 1.302734375 1.7705078125
10 1.3203125 1.7626953125 1.3115234375 1.7666015625 1.3046875 1.7490234375 1.3115234375 1.7451171875
8 0.796875 0.5771484375 1.2919921875 0.5810546875 1.2919921875 0.64453125 0.798828125 0.642578125
10 2.19140625 0.6259765625 2.2138671875 0.6259765625 2.2138671875 0.63671875 2.19140625 0.63671875
10 1.9873046875 0.609375 2.01171875 0.6103515625 2.0107421875 0.619140625 1.986328125 0.6181640625
0 1.9560546875 1.330078125 1.9326171875 1.2822265625 1.970703125 1.2646484375 1.9951171875 1.3115234375
10 2.0908203125 0.623046875 2.0908203125 0.634765625 2.068359375 0.6357421875 2.068359375 0.6220703125
10 2.1083984375 0.7080078125 2.1083984375 0.6962890625 2.130859375 0.697265625 2.130859375 0.7080078125
2 1.970703125 1.0732421875 2.0615234375 1.03515625 2.06640625 1.0478515625 1.9755859375 1.087890625
2 1.9775390625 1.08984375 2.068359375 1.0517578125 2.0732421875 1.064453125 1.9833984375 1.10546875
2 1.9853515625 1.107421875 2.0244140625 1.08984375 2.0322265625 1.1044921875 1.9921875 1.1240234375
2 1.9931640625 1.126953125 2.0693359375 1.0927734375 2.0771484375 1.1083984375 2.0 1.1435546875
0 2.1201171875 1.728515625 2.07421875 1.7109375 2.0830078125 1.6767578125 2.1298828125 1.6904296875
0 2.171875 1.748046875 2.1259765625 1.7294921875 2.1357421875 1.69921875 2.181640625 1.71484375
0 2.224609375 1.765625 2.1796875 1.7490234375 2.189453125 1.716796875 2.2333984375 1.7333984375
0 2.3359375 1.6201171875 2.2978515625 1.603515625 2.30859375 1.568359375 2.349609375 1.583984375
10 2.3212890625 0.705078125 2.3212890625 0.6943359375 2.3466796875 0.6943359375 2.3466796875 0.7041015625
9 0.814453125 2.01953125 0.810546875 2.03125 0.767578125 2.017578125 0.7724609375 2.0048828125
9 1.3037109375 1.724609375 1.3115234375 1.720703125 1.3203125 1.7392578125 1.3125 1.7431640625
9 0.8935546875 1.8408203125 0.9052734375 1.84765625 0.88671875 1.888671875 0.8740234375 1.880859375
0 1.4912109375 1.2744140625 1.4482421875 1.298828125 1.4296875 1.263671875 1.4755859375 1.240234375
10 1.6650390625 0.4150390625 1.6728515625 0.4150390625 1.6728515625 0.435546875 1.6650390625 0.435546875
0 1.6767578125 1.1875 1.640625 1.2041015625 1.6298828125 1.181640625 1.6669921875 1.1640625
0 1.7734375 1.158203125 1.7294921875 1.1806640625 1.7138671875 1.1455078125 1.759765625 1.125
0 1.84375 1.1328125 1.7958984375 1.1474609375 1.7861328125 1.11328125 1.8369140625 1.0986328125
0 1.72265625 1.326171875 1.7392578125 1.3603515625 1.71484375 1.375 1.697265625 1.33984375
0 1.6416015625 1.3408203125 1.6630859375 1.3896484375 1.62890625 1.4072265625 1.607421875 1.3564453125
0 1.8759765625 1.94921875 1.9345703125 1.91796875 1.9765625 1.9931640625 1.9169921875 2.0283203125
0 1.7744140625 1.2705078125 1.7919921875 1.3203125 1.7568359375 1.3349609375 1.7373046875 1.2822265625
0 2.212890625 1.5751953125 2.16796875 1.560546875 2.177734375 1.525390625 2.2236328125 1.541015625
0 2.2666015625 1.59765625 2.224609375 1.580078125 2.236328125 1.5439453125 2.279296875 1.5615234375
0 2.0576171875 1.6552734375 2.0419921875 1.611328125 2.0712890625 1.6005859375 2.0869140625 1.6435546875
10 1.734375 0.6220703125 1.7587890625 0.623046875 1.7587890625 0.6337890625 1.7353515625 0.634765625
0 1.72265625 1.7197265625 1.6708984375 1.73828125 1.6572265625 1.69921875 1.712890625 1.6806640625
10 1.5830078125 0.6064453125 1.5830078125 0.6171875 1.5625 0.6181640625 1.5615234375 0.6064453125
9 1.6220703125 1.7568359375 1.611328125 1.76171875 1.59765625 1.732421875 1.609375 1.7265625
10 1.330078125 1.734375 1.322265625 1.73828125 1.3125 1.720703125 1.3203125 1.716796875
10 1.33984375 1.7294921875 1.3310546875 1.732421875 1.322265625 1.7158203125 1.3310546875 1.7099609375
10 1.322265625 1.740234375 1.3310546875 1.736328125 1.3388671875 1.75390625 1.3310546875 1.7578125
10 1.33203125 1.7353515625 1.33984375 1.73046875 1.3486328125 1.7490234375 1.341796875 1.7529296875
10 1.2109375 1.865234375 1.203125 1.869140625 1.193359375 1.8505859375 1.203125 1.845703125
10 1.212890625 1.8447265625 1.2216796875 1.8388671875 1.23046875 1.8564453125 1.2216796875 1.8603515625
10 1.2685546875 1.8408203125 1.2587890625 1.845703125 1.2490234375 1.8251953125 1.2587890625 1.8193359375
10 1.2880859375 1.833984375 1.279296875 1.8369140625 1.271484375 1.818359375 1.2802734375 1.8134765625
9 1.2802734375 1.8125 1.2890625 1.8076171875 1.2978515625 1.826171875 1.2900390625 1.830078125
10 1.306640625 1.822265625 1.2998046875 1.8251953125 1.291015625 1.806640625 1.298828125 1.802734375
0 1.314453125 1.9775390625 1.2529296875 2.01953125 1.2119140625 1.958984375 1.2861328125 1.9150390625
0 1.404296875 1.9384765625 1.3349609375 1.974609375 1.298828125 1.9169921875 1.3798828125 1.8779296875
10 1.455078125 1.876953125 1.458984375 1.88671875 1.4423828125 1.8955078125 1.4375 1.8857421875
9 1.5029296875 1.853515625 1.509765625 1.861328125 1.4912109375 1.8759765625 1.484375 1.8671875
9 1.474609375 1.7099609375 1.4658203125 1.7138671875 1.453125 1.68359375 1.462890625 1.6796875
10 1.4130859375 1.6748046875 1.4091796875 1.6650390625 1.4267578125 1.65625 1.4306640625 1.6640625
10 1.4248046875 1.642578125 1.4287109375 1.6513671875 1.41015625 1.6611328125 1.40625 1.6513671875
10 1.3994140625 1.640625 1.41796875 1.6328125 1.421875 1.640625 1.404296875 1.6494140625
10 1.3984375 1.630859375 1.4140625 1.6240234375 1.4169921875 1.630859375 1.40234375 1.6376953125
10 1.39453125 1.62109375 1.4091796875 1.6142578125 1.4130859375 1.6220703125 1.3984375 1.62890625
10 1.3857421875 1.61328125 1.40625 1.60546875 1.408203125 1.6123046875 1.3916015625 1.62109375
10 1.400390625 1.59375 1.40625 1.6015625 1.3876953125 1.611328125 1.3837890625 1.6044921875
10 1.3759765625 1.5947265625 1.3955078125 1.5849609375 1.3984375 1.5927734375 1.380859375 1.6025390625
10 1.392578125 1.57421875 1.396484375 1.58203125 1.3798828125 1.5908203125 1.3759765625 1.5830078125
0 1.474609375 1.38671875 1.513671875 1.4814453125 1.4423828125 1.515625 1.3955078125 1.4189453125
9 1.4482421875 0.705078125 1.447265625 0.69140625 1.4814453125 0.69140625 1.48046875 0.705078125
9 1.6044921875 1.7626953125 1.59375 1.767578125 1.580078125 1.7412109375 1.591796875 1.736328125
10 0.2900390625 0.6005859375 0.310546875 0.6005859375 0.310546875 0.6123046875 0.2900390625 0.6123046875
