0 2.2880859375 1.2919921875 2.287109375 1.2236328125 2.3544921875 1.220703125 2.35546875 1.291015625
0 2.69140625 3.08203125 2.6337890625 3.1171875 2.5869140625 3.0419921875 2.650390625 3.005859375
0 2.966796875 1.5654296875 2.91015625 1.5634765625 2.9091796875 1.490234375 2.9755859375 1.4912109375
0 2.822265625 1.580078125 2.7802734375 1.6142578125 2.7294921875 1.564453125 2.771484375 1.51953125
0 2.76953125 1.6220703125 2.732421875 1.6513671875 2.701171875 1.6181640625 2.7373046875 1.587890625
0 3.0166015625 1.8203125 2.9677734375 1.81640625 2.9736328125 1.765625 3.0205078125 1.7666015625
0 2.7900390625 1.86328125 2.8193359375 1.884765625 2.7880859375 1.92578125 2.7548828125 1.9072265625
0 2.7578125 1.8232421875 2.7880859375 1.8603515625 2.7451171875 1.8935546875 2.716796875 1.8642578125
0 3.2353515625 1.98046875 3.2705078125 1.994140625 3.2548828125 2.03515625 3.2177734375 2.0244140625
0 2.5595703125 2.201171875 2.6015625 2.22265625 2.5751953125 2.2666015625 2.5341796875 2.2451171875
0 2.494140625 2.1025390625 2.5166015625 2.1376953125 2.4765625 2.1611328125 2.4521484375 2.1328125
0 2.4677734375 2.064453125 2.4873046875 2.0966796875 2.439453125 2.123046875 2.419921875 2.0869140625
0 2.416015625 1.9931640625 2.4326171875 2.0224609375 2.3974609375 2.046875 2.37890625 2.0146484375
0 2.25390625 2.3447265625 2.271484375 2.375 2.2333984375 2.400390625 2.2158203125 2.3662109375
0 0.8046875 3.287109375 0.87109375 3.24609375 0.91796875 3.322265625 0.84765625 3.357421875
0 3.1259765625 1.5830078125 3.0537109375 1.5751953125 3.05859375 1.4951171875 3.142578125 1.4990234375
0 0.923828125 3.224609375 0.962890625 3.19921875 0.9931640625 3.248046875 0.951171875 3.275390625
0 0.6630859375 3.37890625 0.7109375 3.353515625 0.73828125 3.40625 0.6884765625 3.43359375
0 2.736328125 2.892578125 2.6884765625 2.84765625 2.7529296875 2.7802734375 2.80078125 2.8310546875
0 2.2666015625 2.603515625 2.28125 2.630859375 2.2451171875 2.654296875 2.2294921875 2.62109375
0 2.3974609375 2.345703125 2.380859375 2.318359375 2.4150390625 2.2919921875 2.435546875 2.32421875
0 2.361328125 2.3115234375 2.34765625 2.283203125 2.384765625 2.2568359375 2.4033203125 2.287109375
0 2.3388671875 2.2666015625 2.3232421875 2.236328125 2.3564453125 2.2158203125 2.3740234375 2.244140625
0 2.314453125 2.2265625 2.2958984375 2.1943359375 2.3330078125 2.1767578125 2.3486328125 2.20703125
0 2.2646484375 2.14453125 2.25 2.1142578125 2.287109375 2.091796875 2.3017578125 2.1259765625
0 3.068359375 1.3173828125 2.9892578125 1.3125 2.9931640625 1.2392578125 3.07421875 1.2421875
0 1.7978515625 1.447265625 1.763671875 1.46484375 1.7314453125 1.4267578125 1.7724609375 1.4013671875
0 1.8271484375 1.2919921875 1.8271484375 1.37109375 1.75390625 1.375 1.751953125 1.294921875
0 3.0302734375 1.5751953125 2.974609375 1.572265625 2.9794921875 1.5 3.037109375 1.5
0 3.2099609375 1.47265625 3.1748046875 1.4716796875 3.1767578125 1.4287109375 3.2158203125 1.4296875
0 1.28125 3.0224609375 1.3193359375 2.9990234375 1.34375 3.0361328125 1.302734375 3.0595703125
0 2.6396484375 1.7412109375 2.6923828125 1.7412109375 2.6923828125 1.8173828125 2.6396484375 1.8173828125
0 2.6298828125 1.349609375 2.658203125 1.3017578125 2.7353515625 1.33984375 2.697265625 1.400390625
0 2.5634765625 1.2861328125 2.5263671875 1.3330078125 2.43359375 1.2890625 2.4833984375 1.2265625
0 2.6767578125 1.2744140625 2.7138671875 1.216796875 2.7900390625 1.2685546875 2.7490234375 1.32421875
0 2.734375 1.193359375 2.765625 1.146484375 2.837890625 1.19140625 2.796875 1.251953125
0 2.7734375 1.1279296875 2.8115234375 1.0810546875 2.876953125 1.12109375 2.8408203125 1.1748046875
0 2.623046875 1.015625 2.619140625 1.0859375 2.5224609375 1.083984375 2.5302734375 0.9931640625
0 2.6044921875 1.2109375 2.564453125 1.259765625 2.4912109375 1.2158203125 2.533203125 1.1552734375
0 2.646484375 1.130859375 2.6025390625 1.19140625 2.5400390625 1.150390625 2.5771484375 1.0908203125
0 2.4931640625 1.5087890625 2.52734375 1.4580078125 2.583984375 1.4990234375 2.546875 1.5537109375
0 2.5869140625 1.6650390625 2.521484375 1.6640625 2.525390625 1.5869140625 2.59375 1.587890625
0 2.5146484375 1.7373046875 2.5712890625 1.7373046875 2.5712890625 1.82421875 2.5146484375 1.82421875
0 2.58203125 1.736328125 2.6318359375 1.736328125 2.6318359375 1.8115234375 2.58203125 1.8115234375
0 2.962890625 1.876953125 3.0068359375 1.876953125 3.0068359375 1.931640625 2.962890625 1.931640625
0 3.5654296875 0.9755859375 3.53125 0.9736328125 3.533203125 0.92578125 3.5693359375 0.9248046875
0 2.916015625 1.875 2.9580078125 1.875 2.9580078125 1.9208984375 2.916015625 1.9208984375
0 2.8701171875 1.873046875 2.91015625 1.873046875 2.91015625 1.923828125 2.8701171875 1.923828125
0 2.826171875 1.87109375 2.8564453125 1.87109375 2.8564453125 1.9169921875 2.826171875 1.9169921875
0 3.00390625 1.353515625 3.044921875 1.353515625 3.044921875 1.4052734375 3.00390625 1.4052734375
0 3.099609375 1.3583984375 3.1435546875 1.3583984375 3.1435546875 1.4091796875 3.099609375 1.4091796875
0 2.9501953125 1.3486328125 2.9990234375 1.3486328125 2.9990234375 1.40234375 2.9501953125 1.40234375
0 2.890625 1.642578125 2.9267578125 1.642578125 2.9267578125 1.6845703125 2.890625 1.6845703125
0 3.2587890625 1.6494140625 3.3046875 1.6494140625 3.3046875 1.6943359375 3.2587890625 1.6943359375
0 3.23828125 1.853515625 3.2880859375 1.853515625 3.2880859375 1.9169921875 3.23828125 1.9169921875
0 3.400390625 0.2646484375 3.4619140625 0.30859375 3.3955078125 0.3759765625 3.3427734375 0.31640625
0 3.5595703125 0.1787109375 3.5625 0.21875 3.5078125 0.228515625 3.5087890625 0.1767578125
0 3.380859375 0.818359375 3.3818359375 0.85546875 3.3359375 0.8603515625 3.33203125 0.8193359375
0 2.4755859375 1.728515625 2.505859375 1.728515625 2.505859375 1.779296875 2.4755859375 1.779296875
0 1.341796875 3.0029296875 1.3740234375 2.982421875 1.40234375 3.0205078125 1.3603515625 3.0439453125
0 2.310546875 1.2099609375 2.2939453125 1.1455078125 2.3583984375 1.12890625 2.3759765625 1.193359375
2 2.9853515625 2.7900390625 3.0146484375 2.7900390625 3.0146484375 2.8193359375 2.9853515625 2.8193359375
2 1.2744140625 1.13671875 1.3134765625 1.14453125 1.30078125 1.177734375 1.267578125 1.1708984375
2 1.2314453125 1.1728515625 1.2685546875 1.1796875 1.2607421875 1.21484375 1.2255859375 1.2099609375
2 1.2724609375 1.17578125 1.314453125 1.1845703125 1.298828125 1.220703125 1.2646484375 1.2119140625
12 1.9296875 3.5361328125 1.9794921875 3.5361328125 1.9794921875 3.5810546875 1.9296875 3.5810546875
0 2.048828125 3.4765625 1.9873046875 3.5126953125 1.9443359375 3.4375 2.0107421875 3.3994140625
0 2.1943359375 3.388671875 2.1279296875 3.4228515625 2.08203125 3.3544921875 2.1552734375 3.3125
0 2.25390625 3.341796875 2.20703125 3.369140625 2.1650390625 3.3056640625 2.216796875 3.2744140625
2 2.833984375 2.876953125 2.87109375 2.876953125 2.87109375 2.9111328125 2.833984375 2.9111328125
2 2.8740234375 2.912109375 2.90625 2.912109375 2.90625 2.9443359375 2.8740234375 2.9443359375
2 2.9091796875 2.9443359375 2.9443359375 2.9443359375 2.9443359375 2.9775390625 2.9091796875 2.9775390625
2 2.9833984375 2.9423828125 3.0185546875 2.9423828125 3.0185546875 2.978515625 2.9833984375 2.978515625
2 3.021484375 2.9755859375 3.0556640625 2.9755859375 3.0556640625 3.01171875 3.021484375 3.01171875
2 3.0244140625 2.80859375 3.0556640625 2.80859375 3.0556640625 2.8388671875 3.0244140625 2.8388671875
2 1.2783203125 1.095703125 1.3193359375 1.10546875 1.306640625 1.1396484375 1.2744140625 1.1337890625
2 2.98828125 2.833984375 3.017578125 2.833984375 3.017578125 2.8642578125 2.98828125 2.8642578125
2 3.02734375 2.8525390625 3.056640625 2.8525390625 3.056640625 2.8828125 3.02734375 2.8828125
2 3.076171875 2.83203125 3.107421875 2.83203125 3.107421875 2.86328125 3.076171875 2.86328125
2 3.0751953125 2.8759765625 3.1083984375 2.8759765625 3.1083984375 2.90625 3.0751953125 2.90625
2 3.123046875 2.853515625 3.15234375 2.853515625 3.15234375 2.8837890625 3.123046875 2.8837890625
2 3.1181640625 2.896484375 3.1484375 2.896484375 3.1484375 2.9267578125 3.1181640625 2.9267578125
2 3.11328125 2.939453125 3.14453125 2.939453125 3.14453125 2.96875 3.11328125 2.96875
2 3.0595703125 3.0107421875 3.091796875 3.0107421875 3.091796875 3.044921875 3.0595703125 3.044921875
0 2.19921875 1.2529296875 2.1982421875 1.328125 2.1103515625 1.32421875 2.1103515625 1.25
0 2.185546875 1.181640625 2.16015625 1.2451171875 2.0908203125 1.21875 2.11328125 1.1533203125
0 2.26171875 1.115234375 2.193359375 1.119140625 2.1884765625 1.044921875 2.2568359375 1.0400390625
0 2.3251953125 1.1318359375 2.26171875 1.09765625 2.294921875 1.03125 2.3583984375 1.0634765625
2 1.232421875 1.134765625 1.2724609375 1.1416015625 1.2646484375 1.1748046875 1.2255859375 1.169921875
2 1.2392578125 1.0927734375 1.275390625 1.0947265625 1.2685546875 1.1376953125 1.232421875 1.1328125
0 1.2470703125 2.6884765625 1.220703125 2.7236328125 1.1689453125 2.6865234375 1.203125 2.6494140625
0 1.56640625 1.306640625 1.5615234375 1.232421875 1.6376953125 1.2236328125 1.642578125 1.3017578125
0 1.107421875 2.5654296875 1.080078125 2.5927734375 1.0439453125 2.564453125 1.0673828125 2.5341796875
0 0.8701171875 2.083984375 0.8759765625 2.017578125 0.95703125 2.0224609375 0.947265625 2.09765625
0 0.87109375 2.0107421875 0.873046875 1.9423828125 0.953125 1.9443359375 0.947265625 2.017578125
0 0.8984375 1.1923828125 0.904296875 1.1171875 0.9755859375 1.123046875 0.9658203125 1.203125
0 1.197265625 1.1171875 1.19140625 1.1923828125 1.1083984375 1.1923828125 1.1142578125 1.111328125
0 1.189453125 1.2021484375 1.1845703125 1.2802734375 1.0966796875 1.2802734375 1.1025390625 1.197265625
0 0.8837890625 1.390625 0.88671875 1.3125 0.9775390625 1.31640625 0.9697265625 1.3994140625
0 1.1787109375 1.357421875 1.171875 1.4404296875 1.0849609375 1.4384765625 1.091796875 1.3525390625
0 1.171875 1.447265625 1.1669921875 1.51171875 1.080078125 1.51171875 1.0859375 1.4423828125
0 1.1650390625 1.5205078125 1.1591796875 1.5927734375 1.072265625 1.5849609375 1.083984375 1.5146484375
0 0.8720703125 1.5595703125 0.8759765625 1.4853515625 0.9521484375 1.4912109375 0.939453125 1.5654296875
0 1.5498046875 1.1484375 1.5458984375 1.07421875 1.62890625 1.0654296875 1.6298828125 1.1513671875
0 1.8212890625 1.21875 1.8232421875 1.2841796875 1.751953125 1.291015625 1.74609375 1.220703125
0 1.328125 0.4482421875 1.294921875 0.421875 1.322265625 0.375 1.3642578125 0.4091796875
0 1.822265625 1.1396484375 1.8232421875 1.212890625 1.740234375 1.216796875 1.73828125 1.140625
0 1.8203125 1.06640625 1.8193359375 1.1220703125 1.748046875 1.126953125 1.7470703125 1.068359375
0 1.927734375 1.2060546875 1.9248046875 1.1318359375 1.994140625 1.125 1.994140625 1.203125
0 1.9345703125 1.330078125 1.9345703125 1.283203125 1.9873046875 1.28125 1.98828125 1.328125
0 1.748046875 2.6142578125 1.72265625 2.583984375 1.7607421875 2.5546875 1.7880859375 2.578125
0 1.93359375 2.5478515625 1.91015625 2.509765625 1.9453125 2.484375 1.96484375 2.5166015625
0 1.9541015625 2.580078125 1.9375 2.5546875 1.9677734375 2.529296875 1.9873046875 2.556640625
0 2.1025390625 2.443359375 2.076171875 2.4111328125 2.1162109375 2.3779296875 2.140625 2.41015625
0 2.2412109375 2.1025390625 2.2255859375 2.0751953125 2.2568359375 2.052734375 2.2783203125 2.0859375
0 0.09765625 2.75 0.06640625 2.7646484375 0.044921875 2.724609375 0.08203125 2.7080078125
0 0.6787109375 1.818359375 0.6396484375 1.8232421875 0.634765625 1.7685546875 0.681640625 1.7646484375
0 0.162109375 1.6162109375 0.12109375 1.615234375 0.123046875 1.5693359375 0.166015625 1.568359375
0 2.78125 1.4638671875 2.8046875 1.3955078125 2.8896484375 1.41796875 2.865234375 1.4873046875
