10 0.3857421875 0.2802734375 0.400390625 0.279296875 0.4052734375 0.314453125 0.3916015625 0.3173828125
10 0.2763671875 0.4375 0.291015625 0.4345703125 0.2978515625 0.4658203125 0.28125 0.4697265625
10 0.2099609375 0.5283203125 0.1923828125 0.5302734375 0.18359375 0.4931640625 0.2021484375 0.4892578125
10 0.2216796875 0.453125 0.23828125 0.451171875 0.2431640625 0.486328125 0.228515625 0.4892578125
10 0.3701171875 0.326171875 0.38671875 0.3232421875 0.392578125 0.3564453125 0.376953125 0.359375
10 0.373046875 0.3642578125 0.357421875 0.3662109375 0.3505859375 0.3310546875 0.3681640625 0.328125
10 0.3359375 0.3359375 0.349609375 0.3330078125 0.35546875 0.36328125 0.341796875 0.3671875
10 0.3173828125 0.33984375 0.333984375 0.3359375 0.33984375 0.3681640625 0.3232421875 0.37109375
10 0.3193359375 0.376953125 0.3037109375 0.3798828125 0.296875 0.34765625 0.3134765625 0.3447265625
10 0.38671875 0.3203125 0.3720703125 0.3212890625 0.36328125 0.2880859375 0.3818359375 0.2841796875
10 0.3486328125 0.298828125 0.3623046875 0.296875 0.3681640625 0.3232421875 0.3544921875 0.3271484375
10 0.3291015625 0.2919921875 0.34375 0.2900390625 0.3486328125 0.322265625 0.3359375 0.32421875
10 0.330078125 0.3330078125 0.31640625 0.3359375 0.3095703125 0.30078125 0.326171875 0.2978515625
10 0.2919921875 0.3037109375 0.306640625 0.3017578125 0.3134765625 0.3388671875 0.298828125 0.3427734375
10 0.26953125 0.3076171875 0.287109375 0.3037109375 0.2939453125 0.3408203125 0.2783203125 0.34375
10 0.185546875 0.3681640625 0.201171875 0.365234375 0.20703125 0.4013671875 0.1904296875 0.404296875
10 0.19921875 0.322265625 0.212890625 0.3203125 0.216796875 0.35546875 0.203125 0.3583984375
10 0.2451171875 0.4833984375 0.26171875 0.482421875 0.2626953125 0.5224609375 0.2451171875 0.5205078125
10 0.255859375 0.4423828125 0.2724609375 0.4404296875 0.2783203125 0.47265625 0.26171875 0.4736328125
10 0.3896484375 0.3232421875 0.404296875 0.3193359375 0.4130859375 0.3544921875 0.3994140625 0.359375
10 0.28125 0.4775390625 0.2978515625 0.4736328125 0.3037109375 0.5126953125 0.287109375 0.515625
10 0.388671875 0.4189453125 0.404296875 0.416015625 0.41015625 0.4501953125 0.3955078125 0.4541015625
10 0.3779296875 0.4599609375 0.392578125 0.4580078125 0.4013671875 0.49609375 0.3876953125 0.4990234375
10 0.4189453125 0.8779296875 0.4482421875 0.8681640625 0.4521484375 0.8818359375 0.42578125 0.890625
10 0.2197265625 0.87890625 0.2314453125 0.8740234375 0.2451171875 0.9013671875 0.2314453125 0.908203125
10 0.1826171875 0.8564453125 0.1962890625 0.8525390625 0.2099609375 0.8837890625 0.1982421875 0.8916015625
10 0.279296875 0.6083984375 0.263671875 0.6083984375 0.259765625 0.5693359375 0.27734375 0.5673828125
10 0.369140625 0.4228515625 0.3857421875 0.4189453125 0.3916015625 0.4521484375 0.3740234375 0.455078125
10 0.3583984375 0.4638671875 0.3740234375 0.4609375 0.3798828125 0.49609375 0.3623046875 0.4990234375
10 0.3515625 0.427734375 0.3662109375 0.4267578125 0.37109375 0.45703125 0.35546875 0.458984375
10 0.3388671875 0.4658203125 0.3544921875 0.4638671875 0.3603515625 0.49609375 0.3427734375 0.4970703125
10 0.33203125 0.4296875 0.3466796875 0.4267578125 0.3525390625 0.4599609375 0.337890625 0.4619140625
10 0.3203125 0.470703125 0.3359375 0.466796875 0.3408203125 0.4970703125 0.3251953125 0.501953125
10 0.2998046875 0.474609375 0.3173828125 0.470703125 0.3232421875 0.5029296875 0.3056640625 0.505859375
10 0.3134765625 0.4306640625 0.3291015625 0.427734375 0.3359375 0.4609375 0.318359375 0.4638671875
10 0.2939453125 0.435546875 0.310546875 0.4326171875 0.318359375 0.46875 0.2998046875 0.4716796875
10 0.2060546875 0.36328125 0.2216796875 0.3603515625 0.23046875 0.3984375 0.2158203125 0.40234375
