6 1.0673828125 1.1552734375 1.7431640625 1.1552734375 1.7431640625 1.4765625 1.0673828125 1.4765625
10 0.404296875 1.271484375 0.4052734375 1.27734375 0.3876953125 1.27734375 0.3876953125 1.271484375
10 0.7119140625 1.2587890625 0.705078125 1.259765625 0.703125 1.2431640625 0.7099609375 1.2431640625
10 0.6484375 1.271484375 0.6474609375 1.2763671875 0.6318359375 1.2763671875 0.6318359375 1.2705078125
10 0.65234375 1.2763671875 0.6513671875 1.26953125 0.6689453125 1.26953125 0.669921875 1.275390625
10 0.708984375 1.2763671875 0.7080078125 1.2822265625 0.6943359375 1.2822265625 0.693359375 1.2763671875
10 0.7060546875 1.2939453125 0.70703125 1.30078125 0.689453125 1.3017578125 0.6884765625 1.29296875
10 0.7109375 1.2666015625 0.7099609375 1.2724609375 0.6953125 1.2724609375 0.6953125 1.2666015625
10 0.6455078125 1.2509765625 0.64453125 1.2578125 0.626953125 1.2568359375 0.626953125 1.2490234375
10 0.6669921875 1.287109375 0.66796875 1.2919921875 0.6533203125 1.29296875 0.6533203125 1.2861328125
10 0.7080078125 1.314453125 0.7080078125 1.3212890625 0.6923828125 1.3212890625 0.6923828125 1.3125
10 0.7119140625 1.3525390625 0.7119140625 1.359375 0.6943359375 1.359375 0.6943359375 1.3525390625
10 0.7109375 1.33203125 0.7109375 1.3408203125 0.6943359375 1.341796875 0.693359375 1.333984375
10 0.7119140625 1.3623046875 0.712890625 1.369140625 0.6962890625 1.369140625 0.6962890625 1.36328125
10 0.666015625 1.232421875 0.6650390625 1.23828125 0.650390625 1.23828125 0.6513671875 1.2314453125
10 0.5771484375 1.234375 0.5771484375 1.2412109375 0.5615234375 1.2412109375 0.5615234375 1.236328125
10 0.7099609375 1.40625 0.7099609375 1.4130859375 0.6923828125 1.4130859375 0.6923828125 1.4052734375
10 0.7333984375 1.2578125 0.7265625 1.2587890625 0.7255859375 1.2431640625 0.732421875 1.2431640625
4 0.9833984375 1.4091796875 1.0224609375 1.408203125 1.025390625 1.494140625 0.9853515625 1.49609375
4 0.92578125 1.4111328125 0.9658203125 1.41015625 0.9697265625 1.4970703125 0.927734375 1.4970703125
4 0.8681640625 1.4140625 0.9072265625 1.412109375 0.91015625 1.498046875 0.87109375 1.4990234375
4 0.798828125 1.416015625 0.8388671875 1.4150390625 0.841796875 1.5 0.80078125 1.5029296875
4 0.73828125 1.419921875 0.77734375 1.4169921875 0.7822265625 1.5029296875 0.7412109375 1.5048828125
4 0.978515625 1.2763671875 1.01953125 1.2763671875 1.0224609375 1.36328125 0.9794921875 1.36328125
4 0.9208984375 1.2783203125 0.9599609375 1.27734375 0.962890625 1.36328125 0.921875 1.3642578125
4 0.86328125 1.28125 0.90234375 1.279296875 0.9072265625 1.3642578125 0.8662109375 1.3671875
4 0.7939453125 1.283203125 0.83203125 1.2822265625 0.8369140625 1.3701171875 0.7978515625 1.3701171875
4 0.732421875 1.2861328125 0.7734375 1.2841796875 0.77734375 1.3701171875 0.736328125 1.3720703125
13 1.2021484375 1.2216796875 1.6044921875 1.212890625 1.611328125 1.3935546875 1.2119140625 1.40625
3 1.67578125 0.984375 1.5087890625 0.982421875 1.5 0.8076171875 1.6923828125 0.8115234375
3 1.2109375 1.03125 1.2001953125 0.78515625 1.458984375 0.78515625 1.4609375 1.0283203125
3 1.1630859375 0.2333984375 1.2939453125 0.2392578125 1.2802734375 0.359375 1.162109375 0.3583984375
10 0.72265625 1.259765625 0.716796875 1.2607421875 0.7158203125 1.2431640625 0.72265625 1.2431640625
10 0.765625 1.255859375 0.7587890625 1.2568359375 0.7568359375 1.2392578125 0.763671875 1.23828125
14 0.0634765625 0.2041015625 0.078125 0.205078125 0.080078125 0.236328125 0.0673828125 0.2392578125
10 0.4716796875 1.021484375 0.466796875 1.0166015625 0.4755859375 1.001953125 0.482421875 1.005859375
14 0.1259765625 0.7529296875 0.16015625 0.7548828125 0.158203125 0.7685546875 0.126953125 0.765625
14 0.05859375 0.919921875 0.0712890625 0.916015625 0.0849609375 0.9423828125 0.0693359375 0.94921875
14 0.1474609375 1.2490234375 0.16015625 1.2548828125 0.146484375 1.2841796875 0.1328125 1.271484375
14 0.0849609375 1.376953125 0.095703125 1.3662109375 0.11328125 1.390625 0.0966796875 1.396484375
14 0.0751953125 1.5263671875 0.1005859375 1.529296875 0.0986328125 1.544921875 0.0712890625 1.5390625
10 1.0498046875 1.06640625 1.0556640625 1.06640625 1.0556640625 1.0810546875 1.0498046875 1.0810546875
10 0.98828125 1.064453125 0.99609375 1.064453125 0.99609375 1.0849609375 0.9892578125 1.0859375
10 1.09375 1.1337890625 1.0869140625 1.1328125 1.0859375 1.115234375 1.09375 1.115234375
10 0.9931640625 1.1328125 0.986328125 1.1328125 0.9853515625 1.1181640625 0.9921875 1.1181640625
10 0.59765625 1.169921875 0.603515625 1.169921875 0.6025390625 1.1826171875 0.5966796875 1.1826171875
10 0.6181640625 1.1650390625 0.625 1.1650390625 0.625 1.1787109375 0.619140625 1.1796875
10 0.52734375 1.0244140625 0.53125 1.0205078125 0.5439453125 1.0283203125 0.5400390625 1.0341796875
10 0.4697265625 1.068359375 0.4638671875 1.064453125 0.4775390625 1.0478515625 0.4833984375 1.052734375
10 0.4716796875 1.046875 0.46875 1.0419921875 0.4765625 1.03125 0.4814453125 1.037109375
10 0.4697265625 1.005859375 0.4658203125 1.0009765625 0.4755859375 0.9892578125 0.48046875 0.9931640625
10 0.775390625 1.25390625 0.7685546875 1.25390625 0.767578125 1.2373046875 0.775390625 1.2373046875
10 0.4677734375 0.9921875 0.4638671875 0.9873046875 0.47265625 0.9765625 0.478515625 0.98046875
10 0.462890625 1.001953125 0.458984375 1.0078125 0.443359375 0.9912109375 0.4482421875 0.9853515625
10 0.458984375 1.044921875 0.4560546875 1.0498046875 0.443359375 1.037109375 0.4462890625 1.03125
10 0.4609375 1.060546875 0.4580078125 1.0634765625 0.4453125 1.0537109375 0.4482421875 1.0498046875
10 0.4619140625 1.0732421875 0.458984375 1.078125 0.4462890625 1.0673828125 0.4482421875 1.0634765625
10 0.458984375 1.0283203125 0.45703125 1.033203125 0.4423828125 1.021484375 0.4462890625 1.0166015625
10 0.4599609375 1.0146484375 0.4560546875 1.01953125 0.443359375 1.0078125 0.4482421875 1.0029296875
10 0.412109375 1.0751953125 0.40625 1.0693359375 0.4150390625 1.056640625 0.421875 1.060546875
10 0.41015625 0.982421875 0.4150390625 0.98828125 0.40234375 0.998046875 0.3974609375 0.9921875
10 0.1201171875 0.6357421875 0.1142578125 0.6357421875 0.1142578125 0.619140625 0.119140625 0.6201171875
10 0.1572265625 0.13671875 0.1650390625 0.1376953125 0.1630859375 0.1533203125 0.15625 0.1533203125
10 0.0830078125 0.0341796875 0.0830078125 0.02734375 0.0986328125 0.0283203125 0.09765625 0.03515625
10 0.861328125 1.232421875 0.8603515625 1.2373046875 0.8447265625 1.236328125 0.8447265625 1.23046875
10 0.8583984375 1.2216796875 0.8583984375 1.2275390625 0.845703125 1.2275390625 0.84375 1.2216796875
3 1.66015625 0.271484375 1.658203125 0.4365234375 1.5 0.431640625 1.4970703125 0.2626953125
