7 0.5078125 0.7841796875 0.529296875 0.802734375 0.466796875 0.8544921875 0.451171875 0.83984375
1 0.4306640625 0.81640625 0.4541015625 0.8359375 0.4501953125 0.841796875 0.4287109375 0.822265625
1 0.478515625 0.85546875 0.4765625 0.845703125 0.5009765625 0.8359375 0.50390625 0.8427734375
1 0.4677734375 0.83203125 0.4638671875 0.8291015625 0.4697265625 0.8212890625 0.474609375 0.82421875
1 0.4794921875 0.8212890625 0.4755859375 0.8154296875 0.490234375 0.8037109375 0.4951171875 0.80859375
1 0.48046875 0.78125 0.478515625 0.775390625 0.4931640625 0.7646484375 0.49609375 0.7705078125
1 0.435546875 0.81640625 0.4306640625 0.8115234375 0.4443359375 0.80078125 0.447265625 0.8056640625
1 0.4716796875 0.845703125 0.46875 0.8388671875 0.478515625 0.830078125 0.4833984375 0.8359375
1 0.4912109375 0.830078125 0.48828125 0.8251953125 0.5 0.8154296875 0.5029296875 0.8203125
1 0.5087890625 0.81640625 0.505859375 0.8095703125 0.5205078125 0.7998046875 0.5234375 0.8046875
1 0.720703125 0.697265625 0.7265625 0.7041015625 0.708984375 0.7236328125 0.703125 0.716796875
1 0.6533203125 0.6337890625 0.66015625 0.6396484375 0.6357421875 0.669921875 0.62890625 0.662109375
1 0.626953125 0.65625 0.619140625 0.6474609375 0.640625 0.623046875 0.6484375 0.62890625
1 0.6669921875 0.6474609375 0.671875 0.6533203125 0.6513671875 0.6787109375 0.64453125 0.671875
1 0.779296875 0.6611328125 0.7958984375 0.6767578125 0.75 0.7236328125 0.7353515625 0.70703125
1 0.740234375 0.6962890625 0.7314453125 0.6884765625 0.7626953125 0.65234375 0.7744140625 0.6611328125
1 0.58203125 0.791015625 0.5771484375 0.7841796875 0.595703125 0.7646484375 0.6015625 0.7705078125
1 0.4921875 0.861328125 0.4873046875 0.8544921875 0.5087890625 0.8408203125 0.513671875 0.84765625
7 0.4912109375 0.7587890625 0.494140625 0.76171875 0.4228515625 0.81640625 0.419921875 0.8115234375
1 0.6142578125 0.76953125 0.6064453125 0.7607421875 0.6298828125 0.734375 0.6376953125 0.7421875
1 0.6552734375 0.8193359375 0.6591796875 0.826171875 0.6455078125 0.837890625 0.640625 0.8291015625
1 0.720703125 0.9794921875 0.7158203125 0.96875 0.7548828125 0.9462890625 0.7587890625 0.955078125
1 0.7197265625 0.9189453125 0.7236328125 0.923828125 0.7060546875 0.935546875 0.701171875 0.9287109375
1 0.7138671875 0.9111328125 0.716796875 0.916015625 0.705078125 0.923828125 0.7001953125 0.919921875
1 0.7109375 0.90234375 0.71484375 0.9091796875 0.6982421875 0.91796875 0.6962890625 0.91015625
1 0.7060546875 0.896484375 0.7080078125 0.900390625 0.6904296875 0.9130859375 0.6875 0.91015625
1 0.69921875 0.888671875 0.703125 0.8935546875 0.69140625 0.9033203125 0.6865234375 0.8984375
1 0.6904296875 0.873046875 0.6943359375 0.87890625 0.677734375 0.890625 0.673828125 0.8837890625
1 0.685546875 0.8662109375 0.689453125 0.87109375 0.6796875 0.880859375 0.6748046875 0.8759765625
1 0.68359375 0.8583984375 0.685546875 0.861328125 0.669921875 0.873046875 0.6669921875 0.8681640625
1 0.6748046875 0.8505859375 0.6796875 0.8564453125 0.6669921875 0.865234375 0.6640625 0.8623046875
1 0.654296875 0.8505859375 0.6513671875 0.84375 0.66796875 0.8330078125 0.671875 0.8408203125
1 0.69921875 0.8623046875 0.6953125 0.85546875 0.72265625 0.8359375 0.728515625 0.8447265625
1 0.685546875 0.841796875 0.6826171875 0.8330078125 0.7109375 0.8154296875 0.7158203125 0.822265625
1 0.6796875 0.830078125 0.6748046875 0.8203125 0.7021484375 0.8046875 0.7080078125 0.8125
1 0.669921875 0.8193359375 0.666015625 0.8115234375 0.6875 0.796875 0.6923828125 0.8037109375
1 0.583984375 0.755859375 0.591796875 0.76171875 0.5732421875 0.78125 0.568359375 0.775390625
1 0.6015625 0.7548828125 0.595703125 0.748046875 0.6162109375 0.7255859375 0.623046875 0.732421875
7 0.9599609375 1.03515625 0.9873046875 1.0830078125 0.8642578125 1.1552734375 0.8349609375 1.1162109375
1 0.5166015625 0.6630859375 0.5068359375 0.6689453125 0.482421875 0.6396484375 0.4912109375 0.630859375
1 0.4794921875 0.69921875 0.46875 0.7080078125 0.435546875 0.6728515625 0.44921875 0.662109375
1 0.4619140625 0.7138671875 0.451171875 0.7177734375 0.4296875 0.6865234375 0.439453125 0.6767578125
1 0.447265625 0.7255859375 0.439453125 0.73046875 0.4169921875 0.7041015625 0.423828125 0.697265625
1 0.4384765625 0.736328125 0.4306640625 0.7412109375 0.400390625 0.7119140625 0.408203125 0.703125
1 0.4248046875 0.74609375 0.4189453125 0.75 0.4033203125 0.7333984375 0.41015625 0.7275390625
1 0.3701171875 0.7666015625 0.3798828125 0.7587890625 0.3837890625 0.76171875 0.373046875 0.7705078125
1 0.3662109375 0.765625 0.361328125 0.7607421875 0.375 0.7490234375 0.380859375 0.7548828125
7 0.365234375 0.6962890625 0.37109375 0.705078125 0.3330078125 0.7314453125 0.328125 0.724609375
1 0.22265625 0.5458984375 0.2275390625 0.544921875 0.2314453125 0.560546875 0.2255859375 0.5595703125
1 0.318359375 0.66015625 0.3046875 0.6689453125 0.2294921875 0.5654296875 0.2431640625 0.5556640625
1 0.2529296875 0.5634765625 0.2646484375 0.5556640625 0.310546875 0.6171875 0.298828125 0.626953125
1 0.1923828125 0.4501953125 0.205078125 0.4423828125 0.2451171875 0.5078125 0.2294921875 0.515625
1 0.177734375 0.419921875 0.1708984375 0.423828125 0.150390625 0.392578125 0.158203125 0.3876953125
1 0.12890625 0.3193359375 0.1123046875 0.3291015625 0.0390625 0.21484375 0.0576171875 0.2041015625
1 0.0849609375 0.220703125 0.0791015625 0.2275390625 0.0556640625 0.205078125 0.060546875 0.197265625
1 0.4921875 0.689453125 0.4833984375 0.693359375 0.4609375 0.6640625 0.46875 0.6572265625
1 0.3984375 0.791015625 0.39453125 0.7841796875 0.408203125 0.7705078125 0.4140625 0.77734375
1 0.58984375 0.7431640625 0.5849609375 0.73828125 0.6064453125 0.7158203125 0.6123046875 0.7216796875
1 0.4453125 0.751953125 0.439453125 0.7451171875 0.4599609375 0.7333984375 0.462890625 0.740234375
1 0.5634765625 0.630859375 0.5517578125 0.6396484375 0.5224609375 0.6025390625 0.5322265625 0.59375
1 0.6142578125 0.5947265625 0.6240234375 0.603515625 0.5888671875 0.6376953125 0.5810546875 0.62890625
1 0.6259765625 0.61328125 0.6337890625 0.6181640625 0.61328125 0.64453125 0.603515625 0.638671875
1 0.580078125 0.73046875 0.57421875 0.724609375 0.5908203125 0.701171875 0.59765625 0.7060546875
1 0.5673828125 0.7197265625 0.5625 0.7119140625 0.58203125 0.6943359375 0.5888671875 0.701171875
1 0.55859375 0.7060546875 0.552734375 0.6982421875 0.5703125 0.6796875 0.5771484375 0.6875
1 0.552734375 0.7265625 0.55859375 0.732421875 0.5419921875 0.748046875 0.537109375 0.7412109375
1 0.541015625 0.71484375 0.5478515625 0.72265625 0.5263671875 0.7421875 0.5205078125 0.7353515625
1 0.53125 0.705078125 0.5390625 0.7109375 0.5185546875 0.732421875 0.5107421875 0.7236328125
1 0.55859375 0.671875 0.564453125 0.6796875 0.541015625 0.69921875 0.53515625 0.693359375
1 0.5322265625 0.650390625 0.5205078125 0.658203125 0.4931640625 0.6279296875 0.5029296875 0.6171875
1 0.5283203125 0.68359375 0.5234375 0.6767578125 0.54296875 0.662109375 0.546875 0.66796875
1 0.5166015625 0.6865234375 0.51953125 0.6923828125 0.498046875 0.7080078125 0.4921875 0.701171875
1 0.4775390625 0.7138671875 0.482421875 0.7177734375 0.470703125 0.73046875 0.46484375 0.7265625
1 0.4208984375 0.7724609375 0.41796875 0.763671875 0.4326171875 0.7548828125 0.4375 0.763671875
1 0.7265625 0.908203125 0.7216796875 0.90234375 0.7431640625 0.8896484375 0.74609375 0.8974609375
1 0.7138671875 0.884765625 0.7109375 0.876953125 0.7314453125 0.865234375 0.7373046875 0.8720703125
1 0.705078125 0.873046875 0.703125 0.865234375 0.73046875 0.8525390625 0.7333984375 0.859375
1 0.248046875 0.8515625 0.23828125 0.85546875 0.2236328125 0.837890625 0.232421875 0.8330078125
1 0.283203125 0.97265625 0.2900390625 0.9697265625 0.298828125 0.9814453125 0.29296875 0.984375
1 0.298828125 0.9521484375 0.310546875 0.9453125 0.326171875 0.9677734375 0.314453125 0.97265625
1 0.2548828125 0.9619140625 0.2646484375 0.955078125 0.2939453125 0.9951171875 0.28125 1.0029296875
1 1.0458984375 1.68359375 1.0703125 1.6845703125 1.046875 1.8828125 1.0185546875 1.880859375
7 0.982421875 1.451171875 0.98046875 1.46484375 0.9111328125 1.4560546875 0.9130859375 1.4423828125
1 0.9248046875 1.462890625 0.93359375 1.4609375 0.939453125 1.4853515625 0.9296875 1.4873046875
1 0.9677734375 1.46484375 0.9775390625 1.4658203125 0.97265625 1.49609375 0.962890625 1.4931640625
1 0.9716796875 1.447265625 0.9599609375 1.4453125 0.9658203125 1.4052734375 0.9765625 1.40625
1 0.9423828125 1.40625 0.955078125 1.4072265625 0.951171875 1.4462890625 0.9375 1.4443359375
1 0.9287109375 1.4140625 0.9375 1.4140625 0.93359375 1.4423828125 0.92578125 1.4404296875
1 0.880859375 1.287109375 0.87109375 1.2900390625 0.8583984375 1.2646484375 0.8681640625 1.2607421875
1 0.8642578125 1.2919921875 0.85546875 1.294921875 0.8447265625 1.2705078125 0.853515625 1.267578125
1 0.828125 1.2841796875 0.83203125 1.2822265625 0.8369140625 1.296875 0.8310546875 1.296875
1 0.8095703125 1.2587890625 0.814453125 1.2548828125 0.8232421875 1.2685546875 0.81640625 1.2705078125
1 0.81640625 1.2490234375 0.822265625 1.2470703125 0.8291015625 1.26171875 0.8232421875 1.2626953125
1 0.2373046875 0.9892578125 0.2451171875 0.9853515625 0.2646484375 1.0146484375 0.2548828125 1.0166015625
1 0.6171875 0.5810546875 0.603515625 0.5703125 0.630859375 0.5361328125 0.64453125 0.5458984375
1 0.7431640625 0.931640625 0.73828125 0.923828125 0.7705078125 0.904296875 0.775390625 0.9140625
1 0.5576171875 0.53125 0.5439453125 0.5185546875 0.578125 0.4814453125 0.5947265625 0.494140625
7 0.873046875 1.2060546875 0.904296875 1.2529296875 0.826171875 1.30078125 0.7998046875 1.2509765625
7 0.62890625 0.8193359375 0.6982421875 0.7802734375 0.7841796875 0.9267578125 0.71484375 0.9658203125
7 0.572265625 0.5517578125 0.6259765625 0.599609375 0.4052734375 0.806640625 0.3525390625 0.751953125
7 0.798828125 0.673828125 0.7216796875 0.759765625 0.5078125 0.5546875 0.58203125 0.4765625
7 0.640625 0.7421875 0.583984375 0.798828125 0.4892578125 0.7060546875 0.54296875 0.6513671875
7 0.82421875 1.0048828125 0.8974609375 0.9599609375 0.93359375 1.0126953125 0.859375 1.056640625
1 0.5693359375 0.5517578125 0.6025390625 0.5859375 0.5908203125 0.595703125 0.55859375 0.5615234375
1 0.548828125 0.57421875 0.5537109375 0.5673828125 0.587890625 0.6064453125 0.5791015625 0.6123046875
1 0.4140625 0.751953125 0.4091796875 0.7548828125 0.3984375 0.740234375 0.40234375 0.736328125
1 0.671875 0.6318359375 0.6650390625 0.623046875 0.6875 0.5927734375 0.6962890625 0.6015625
1 0.6572265625 0.6181640625 0.6494140625 0.6103515625 0.673828125 0.5830078125 0.68359375 0.59375
1 0.64453125 0.60546875 0.6328125 0.5966796875 0.6572265625 0.5693359375 0.6669921875 0.5791015625
1 0.6005859375 0.5673828125 0.5927734375 0.5576171875 0.6220703125 0.5263671875 0.6318359375 0.53125
1 0.59375 0.50390625 0.5986328125 0.5107421875 0.57421875 0.5380859375 0.5673828125 0.533203125
1 0.58984375 0.5556640625 0.5791015625 0.5458984375 0.6064453125 0.513671875 0.6171875 0.5234375
1 0.84765625 1.2568359375 0.83984375 1.2587890625 0.826171875 1.234375 0.8330078125 1.2314453125
1 0.8388671875 1.2255859375 0.8447265625 1.2216796875 0.8603515625 1.24609375 0.8525390625 1.248046875
1 0.85546875 1.224609375 0.8603515625 1.2197265625 0.8740234375 1.2392578125 0.8681640625 1.2412109375
1 0.861328125 1.2080078125 0.87109375 1.2041015625 0.8876953125 1.2333984375 0.8779296875 1.2373046875
1 0.8447265625 1.12890625 0.8505859375 1.125 0.8671875 1.140625 0.859375 1.1474609375
1 0.8564453125 1.1201171875 0.8623046875 1.1162109375 0.8759765625 1.1357421875 0.869140625 1.1396484375
1 0.89453125 1.1337890625 0.888671875 1.13671875 0.873046875 1.1123046875 0.8779296875 1.1083984375
1 0.919921875 1.115234375 0.912109375 1.1181640625 0.896484375 1.095703125 0.904296875 1.08984375
1 0.9326171875 1.1103515625 0.9248046875 1.1142578125 0.908203125 1.0849609375 0.9130859375 1.080078125
1 0.9453125 1.1005859375 0.939453125 1.103515625 0.9189453125 1.076171875 0.92578125 1.0712890625
1 0.974609375 1.0908203125 0.96484375 1.0947265625 0.9443359375 1.0625 0.9521484375 1.0576171875
1 0.9853515625 1.0791015625 0.974609375 1.0830078125 0.9580078125 1.0546875 0.96484375 1.05078125
7 1.021484375 0.9814453125 1.025390625 0.990234375 0.859375 1.09765625 0.8544921875 1.0908203125
1 0.896484375 1.015625 0.900390625 1.0224609375 0.8701171875 1.046875 0.865234375 1.0390625
1 0.8505859375 1.0224609375 0.853515625 1.01953125 0.8642578125 1.0283203125 0.861328125 1.033203125
1 0.849609375 1.025390625 0.8515625 1.0224609375 0.8623046875 1.033203125 0.857421875 1.0361328125
1 0.8642578125 0.9501953125 0.8759765625 0.9658203125 0.833984375 0.9970703125 0.822265625 0.9765625
1 0.7490234375 0.943359375 0.7451171875 0.9345703125 0.7607421875 0.92578125 0.7666015625 0.931640625
1 0.7353515625 0.9169921875 0.732421875 0.91015625 0.7607421875 0.8935546875 0.765625 0.9013671875
1 0.873046875 1.091796875 0.8759765625 1.0966796875 0.8623046875 1.1044921875 0.859375 1.1005859375
1 0.8583984375 1.103515625 0.8603515625 1.1083984375 0.84375 1.119140625 0.837890625 1.1162109375
1 0.8447265625 1.0478515625 0.84765625 1.0458984375 0.857421875 1.056640625 0.853515625 1.05859375
1 0.9638671875 0.998046875 0.9716796875 1.0107421875 0.94140625 1.0283203125 0.9326171875 1.015625
1 0.955078125 0.91015625 0.96484375 0.9248046875 0.9130859375 0.9580078125 0.9013671875 0.9443359375
1 0.9599609375 0.9150390625 0.9658203125 0.912109375 0.9716796875 0.923828125 0.96484375 0.92578125
1 0.8955078125 0.9560546875 0.8984375 0.9521484375 0.9072265625 0.96484375 0.9013671875 0.966796875
1 0.900390625 0.9521484375 0.904296875 0.9501953125 0.91015625 0.962890625 0.9072265625 0.962890625
1 0.9287109375 0.96484375 0.92578125 0.955078125 0.95703125 0.935546875 0.9619140625 0.94140625
1 0.92578125 1.017578125 0.9384765625 1.0341796875 0.8671875 1.078125 0.857421875 1.064453125
1 0.9609375 0.98828125 0.966796875 0.994140625 0.9345703125 1.013671875 0.9287109375 1.0048828125
1 0.8408203125 1.052734375 0.84375 1.0498046875 0.85546875 1.0615234375 0.8525390625 1.064453125
1 0.92578125 1.0087890625 0.9287109375 1.0166015625 0.9072265625 1.0283203125 0.90234375 1.021484375
1 0.822265625 1.0166015625 0.8251953125 1.0126953125 0.8349609375 1.025390625 0.8291015625 1.02734375
1 0.8349609375 1.0302734375 0.8369140625 1.0283203125 0.8447265625 1.0419921875 0.8408203125 1.04296875
1 0.8291015625 1.03515625 0.8330078125 1.03125 0.8388671875 1.0439453125 0.8349609375 1.0458984375
1 0.8349609375 1.0615234375 0.8369140625 1.05859375 0.84765625 1.0693359375 0.8447265625 1.072265625
1 0.837890625 1.056640625 0.8408203125 1.0546875 0.8515625 1.06640625 0.8486328125 1.068359375
1 0.048828125 0.19921875 0.0322265625 0.205078125 0.001953125 0.158203125 0.0029296875 0.1259765625
