4 0.7060546875 0.6953125 0.9033203125 0.787109375 0.8603515625 0.8798828125 0.662109375 0.7890625
10 1.333984375 0.4755859375 1.349609375 0.482421875 1.333984375 0.515625 1.3173828125 0.5068359375
10 1.322265625 0.6484375 1.3369140625 0.65625 1.3212890625 0.6943359375 1.3056640625 0.6865234375
10 1.3408203125 0.6513671875 1.32421875 0.64453125 1.3408203125 0.609375 1.3583984375 0.6162109375
10 1.2998046875 0.6435546875 1.3154296875 0.650390625 1.30078125 0.6875 1.2822265625 0.6787109375
10 1.2802734375 0.63671875 1.294921875 0.6435546875 1.279296875 0.677734375 1.263671875 0.669921875
10 1.3017578125 0.5888671875 1.3173828125 0.5966796875 1.30078125 0.6328125 1.28515625 0.6259765625
10 1.2802734375 0.625 1.265625 0.615234375 1.28125 0.580078125 1.2958984375 0.5869140625
10 1.26171875 0.6181640625 1.244140625 0.6103515625 1.26171875 0.5751953125 1.2763671875 0.5810546875
10 1.21875 0.611328125 1.2333984375 0.6171875 1.216796875 0.65234375 1.203125 0.6435546875
10 1.240234375 0.564453125 1.2568359375 0.5732421875 1.23828125 0.607421875 1.2236328125 0.599609375
10 1.4365234375 0.5224609375 1.451171875 0.529296875 1.4345703125 0.5625 1.4208984375 0.5546875
10 1.41796875 0.509765625 1.4326171875 0.5166015625 1.4150390625 0.552734375 1.3994140625 0.54296875
10 1.3515625 0.5302734375 1.3349609375 0.521484375 1.353515625 0.482421875 1.3701171875 0.490234375
10 1.2958984375 0.4560546875 1.310546875 0.4638671875 1.294921875 0.4970703125 1.2802734375 0.48828125
10 1.37890625 0.7275390625 1.361328125 0.7177734375 1.380859375 0.6748046875 1.3984375 0.68359375
10 0.927734375 1.1826171875 0.9111328125 1.1748046875 0.9287109375 1.1357421875 0.9462890625 1.14453125
10 0.94921875 1.09375 0.9658203125 1.1015625 0.947265625 1.140625 0.931640625 1.1318359375
9 0.9423828125 0.150390625 0.9755859375 0.169921875 0.96875 0.18359375 0.9345703125 0.166015625
9 0.8876953125 0.2451171875 0.8935546875 0.2314453125 0.9296875 0.248046875 0.9228515625 0.2607421875
10 0.9072265625 0.0927734375 0.9208984375 0.087890625 0.9287109375 0.126953125 0.916015625 0.1298828125
10 0.80078125 0.142578125 0.8154296875 0.1396484375 0.822265625 0.173828125 0.8076171875 0.1767578125
10 0.82421875 1.1455078125 0.8603515625 1.13671875 0.8642578125 1.154296875 0.826171875 1.1640625
10 0.8447265625 1.1171875 0.841796875 1.1015625 0.8818359375 1.0947265625 0.884765625 1.1083984375
10 0.9091796875 1.177734375 0.92578125 1.185546875 0.9052734375 1.228515625 0.888671875 1.220703125
10 0.869140625 1.3037109375 0.853515625 1.2958984375 0.8681640625 1.26171875 0.8857421875 1.2705078125
9 0.8486328125 1.3515625 0.8330078125 1.34375 0.849609375 1.306640625 0.8662109375 1.314453125
9 0.8251953125 1.400390625 0.8095703125 1.3916015625 0.8271484375 1.3505859375 0.8427734375 1.3564453125
10 1.3662109375 0.6630859375 1.3798828125 0.671875 1.3623046875 0.7060546875 1.34765625 0.697265625
10 1.4013671875 0.6865234375 1.4169921875 0.6943359375 1.3994140625 0.73046875 1.3837890625 0.72265625
4 0.759765625 0.580078125 0.9560546875 0.669921875 0.9150390625 0.76171875 0.7177734375 0.671875
10 1.30078125 0.7705078125 1.31640625 0.77734375 1.3037109375 0.8076171875 1.2880859375 0.80078125
4 0.8134765625 0.4658203125 1.0078125 0.5546875 0.966796875 0.6474609375 0.7666015625 0.5576171875
4 0.865234375 0.3525390625 1.060546875 0.44140625 1.0185546875 0.5341796875 0.8212890625 0.4443359375
4 0.328125 0.5234375 0.525390625 0.61328125 0.482421875 0.703125 0.2841796875 0.61328125
4 0.380859375 0.40625 0.5791015625 0.49609375 0.53515625 0.58984375 0.3388671875 0.4990234375
4 0.43359375 0.291015625 0.6328125 0.3818359375 0.58984375 0.4765625 0.3896484375 0.3837890625
4 0.4853515625 0.1767578125 0.6826171875 0.267578125 0.640625 0.3603515625 0.4423828125 0.26953125
10 1.423828125 0.8232421875 1.439453125 0.83203125 1.423828125 0.8662109375 1.41015625 0.857421875
10 1.4033203125 0.861328125 1.38671875 0.853515625 1.40234375 0.8212890625 1.41796875 0.8291015625
10 1.3828125 0.8486328125 1.3701171875 0.8427734375 1.380859375 0.8095703125 1.396484375 0.8173828125
10 1.359375 0.802734375 1.3740234375 0.806640625 1.3671875 0.8427734375 1.3505859375 0.8408203125
10 1.3408203125 0.7880859375 1.357421875 0.794921875 1.341796875 0.830078125 1.3271484375 0.822265625
10 1.3212890625 0.783203125 1.3369140625 0.7890625 1.322265625 0.8251953125 1.306640625 0.8173828125
10 1.2802734375 0.810546875 1.263671875 0.802734375 1.28125 0.765625 1.2978515625 0.771484375
10 1.421875 0.640625 1.4384765625 0.6494140625 1.4208984375 0.6845703125 1.4052734375 0.6767578125
10 1.2626953125 0.796875 1.248046875 0.7890625 1.2607421875 0.755859375 1.27734375 0.7626953125
10 1.2392578125 0.7490234375 1.255859375 0.7568359375 1.2421875 0.787109375 1.2265625 0.779296875
10 1.224609375 0.7802734375 1.2080078125 0.7744140625 1.2197265625 0.740234375 1.234375 0.744140625
10 1.2021484375 0.7724609375 1.1875 0.7666015625 1.201171875 0.7314453125 1.216796875 0.736328125
10 1.181640625 0.7666015625 1.1669921875 0.7578125 1.1845703125 0.7158203125 1.2021484375 0.7236328125
10 1.166015625 0.75 1.1513671875 0.744140625 1.1650390625 0.705078125 1.1796875 0.7099609375
10 1.48046875 0.7275390625 1.490234375 0.734375 1.4775390625 0.775390625 1.462890625 0.7666015625
10 1.4609375 0.76171875 1.443359375 0.7529296875 1.458984375 0.7158203125 1.4775390625 0.7236328125
10 1.4794921875 0.716796875 1.4638671875 0.7080078125 1.4833984375 0.6689453125 1.4931640625 0.677734375
10 1.4375 0.7138671875 1.4501953125 0.71875 1.4384765625 0.75390625 1.423828125 0.7490234375
10 1.4208984375 0.6953125 1.4365234375 0.7041015625 1.4208984375 0.740234375 1.4033203125 0.7314453125
10 1.4423828125 0.654296875 1.45703125 0.662109375 1.4404296875 0.6962890625 1.4248046875 0.6875
10 0.7099609375 1.4052734375 0.7080078125 1.3876953125 0.74609375 1.3828125 0.7490234375 1.3984375
