10 1.435546875 0.3701171875 1.443359375 0.3662109375 1.453125 0.3857421875 1.4443359375 0.3896484375
10 1.4287109375 0.0439453125 1.435546875 0.044921875 1.435546875 0.0634765625 1.4287109375 0.0634765625
5 0.9462890625 1.34375 0.9990234375 1.37109375 0.939453125 1.4833984375 0.8876953125 1.458984375
10 1.0537109375 1.1884765625 1.0458984375 1.1845703125 1.052734375 1.169921875 1.060546875 1.1728515625
10 0.955078125 1.0537109375 0.9609375 1.0498046875 0.9716796875 1.0693359375 0.9638671875 1.0732421875
4 0.8408203125 0.9697265625 0.8798828125 0.9404296875 0.939453125 1.0224609375 0.8994140625 1.0517578125
4 0.8896484375 0.9326171875 0.9287109375 0.904296875 0.98828125 0.9873046875 0.94921875 1.0146484375
4 0.806640625 0.791015625 0.84765625 0.76953125 0.896484375 0.8583984375 0.8544921875 0.880859375
10 1.4072265625 0.046875 1.416015625 0.046875 1.416015625 0.0654296875 1.40625 0.064453125
10 1.42578125 0.06640625 1.4189453125 0.0673828125 1.4169921875 0.046875 1.42578125 0.044921875
10 1.4375 0.044921875 1.4453125 0.044921875 1.4453125 0.060546875 1.4375 0.0615234375
5 0.8818359375 1.310546875 0.939453125 1.3408203125 0.8798828125 1.4560546875 0.8203125 1.4287109375
10 1.4482421875 0.044921875 1.4560546875 0.044921875 1.4560546875 0.064453125 1.447265625 0.064453125
10 1.466796875 0.0654296875 1.4580078125 0.064453125 1.458984375 0.0439453125 1.46875 0.0439453125
10 1.40625 0.06640625 1.4150390625 0.06640625 1.416015625 0.087890625 1.40625 0.087890625
10 1.42578125 0.0869140625 1.41796875 0.0869140625 1.4169921875 0.0673828125 1.42578125 0.0693359375
10 1.4287109375 0.0654296875 1.4365234375 0.064453125 1.4365234375 0.08203125 1.4287109375 0.08203125
10 1.439453125 0.0654296875 1.447265625 0.0654296875 1.447265625 0.083984375 1.439453125 0.083984375
10 1.45703125 0.0859375 1.44921875 0.0859375 1.44921875 0.0673828125 1.45703125 0.0673828125
10 1.458984375 0.06640625 1.466796875 0.06640625 1.4658203125 0.0849609375 1.4580078125 0.083984375
5 0.91796875 1.248046875 1.0341796875 1.306640625 1.00390625 1.365234375 0.8876953125 1.3056640625
10 0.96875 1.541015625 0.9736328125 1.5341796875 0.990234375 1.55078125 0.982421875 1.556640625
10 1.421875 0.1162109375 1.4287109375 0.1142578125 1.4326171875 0.130859375 1.4248046875 0.1337890625
10 0.6416015625 0.5263671875 0.6494140625 0.5224609375 0.654296875 0.537109375 0.6474609375 0.5400390625
10 0.2841796875 1.1748046875 0.2919921875 1.171875 0.296875 1.1943359375 0.2880859375 1.1953125
10 0.2958984375 1.1689453125 0.3037109375 1.166015625 0.30859375 1.1884765625 0.30078125 1.189453125
10 0.31640625 1.2177734375 0.333984375 1.232421875 0.328125 1.2412109375 0.310546875 1.224609375
10 0.3271484375 1.20703125 0.3427734375 1.2236328125 0.3369140625 1.2294921875 0.3203125 1.21484375
10 0.099609375 2.2275390625 0.0927734375 2.22265625 0.103515625 2.2080078125 0.1103515625 2.2138671875
10 0.041015625 2.158203125 0.056640625 2.169921875 0.048828125 2.17578125 0.0361328125 2.1650390625
4 0.4755859375 2.0927734375 0.5126953125 2.1240234375 0.4443359375 2.197265625 0.41015625 2.1689453125
10 0.6171875 0.5322265625 0.6259765625 0.529296875 0.634765625 0.548828125 0.626953125 0.552734375
10 0.666015625 0.5166015625 0.671875 0.5146484375 0.6796875 0.5322265625 0.6728515625 0.5361328125
10 0.94921875 1.5625 0.96484375 1.5791015625 0.9599609375 1.583984375 0.9443359375 1.5693359375
10 0.685546875 0.509765625 0.6923828125 0.5078125 0.6982421875 0.5224609375 0.69140625 0.525390625
10 0.7080078125 0.5029296875 0.71484375 0.5 0.7197265625 0.5166015625 0.712890625 0.5185546875
4 0.68359375 0.6767578125 0.7275390625 0.65625 0.7705078125 0.748046875 0.7294921875 0.767578125
4 0.736328125 0.6513671875 0.7802734375 0.630859375 0.8232421875 0.7216796875 0.78125 0.7421875
4 0.7548828125 0.8203125 0.7978515625 0.796875 0.845703125 0.884765625 0.8037109375 0.9091796875
13 0.5390625 1.0517578125 0.904296875 1.2373046875 0.787109375 1.4658203125 0.4248046875 1.275390625
10 0.9423828125 1.59765625 0.9365234375 1.6044921875 0.923828125 1.591796875 0.9306640625 1.5849609375
10 0.953125 1.5869140625 0.947265625 1.59375 0.935546875 1.5810546875 0.9423828125 1.572265625
10 1.423828125 0.1357421875 1.416015625 0.1357421875 1.4130859375 0.119140625 1.4208984375 0.1171875
10 1.431640625 0.1123046875 1.4384765625 0.111328125 1.4423828125 0.126953125 1.4345703125 0.12890625
10 1.447265625 0.3681640625 1.4541015625 0.3642578125 1.462890625 0.3828125 1.455078125 0.38671875
10 1.5263671875 0.236328125 1.51953125 0.240234375 1.5107421875 0.22265625 1.5185546875 0.216796875
10 1.4794921875 0.2578125 1.4716796875 0.2607421875 1.462890625 0.244140625 1.4716796875 0.2392578125
10 1.4560546875 0.2265625 1.462890625 0.2216796875 1.470703125 0.2373046875 1.462890625 0.2412109375
10 1.4736328125 0.23828125 1.48046875 0.234375 1.48828125 0.2509765625 1.482421875 0.25390625
10 1.482421875 0.2119140625 1.4912109375 0.2080078125 1.498046875 0.2255859375 1.490234375 0.2294921875
10 1.4921875 0.23046875 1.498046875 0.2275390625 1.5048828125 0.2421875 1.4970703125 0.2451171875
10 1.47265625 0.216796875 1.4794921875 0.2138671875 1.48828125 0.2314453125 1.482421875 0.234375
10 1.515625 0.2392578125 1.5078125 0.2412109375 1.5 0.2265625 1.5087890625 0.2236328125
10 1.5087890625 0.22265625 1.5009765625 0.2255859375 1.4921875 0.2080078125 1.5009765625 0.203125
10 1.4267578125 0.3037109375 1.4345703125 0.30078125 1.4423828125 0.318359375 1.435546875 0.322265625
10 1.4609375 0.2431640625 1.4541015625 0.248046875 1.4453125 0.23046875 1.453125 0.2255859375
10 1.4375 0.3017578125 1.4462890625 0.296875 1.453125 0.3154296875 1.4453125 0.318359375
10 1.4443359375 0.3203125 1.453125 0.31640625 1.4609375 0.3349609375 1.453125 0.337890625
10 1.4716796875 0.3095703125 1.48046875 0.306640625 1.490234375 0.3251953125 1.4814453125 0.328125
10 1.4345703125 0.32421875 1.44140625 0.322265625 1.4501953125 0.337890625 1.4423828125 0.341796875
10 1.4619140625 0.2900390625 1.4697265625 0.287109375 1.4794921875 0.3046875 1.470703125 0.30859375
10 1.470703125 0.2841796875 1.4794921875 0.2802734375 1.4892578125 0.2998046875 1.48046875 0.302734375
10 1.48046875 0.3505859375 1.490234375 0.3466796875 1.498046875 0.3662109375 1.4892578125 0.3701171875
10 1.45703125 0.3623046875 1.46484375 0.3583984375 1.47265625 0.37890625 1.4638671875 0.380859375
10 1.455078125 0.2490234375 1.4619140625 0.2451171875 1.46875 0.2607421875 1.4619140625 0.263671875
10 1.43359375 0.23046875 1.44140625 0.2265625 1.4501953125 0.2451171875 1.4423828125 0.2490234375
10 1.4404296875 0.109375 1.447265625 0.107421875 1.4521484375 0.1240234375 1.4443359375 0.1259765625
10 1.451171875 0.197265625 1.4453125 0.201171875 1.4365234375 0.1845703125 1.443359375 0.1796875
10 1.44921875 0.10546875 1.45703125 0.103515625 1.4619140625 0.12109375 1.4541015625 0.123046875
10 1.43359375 0.1552734375 1.4248046875 0.15625 1.419921875 0.13671875 1.4287109375 0.134765625
10 1.443359375 0.1513671875 1.4345703125 0.1533203125 1.4306640625 0.1357421875 1.4384765625 0.1337890625
10 1.4404296875 0.130859375 1.447265625 0.12890625 1.453125 0.1484375 1.4453125 0.150390625
10 1.451171875 0.126953125 1.458984375 0.1259765625 1.462890625 0.1474609375 1.4541015625 0.146484375
10 1.462890625 0.125 1.4697265625 0.1240234375 1.47265625 0.142578125 1.46484375 0.14453125
10 1.4169921875 0.19140625 1.4248046875 0.1875 1.4326171875 0.205078125 1.42578125 0.2080078125
10 1.44140625 0.2021484375 1.435546875 0.205078125 1.4267578125 0.1884765625 1.4345703125 0.18359375
10 1.4443359375 0.1787109375 1.4501953125 0.17578125 1.458984375 0.19140625 1.4521484375 0.1943359375
10 1.43359375 0.2783203125 1.4267578125 0.2802734375 1.41796875 0.2626953125 1.42578125 0.2587890625
10 1.453125 0.17578125 1.4599609375 0.171875 1.4677734375 0.189453125 1.4599609375 0.193359375
10 1.4794921875 0.1884765625 1.4716796875 0.1923828125 1.4619140625 0.171875 1.46875 0.16796875
10 1.490234375 0.1845703125 1.4814453125 0.1884765625 1.4716796875 0.169921875 1.4794921875 0.166015625
10 1.392578125 0.2529296875 1.400390625 0.25 1.40625 0.265625 1.3994140625 0.2685546875
10 1.400390625 0.2705078125 1.4072265625 0.2666015625 1.416015625 0.2861328125 1.408203125 0.2900390625
10 1.400390625 0.2509765625 1.408203125 0.248046875 1.416015625 0.2646484375 1.408203125 0.267578125
10 1.4091796875 0.26953125 1.4169921875 0.265625 1.4248046875 0.2822265625 1.41796875 0.2861328125
10 1.408203125 0.2421875 1.4150390625 0.23828125 1.4248046875 0.2578125 1.4169921875 0.2607421875
10 0.271484375 1.1806640625 0.28125 1.1787109375 0.287109375 1.19921875 0.279296875 1.2021484375
