13 0.66796875 0.5126953125 0.7041015625 0.5390625 0.6494140625 0.6181640625 0.611328125 0.59375
6 0.67578125 0.4765625 0.7421875 0.517578125 0.654296875 0.65234375 0.5859375 0.603515625
2 0.37890625 0.2626953125 0.431640625 0.2626953125 0.431640625 0.31640625 0.37890625 0.31640625
2 0.3232421875 0.322265625 0.3759765625 0.322265625 0.3759765625 0.37109375 0.3232421875 0.37109375
2 0.3798828125 0.322265625 0.4345703125 0.322265625 0.4345703125 0.369140625 0.3798828125 0.369140625
2 0.32421875 0.3798828125 0.37890625 0.3798828125 0.37890625 0.4306640625 0.32421875 0.4306640625
2 0.37890625 0.37890625 0.43359375 0.37890625 0.43359375 0.4296875 0.37890625 0.4296875
2 0.478515625 0.1259765625 0.5322265625 0.1259765625 0.5322265625 0.17578125 0.478515625 0.17578125
2 0.5390625 0.125 0.587890625 0.125 0.587890625 0.1728515625 0.5390625 0.1728515625
2 0.59375 0.119140625 0.6435546875 0.119140625 0.6435546875 0.1708984375 0.59375 0.1708984375
2 0.6484375 0.1181640625 0.69921875 0.1181640625 0.69921875 0.171875 0.6484375 0.171875
2 0.5419921875 0.208984375 0.5908203125 0.208984375 0.5908203125 0.2568359375 0.5419921875 0.2568359375
2 0.59375 0.2041015625 0.64453125 0.2041015625 0.64453125 0.25390625 0.59375 0.25390625
2 0.54296875 0.2626953125 0.591796875 0.2626953125 0.591796875 0.3095703125 0.54296875 0.3095703125
2 0.5966796875 0.2607421875 0.64453125 0.2607421875 0.64453125 0.3056640625 0.5966796875 0.3056640625
2 0.54296875 0.3173828125 0.59375 0.3173828125 0.59375 0.3662109375 0.54296875 0.3662109375
2 0.5966796875 0.314453125 0.6474609375 0.314453125 0.6474609375 0.3642578125 0.5966796875 0.3642578125
2 0.5439453125 0.3701171875 0.59375 0.3701171875 0.59375 0.419921875 0.5439453125 0.419921875
2 0.59765625 0.369140625 0.6484375 0.369140625 0.6484375 0.419921875 0.59765625 0.419921875
2 0.3193359375 0.263671875 0.3740234375 0.263671875 0.3740234375 0.31640625 0.3193359375 0.31640625
