10 2.6455078125 1.7705078125 2.6396484375 1.7841796875 2.603515625 1.7724609375 2.611328125 1.7548828125
10 0.4931640625 0.61328125 0.478515625 0.62109375 0.4541015625 0.5908203125 0.46875 0.5791015625
10 0.283203125 0.3095703125 0.3017578125 0.3095703125 0.2998046875 0.34765625 0.28125 0.3466796875
10 0.3828125 0.3623046875 0.3984375 0.373046875 0.3779296875 0.4111328125 0.36328125 0.40234375
10 0.330078125 0.4248046875 0.3486328125 0.421875 0.3544921875 0.4580078125 0.3369140625 0.4609375
10 0.3447265625 0.5 0.365234375 0.49609375 0.3740234375 0.533203125 0.3544921875 0.5380859375
10 0.3564453125 0.5458984375 0.375 0.5419921875 0.384765625 0.578125 0.3662109375 0.580078125
10 0.5244140625 0.556640625 0.521484375 0.5693359375 0.4814453125 0.560546875 0.484375 0.5458984375
10 0.38671875 0.658203125 0.4052734375 0.6552734375 0.416015625 0.6943359375 0.396484375 0.69921875
10 2.732421875 1.744140625 2.7734375 1.7607421875 2.76953125 1.7744140625 2.7265625 1.759765625
10 0.3984375 0.70703125 0.416015625 0.703125 0.42578125 0.740234375 0.4072265625 0.7451171875
10 0.4130859375 0.763671875 0.431640625 0.7607421875 0.44140625 0.8046875 0.421875 0.8076171875
10 0.4453125 0.9580078125 0.4658203125 0.95703125 0.4736328125 0.9990234375 0.455078125 1.0009765625
10 0.2490234375 0.638671875 0.248046875 0.6240234375 0.283203125 0.6201171875 0.2841796875 0.63671875
10 0.1796875 0.6552734375 0.1767578125 0.6416015625 0.212890625 0.63671875 0.21484375 0.6494140625
12 2.0107421875 1.4169921875 2.44140625 1.4169921875 2.44140625 1.83984375 2.0107421875 1.83984375
10 0.6630859375 1.5888671875 0.6474609375 1.595703125 0.6328125 1.5634765625 0.6455078125 1.5556640625
10 0.884765625 2.3369140625 0.896484375 2.3291015625 0.9140625 2.357421875 0.90234375 2.3662109375
10 0.755859375 2.0166015625 0.7734375 2.0107421875 0.7919921875 2.0498046875 0.7724609375 2.0576171875
10 0.8720703125 0.6640625 0.8759765625 0.6484375 0.9091796875 0.654296875 0.9052734375 0.671875
10 0.9150390625 0.671875 0.91796875 0.65625 0.958984375 0.666015625 0.9560546875 0.6845703125
10 1.033203125 0.7275390625 1.017578125 0.736328125 0.99609375 0.70703125 1.0126953125 0.6953125
10 0.984375 2.462890625 0.9697265625 2.4677734375 0.9521484375 2.4501953125 0.9677734375 2.44140625
10 1.9228515625 0.1015625 1.908203125 0.111328125 1.884765625 0.076171875 1.90234375 0.0673828125
10 1.8115234375 0.169921875 1.798828125 0.1767578125 1.7822265625 0.15234375 1.796875 0.1435546875
10 2.0830078125 2.3359375 2.06640625 2.33203125 2.0751953125 2.2998046875 2.08984375 2.302734375
10 2.1142578125 2.2626953125 2.126953125 2.2646484375 2.1201171875 2.3017578125 2.1044921875 2.2978515625
10 2.0537109375 1.3974609375 2.0908203125 1.37109375 2.1015625 1.38671875 2.06640625 1.4130859375
10 2.40234375 2.4619140625 2.3984375 2.4765625 2.3623046875 2.46875 2.3662109375 2.4521484375
10 2.4609375 1.80859375 2.4482421875 1.798828125 2.4658203125 1.76953125 2.48046875 1.779296875
10 2.4990234375 1.541015625 2.515625 1.5380859375 2.5185546875 1.5703125 2.501953125 1.572265625
10 2.6201171875 1.701171875 2.658203125 1.716796875 2.6513671875 1.7314453125 2.6142578125 1.716796875
10 2.673828125 1.7265625 2.7041015625 1.73828125 2.69921875 1.7509765625 2.669921875 1.740234375
12 0.5439453125 1.54296875 0.630859375 1.54296875 0.630859375 1.630859375 0.5439453125 1.630859375
