4 1.05859375 0.841796875 1.0986328125 0.841796875 1.0986328125 0.9287109375 1.05859375 0.9287109375
14 1.0009765625 0.25 1.029296875 0.25 1.029296875 0.2822265625 1.0009765625 0.2822265625
14 0.5322265625 0.2412109375 0.5712890625 0.2412109375 0.5712890625 0.2587890625 0.5322265625 0.2587890625
14 0.2685546875 0.5380859375 0.29296875 0.5380859375 0.29296875 0.5849609375 0.2685546875 0.5849609375
14 0.4609375 0.482421875 0.5 0.482421875 0.5 0.501953125 0.4609375 0.501953125
14 0.5166015625 0.4853515625 0.5634765625 0.4853515625 0.5634765625 0.505859375 0.5166015625 0.505859375
14 0.455078125 0.5107421875 0.5009765625 0.5107421875 0.5009765625 0.529296875 0.455078125 0.529296875
14 0.2685546875 0.615234375 0.2919921875 0.615234375 0.2919921875 0.6630859375 0.2685546875 0.6630859375
14 0.2685546875 0.681640625 0.2841796875 0.681640625 0.2841796875 0.724609375 0.2685546875 0.724609375
14 0.44921875 0.7939453125 0.4912109375 0.7939453125 0.4912109375 0.81640625 0.44921875 0.81640625
14 0.259765625 0.890625 0.279296875 0.890625 0.279296875 0.927734375 0.259765625 0.927734375
14 0.2509765625 1.0888671875 0.2783203125 1.0888671875 0.2783203125 1.1328125 0.2509765625 1.1328125
14 0.5 1.041015625 0.541015625 1.041015625 0.541015625 1.064453125 0.5 1.064453125
14 0.5654296875 1.3203125 0.609375 1.3203125 0.609375 1.341796875 0.5654296875 1.341796875
14 1.0048828125 0.10546875 1.0205078125 0.10546875 1.0205078125 0.13671875 1.0048828125 0.13671875
14 1.0029296875 0.037109375 1.0341796875 0.037109375 1.0341796875 0.060546875 1.0029296875 0.060546875
14 0.9375 0.25 0.9697265625 0.25 0.9697265625 0.27734375 0.9375 0.27734375
4 1.1240234375 0.8447265625 1.15234375 0.8447265625 1.15234375 0.9306640625 1.1240234375 0.9306640625
14 0.9521484375 0.287109375 0.982421875 0.287109375 0.982421875 0.30859375 0.9521484375 0.30859375
14 0.9951171875 0.439453125 1.017578125 0.439453125 1.017578125 0.474609375 0.9951171875 0.474609375
14 0.94921875 0.4560546875 0.9833984375 0.4560546875 0.9833984375 0.49609375 0.94921875 0.49609375
14 0.9267578125 0.521484375 0.9609375 0.521484375 0.9609375 0.5419921875 0.9267578125 0.5419921875
14 0.7236328125 0.763671875 0.771484375 0.763671875 0.771484375 0.791015625 0.7236328125 0.791015625
14 0.916015625 0.8056640625 0.9521484375 0.8056640625 0.9521484375 0.8330078125 0.916015625 0.8330078125
14 0.939453125 0.8955078125 0.9677734375 0.8955078125 0.9677734375 0.9296875 0.939453125 0.9296875
14 0.779296875 1.0498046875 0.828125 1.0498046875 0.828125 1.076171875 0.779296875 1.076171875
14 0.9365234375 1.0146484375 0.96484375 1.0146484375 0.96484375 1.056640625 0.9365234375 1.056640625
14 0.7900390625 1.3251953125 0.8193359375 1.3251953125 0.8193359375 1.349609375 0.7900390625 1.349609375
4 0.998046875 0.7099609375 1.037109375 0.7099609375 1.037109375 0.7958984375 0.998046875 0.7958984375
4 0.9951171875 0.83984375 1.033203125 0.83984375 1.033203125 0.9267578125 0.9951171875 0.9267578125
4 1.060546875 0.7109375 1.103515625 0.7109375 1.103515625 0.798828125 1.060546875 0.798828125
4 1.12890625 0.71484375 1.1572265625 0.71484375 1.1572265625 0.798828125 1.12890625 0.798828125
14 0.2802734375 0.2646484375 0.2998046875 0.2646484375 0.2998046875 0.30859375 0.2802734375 0.30859375
