14 4.13671875 0.6142578125 4.1669921875 0.6376953125 4.1552734375 0.65625 4.123046875 0.6337890625
6 0.982421875 0.58984375 1.5556640625 0.58984375 1.5556640625 0.814453125 0.982421875 0.814453125
14 0.34375 0.4140625 0.3779296875 0.4140625 0.376953125 0.4384765625 0.3427734375 0.4384765625
14 0.513671875 0.08984375 0.5556640625 0.08984375 0.5576171875 0.1171875 0.5146484375 0.1162109375
14 0.6064453125 0.318359375 0.6416015625 0.3173828125 0.6435546875 0.3408203125 0.6083984375 0.3427734375
14 1.0966796875 0.068359375 1.1376953125 0.06640625 1.1396484375 0.08984375 1.0966796875 0.0927734375
14 1.095703125 0.30859375 1.134765625 0.306640625 1.13671875 0.3291015625 1.095703125 0.33203125
14 1.1806640625 0.365234375 1.205078125 0.3642578125 1.20703125 0.3984375 1.1796875 0.3984375
14 0.2763671875 1.21875 0.31640625 1.2177734375 0.31640625 1.23828125 0.275390625 1.236328125
5 0.599609375 0.8974609375 0.6640625 0.8974609375 0.6640625 0.9921875 0.599609375 0.9921875
5 0.666015625 0.89453125 0.7333984375 0.89453125 0.7333984375 0.9921875 0.666015625 0.9921875
4 0.6025390625 0.7646484375 0.6533203125 0.7646484375 0.6533203125 0.8603515625 0.6025390625 0.8603515625
4 0.6640625 0.763671875 0.71875 0.763671875 0.71875 0.8583984375 0.6640625 0.8583984375
3 0.7509765625 0.55078125 0.9228515625 0.5498046875 0.9228515625 0.7216796875 0.751953125 0.7265625
13 1.7744140625 0.4892578125 2.251953125 0.4892578125 2.251953125 0.7802734375 1.7744140625 0.7802734375
14 4.06640625 0.3369140625 4.08984375 0.33984375 4.0908203125 0.37109375 4.0693359375 0.37109375
14 2.044921875 0.2509765625 2.06640625 0.2421875 2.0859375 0.2763671875 2.06640625 0.2890625
14 2.09375 1.265625 2.12109375 1.26953125 2.11328125 1.310546875 2.0859375 1.3046875
14 2.1318359375 1.26953125 2.154296875 1.2626953125 2.1611328125 1.298828125 2.13671875 1.3046875
14 2.673828125 1.24609375 2.69921875 1.2607421875 2.68359375 1.29296875 2.658203125 1.28515625
6 2.4462890625 0.39453125 3.1513671875 0.39453125 3.1513671875 0.732421875 2.4462890625 0.732421875
13 2.55859375 0.466796875 2.98828125 0.466796875 2.98828125 0.6748046875 2.55859375 0.6748046875
2 3.4755859375 1.4580078125 3.6669921875 1.4580078125 3.6669921875 1.646484375 3.4755859375 1.646484375
2 3.681640625 1.29296875 3.8046875 1.29296875 3.8046875 1.41015625 3.681640625 1.41015625
14 3.84375 0.0859375 3.869140625 0.10546875 3.841796875 0.1396484375 3.814453125 0.1201171875
14 3.7890625 0.1884765625 3.81640625 0.185546875 3.8203125 0.2255859375 3.7958984375 0.23046875
14 3.79296875 0.4296875 3.8212890625 0.4287109375 3.8212890625 0.47265625 3.7939453125 0.47265625
14 4.1083984375 0.2421875 4.1376953125 0.240234375 4.140625 0.28515625 4.1103515625 0.2880859375
14 0.3212890625 0.068359375 0.34765625 0.0654296875 0.34765625 0.1083984375 0.322265625 0.109375
