5 0.583984375 0.439453125 0.6484375 0.47265625 0.6259765625 0.5146484375 0.5625 0.482421875
5 0.607421875 0.39453125 0.6708984375 0.427734375 0.6484375 0.4697265625 0.5859375 0.4384765625
5 0.630859375 0.3505859375 0.6953125 0.3837890625 0.673828125 0.42578125 0.6103515625 0.392578125
13 0.3662109375 0.3408203125 0.4609375 0.38671875 0.3984375 0.4970703125 0.310546875 0.4453125
13 0.4267578125 0.23828125 0.505859375 0.279296875 0.4560546875 0.3740234375 0.3759765625 0.3330078125
13 0.884765625 0.490234375 1.119140625 0.56640625 0.9716796875 1.0205078125 0.7314453125 0.951171875
6 0.8818359375 0.4326171875 1.1494140625 0.541015625 0.984375 1.0634765625 0.68359375 0.9833984375
4 1.126953125 0.4130859375 1.1630859375 0.435546875 1.123046875 0.513671875 1.0830078125 0.494140625
4 1.0771484375 0.384765625 1.115234375 0.40625 1.0732421875 0.4873046875 1.03515625 0.4677734375
4 1.029296875 0.3603515625 1.0673828125 0.3828125 1.0234375 0.4619140625 0.984375 0.4404296875
4 0.98046875 0.333984375 1.017578125 0.35546875 0.974609375 0.435546875 0.9375 0.416015625
4 0.9296875 0.30859375 0.9677734375 0.3310546875 0.92578125 0.408203125 0.8876953125 0.390625
