4 0.333984375 0.439453125 0.3505859375 0.427734375 0.37890625 0.4609375 0.36328125 0.474609375
4 0.46484375 0.423828125 0.4794921875 0.412109375 0.505859375 0.4443359375 0.4921875 0.458984375
4 0.4423828125 0.4423828125 0.4580078125 0.4287109375 0.4853515625 0.462890625 0.4697265625 0.4765625
4 0.4208984375 0.458984375 0.4375 0.4453125 0.4638671875 0.48046875 0.44921875 0.494140625
4 0.400390625 0.4755859375 0.416015625 0.4638671875 0.443359375 0.4990234375 0.4267578125 0.5107421875
4 0.3779296875 0.4931640625 0.392578125 0.48046875 0.4208984375 0.515625 0.4052734375 0.529296875
4 0.4208984375 0.3701171875 0.4365234375 0.359375 0.462890625 0.392578125 0.4482421875 0.404296875
4 0.3994140625 0.3876953125 0.4140625 0.375 0.44140625 0.41015625 0.4267578125 0.4208984375
4 0.3779296875 0.40625 0.392578125 0.3935546875 0.4208984375 0.4267578125 0.40625 0.439453125
4 0.3564453125 0.421875 0.37109375 0.41015625 0.3994140625 0.443359375 0.384765625 0.4560546875
5 0.2685546875 0.400390625 0.2919921875 0.3828125 0.3212890625 0.4208984375 0.298828125 0.4375
5 0.3681640625 0.3203125 0.3916015625 0.3017578125 0.4228515625 0.341796875 0.4013671875 0.3603515625
5 0.3427734375 0.33984375 0.3671875 0.322265625 0.3984375 0.361328125 0.375 0.380859375
5 0.318359375 0.3603515625 0.33984375 0.341796875 0.373046875 0.3818359375 0.3515625 0.3984375
5 0.29296875 0.380859375 0.3154296875 0.36328125 0.345703125 0.4013671875 0.32421875 0.41796875
13 0.458984375 0.599609375 0.5439453125 0.5302734375 0.68359375 0.701171875 0.5986328125 0.7734375
