13 1.3037109375 1.158203125 1.455078125 1.1630859375 1.447265625 1.384765625 1.294921875 1.37890625
10 1.2705078125 0.837890625 1.2802734375 0.837890625 1.2802734375 0.8427734375 1.2705078125 0.8427734375
10 1.271484375 0.8291015625 1.28125 0.8291015625 1.28125 0.8330078125 1.271484375 0.8330078125
10 1.271484375 0.82421875 1.28125 0.82421875 1.28125 0.8291015625 1.271484375 0.8291015625
10 1.2724609375 0.8193359375 1.28125 0.8193359375 1.28125 0.82421875 1.2724609375 0.82421875
10 1.2724609375 0.8134765625 1.2822265625 0.8134765625 1.2822265625 0.818359375 1.2724609375 0.818359375
10 1.2724609375 0.80859375 1.28125 0.80859375 1.28125 0.8134765625 1.2724609375 0.8134765625
10 1.2724609375 0.8037109375 1.2822265625 0.8037109375 1.2822265625 0.80859375 1.2724609375 0.80859375
10 1.2724609375 0.798828125 1.2822265625 0.798828125 1.2822265625 0.8037109375 1.2724609375 0.8037109375
10 1.2724609375 0.7939453125 1.2822265625 0.7939453125 1.2822265625 0.7978515625 1.2724609375 0.7978515625
10 1.2724609375 0.7890625 1.2822265625 0.7890625 1.2822265625 0.7939453125 1.2724609375 0.7939453125
10 1.2509765625 0.7880859375 1.259765625 0.7880859375 1.259765625 0.7939453125 1.2509765625 0.7939453125
10 1.251953125 0.7626953125 1.2607421875 0.7626953125 1.2607421875 0.767578125 1.251953125 0.767578125
10 1.2734375 0.7626953125 1.283203125 0.7626953125 1.283203125 0.7685546875 1.2734375 0.7685546875
10 1.2734375 0.75390625 1.283203125 0.75390625 1.283203125 0.7587890625 1.2734375 0.7587890625
10 1.267578125 0.8818359375 1.2666015625 0.8779296875 1.2744140625 0.8779296875 1.2744140625 0.8818359375
10 1.2666015625 0.8828125 1.275390625 0.8828125 1.275390625 0.88671875 1.2666015625 0.88671875
10 1.2666015625 0.8916015625 1.2763671875 0.8916015625 1.2763671875 0.8974609375 1.2666015625 0.8974609375
10 1.265625 0.90234375 1.2744140625 0.90234375 1.2744140625 0.90625 1.265625 0.90625
10 1.263671875 0.947265625 1.2734375 0.947265625 1.2734375 0.9521484375 1.263671875 0.9521484375
10 1.2626953125 0.931640625 1.2734375 0.931640625 1.2734375 0.9365234375 1.2626953125 0.9365234375
10 1.271484375 0.8330078125 1.28125 0.8330078125 1.28125 0.837890625 1.271484375 0.837890625
10 1.2705078125 0.84375 1.2802734375 0.84375 1.2802734375 0.84765625 1.2705078125 0.84765625
9 1.2646484375 0.9189453125 1.275390625 0.9189453125 1.275390625 0.9228515625 1.2646484375 0.9228515625
10 1.25 0.7978515625 1.259765625 0.7978515625 1.259765625 0.802734375 1.25 0.802734375
10 2.033203125 1.6826171875 2.0380859375 1.6826171875 2.0380859375 1.6923828125 2.033203125 1.6923828125
10 2.0283203125 1.6826171875 2.033203125 1.6826171875 2.033203125 1.6923828125 2.0283203125 1.6923828125
10 2.0224609375 1.6826171875 2.0263671875 1.6826171875 2.0263671875 1.6923828125 2.0224609375 1.6923828125
10 2.015625 1.681640625 2.0205078125 1.681640625 2.0205078125 1.6923828125 2.015625 1.6923828125
10 2.0078125 1.681640625 2.013671875 1.681640625 2.013671875 1.6923828125 2.0078125 1.6923828125
10 2.0263671875 1.66796875 2.0302734375 1.66796875 2.0302734375 1.6767578125 2.0263671875 1.6767578125
10 2.021484375 1.66796875 2.025390625 1.66796875 2.025390625 1.6787109375 2.021484375 1.6787109375
10 2.0166015625 1.66796875 2.01953125 1.66796875 2.01953125 1.677734375 2.0166015625 1.677734375
10 2.017578125 1.646484375 2.021484375 1.646484375 2.021484375 1.6552734375 2.017578125 1.6552734375
10 2.0087890625 1.6669921875 2.013671875 1.6669921875 2.013671875 1.6767578125 2.0087890625 1.6767578125
10 2.0087890625 1.646484375 2.013671875 1.646484375 2.013671875 1.65625 2.0087890625 1.65625
10 2.00390625 1.646484375 2.0078125 1.646484375 2.0078125 1.6552734375 2.00390625 1.6552734375
10 1.9970703125 1.64453125 2.001953125 1.64453125 2.001953125 1.6552734375 1.9970703125 1.6552734375
10 2.0185546875 1.63671875 2.0224609375 1.63671875 2.0224609375 1.6455078125 2.0185546875 1.6455078125
10 2.0126953125 1.6376953125 2.0166015625 1.6376953125 2.0166015625 1.646484375 2.0126953125 1.646484375
10 2.0234375 1.6357421875 2.02734375 1.6357421875 2.02734375 1.646484375 2.0234375 1.646484375
10 1.25 0.818359375 1.2587890625 0.818359375 1.2587890625 0.822265625 1.25 0.822265625
10 1.2490234375 0.8125 1.259765625 0.8125 1.259765625 0.8173828125 1.2490234375 0.8173828125
10 1.25 0.8076171875 1.259765625 0.8076171875 1.259765625 0.8115234375 1.25 0.8115234375
9 1.2646484375 0.923828125 1.2744140625 0.923828125 1.2744140625 0.927734375 1.2646484375 0.927734375
9 1.2646484375 0.912109375 1.275390625 0.912109375 1.275390625 0.9169921875 1.2646484375 0.9169921875
10 2.013671875 1.6943359375 2.017578125 1.6943359375 2.017578125 1.7041015625 2.013671875 1.7041015625
10 0.6337890625 0.8310546875 0.638671875 0.8310546875 0.638671875 0.841796875 0.6337890625 0.841796875
10 0.611328125 1.5380859375 0.6162109375 1.5380859375 0.6162109375 1.5478515625 0.611328125 1.5478515625
10 0.5 1.623046875 0.5048828125 1.623046875 0.5048828125 1.6337890625 0.5 1.6337890625
9 0.6494140625 1.5908203125 0.65625 1.5908203125 0.65625 1.615234375 0.6494140625 1.615234375
10 0.5185546875 1.6943359375 0.5224609375 1.6943359375 0.5224609375 1.705078125 0.5185546875 1.705078125
12 0.5078125 1.78125 0.6181640625 1.78125 0.6181640625 1.8955078125 0.5078125 1.8955078125
10 0.6025390625 2.08984375 0.6064453125 2.08984375 0.60546875 2.099609375 0.6025390625 2.099609375
10 0.4833984375 2.224609375 0.4873046875 2.224609375 0.4873046875 2.2333984375 0.482421875 2.234375
10 0.4931640625 2.3251953125 0.4970703125 2.326171875 0.49609375 2.3330078125 0.4921875 2.3330078125
10 0.388671875 0.08203125 0.392578125 0.0810546875 0.39453125 0.087890625 0.390625 0.0888671875
10 0.3837890625 0.083984375 0.3876953125 0.083984375 0.3876953125 0.0888671875 0.3837890625 0.0888671875
10 0.3779296875 0.0859375 0.3818359375 0.0859375 0.3828125 0.09375 0.37890625 0.09375
9 0.3662109375 0.0830078125 0.3681640625 0.0869140625 0.3603515625 0.0908203125 0.359375 0.0869140625
10 0.3671875 0.0751953125 0.3681640625 0.0791015625 0.3623046875 0.0830078125 0.3603515625 0.0791015625
10 0.3623046875 0.060546875 0.3642578125 0.06640625 0.35546875 0.0712890625 0.3525390625 0.06640625
10 0.361328125 0.0703125 0.36328125 0.0732421875 0.359375 0.078125 0.3564453125 0.0751953125
10 0.35546875 0.056640625 0.3583984375 0.060546875 0.34765625 0.068359375 0.3447265625 0.064453125
9 0.3369140625 0.052734375 0.3544921875 0.04296875 0.3583984375 0.0498046875 0.33984375 0.05859375
9 0.333984375 0.041015625 0.349609375 0.037109375 0.3505859375 0.0439453125 0.3359375 0.0478515625
10 0.314453125 0.025390625 0.322265625 0.0224609375 0.3232421875 0.0263671875 0.31640625 0.0283203125
10 0.6025390625 1.5693359375 0.6083984375 1.5693359375 0.6083984375 1.5791015625 0.6025390625 1.5791015625
10 0.634765625 0.7783203125 0.640625 0.7783203125 0.640625 0.7900390625 0.634765625 0.7900390625
9 1.244140625 0.9228515625 1.25390625 0.923828125 1.2529296875 0.9287109375 1.244140625 0.927734375
10 0.3935546875 0.0791015625 0.3984375 0.078125 0.4013671875 0.0869140625 0.3974609375 0.087890625
9 1.244140625 0.9169921875 1.25390625 0.91796875 1.2529296875 0.9228515625 1.244140625 0.921875
9 1.2451171875 0.9013671875 1.25390625 0.90234375 1.25390625 0.9072265625 1.244140625 0.90625
13 0.85546875 0.7109375 0.9619140625 0.71484375 0.9599609375 0.783203125 0.853515625 0.7783203125
10 1.021484375 0.623046875 1.0244140625 0.623046875 1.0244140625 0.6298828125 1.021484375 0.6298828125
10 1.041015625 0.6025390625 1.048828125 0.603515625 1.0478515625 0.607421875 1.0400390625 0.6064453125
10 1.02734375 0.6025390625 1.02734375 0.607421875 1.01953125 0.6064453125 1.01953125 0.6025390625
10 0.8671875 0.609375 0.8662109375 0.61328125 0.859375 0.61328125 0.859375 0.609375
10 1.0478515625 0.466796875 1.05078125 0.46484375 1.0546875 0.4716796875 1.0517578125 0.474609375
10 1.041015625 0.466796875 1.044921875 0.46484375 1.0478515625 0.47265625 1.044921875 0.4736328125
10 1.0361328125 0.4658203125 1.0400390625 0.46484375 1.0419921875 0.4736328125 1.0390625 0.4736328125
10 1.0546875 0.4951171875 1.0546875 0.490234375 1.0615234375 0.490234375 1.0615234375 0.494140625
10 1.0439453125 0.494140625 1.0439453125 0.490234375 1.0517578125 0.4892578125 1.0517578125 0.494140625
10 1.03125 0.494140625 1.03125 0.490234375 1.0400390625 0.490234375 1.0400390625 0.494140625
10 0.861328125 0.4775390625 0.861328125 0.47265625 0.8720703125 0.4736328125 0.8720703125 0.478515625
10 0.8466796875 0.279296875 0.8427734375 0.2763671875 0.8486328125 0.2685546875 0.8525390625 0.2705078125
10 0.736328125 0.3544921875 0.7314453125 0.3505859375 0.7373046875 0.3447265625 0.7421875 0.34765625
10 0.9228515625 0.1396484375 0.9248046875 0.1416015625 0.919921875 0.1484375 0.9169921875 0.1455078125
9 0.9228515625 0.138671875 0.91796875 0.134765625 0.927734375 0.123046875 0.9326171875 0.126953125
10 0.400390625 0.076171875 0.4033203125 0.07421875 0.4072265625 0.083984375 0.4033203125 0.0859375
10 2.0078125 1.6943359375 2.0126953125 1.6943359375 2.0126953125 1.7041015625 2.0078125 1.7041015625
10 2.021484375 1.6962890625 2.0263671875 1.6962890625 2.0263671875 1.705078125 2.021484375 1.705078125
12 0.490234375 0.41015625 0.7275390625 0.41015625 0.7275390625 0.6533203125 0.490234375 0.6533203125
10 1.9248046875 0.9462890625 1.93359375 0.9462890625 1.93359375 0.9521484375 1.9248046875 0.9521484375
10 1.86328125 0.94921875 1.873046875 0.94921875 1.873046875 0.9541015625 1.86328125 0.9541015625
10 1.86328125 0.9375 1.873046875 0.9375 1.873046875 0.9423828125 1.86328125 0.9423828125
10 1.86328125 0.927734375 1.873046875 0.927734375 1.873046875 0.93359375 1.86328125 0.93359375
10 2.05078125 0.8134765625 2.0537109375 0.8134765625 2.0537109375 0.8212890625 2.05078125 0.8212890625
10 2.0263671875 0.6591796875 2.0302734375 0.6591796875 2.0302734375 0.6669921875 2.0263671875 0.6669921875
10 2.01171875 0.658203125 2.0146484375 0.658203125 2.0146484375 0.666015625 2.01171875 0.666015625
10 2.0048828125 0.6572265625 2.009765625 0.6572265625 2.009765625 0.666015625 2.0048828125 0.666015625
10 1.9990234375 0.6572265625 2.00390625 0.6572265625 2.00390625 0.666015625 1.9990234375 0.666015625
10 1.9931640625 0.658203125 1.9970703125 0.658203125 1.9970703125 0.666015625 1.9931640625 0.666015625
10 1.9853515625 0.65625 1.990234375 0.65625 1.990234375 0.666015625 1.9853515625 0.666015625
10 1.978515625 0.6552734375 1.9833984375 0.6552734375 1.9833984375 0.6640625 1.978515625 0.6640625
10 1.9716796875 0.6552734375 1.9755859375 0.6552734375 1.9755859375 0.6640625 1.9716796875 0.6640625
10 2.0048828125 0.6376953125 2.013671875 0.6376953125 2.013671875 0.642578125 2.0048828125 0.642578125
10 1.9931640625 0.634765625 2.0029296875 0.634765625 2.0029296875 0.640625 1.9931640625 0.640625
10 1.9814453125 0.63671875 1.9892578125 0.63671875 1.9892578125 0.640625 1.9814453125 0.640625
10 1.9619140625 0.634765625 1.9697265625 0.634765625 1.9697265625 0.6396484375 1.9619140625 0.6396484375
10 1.9501953125 0.634765625 1.958984375 0.634765625 1.958984375 0.6396484375 1.9501953125 0.6396484375
10 1.9375 0.6357421875 1.9453125 0.6357421875 1.9453125 0.6396484375 1.9375 0.6396484375
10 1.888671875 0.6328125 1.896484375 0.6328125 1.896484375 0.6376953125 1.888671875 0.6376953125
10 1.888671875 0.9296875 1.896484375 0.9296875 1.896484375 0.93359375 1.888671875 0.93359375
10 1.865234375 0.8896484375 1.8740234375 0.8896484375 1.8740234375 0.89453125 1.865234375 0.89453125
10 1.8515625 0.6318359375 1.859375 0.6318359375 1.859375 0.63671875 1.8515625 0.63671875
9 2.2197265625 0.41015625 2.2265625 0.41015625 2.2265625 0.423828125 2.2197265625 0.423828125
13 1.3173828125 0.7734375 1.466796875 0.7802734375 1.4609375 1.001953125 1.30859375 0.9970703125
13 1.505859375 0.7646484375 1.6533203125 0.7705078125 1.6474609375 0.9921875 1.4970703125 0.986328125
13 1.6904296875 0.787109375 1.8388671875 0.794921875 1.833984375 1.013671875 1.6826171875 1.0087890625
13 1.50390625 1.201171875 1.6259765625 1.205078125 1.619140625 1.384765625 1.49609375 1.3828125
13 1.677734375 1.1826171875 1.826171875 1.1884765625 1.8193359375 1.404296875 1.669921875 1.404296875
13 1.1376953125 1.60546875 1.2880859375 1.61328125 1.279296875 1.8369140625 1.12890625 1.83203125
12 2.1162109375 0.4736328125 2.35546875 0.4736328125 2.35546875 0.708984375 2.1162109375 0.708984375
12 2.9501953125 0.9482421875 2.9775390625 0.9482421875 2.9775390625 0.9755859375 2.9501953125 0.9755859375
10 2.943359375 1.2265625 2.9462890625 1.23046875 2.9384765625 1.236328125 2.935546875 1.2333984375
10 2.876953125 1.34765625 2.880859375 1.34765625 2.880859375 1.357421875 2.8759765625 1.3583984375
10 2.8759765625 1.37890625 2.8818359375 1.37890625 2.8828125 1.3896484375 2.8779296875 1.390625
10 2.8818359375 1.41015625 2.8876953125 1.408203125 2.890625 1.41796875 2.884765625 1.419921875
10 2.908203125 1.4560546875 2.9111328125 1.453125 2.916015625 1.4599609375 2.912109375 1.462890625
10 2.9501953125 1.494140625 2.953125 1.4892578125 2.9619140625 1.49609375 2.958984375 1.4990234375
12 2.6181640625 0.93359375 2.6826171875 0.93359375 2.6826171875 0.99609375 2.6181640625 0.99609375
10 2.1982421875 0.7255859375 2.2060546875 0.7265625 2.205078125 0.7314453125 2.1982421875 0.7294921875
10 2.189453125 0.7236328125 2.197265625 0.7265625 2.1962890625 0.7294921875 2.1884765625 0.7265625
10 2.1259765625 0.6796875 2.1318359375 0.685546875 2.1279296875 0.6884765625 2.123046875 0.681640625
9 2.234375 0.7294921875 2.2451171875 0.7294921875 2.2451171875 0.734375 2.234375 0.734375
10 1.876953125 0.6337890625 1.884765625 0.6337890625 1.884765625 0.6376953125 1.876953125 0.6376953125
9 1.8740234375 1.0546875 1.8701171875 1.05078125 1.876953125 1.0400390625 1.8818359375 1.04296875
10 2.02734375 1.6953125 2.0322265625 1.6953125 2.0322265625 1.705078125 2.02734375 1.705078125
10 1.9248046875 1.6435546875 1.9345703125 1.6435546875 1.9345703125 1.6474609375 1.9248046875 1.6474609375
10 1.92578125 1.6337890625 1.9345703125 1.6337890625 1.9345703125 1.638671875 1.92578125 1.638671875
10 1.9248046875 1.6279296875 1.935546875 1.6279296875 1.935546875 1.6337890625 1.9248046875 1.6337890625
10 1.9248046875 1.619140625 1.935546875 1.619140625 1.935546875 1.623046875 1.9248046875 1.623046875
10 1.9267578125 1.6142578125 1.9365234375 1.6142578125 1.9365234375 1.6181640625 1.9267578125 1.6181640625
10 1.9267578125 1.609375 1.935546875 1.609375 1.935546875 1.6142578125 1.9267578125 1.6142578125
10 1.9267578125 1.603515625 1.9365234375 1.603515625 1.9365234375 1.6083984375 1.9267578125 1.6083984375
10 1.9267578125 1.59765625 1.9375 1.59765625 1.9375 1.603515625 1.9267578125 1.603515625
10 1.927734375 1.5888671875 1.9365234375 1.5888671875 1.9365234375 1.59375 1.927734375 1.59375
10 1.9287109375 1.5751953125 1.9384765625 1.5751953125 1.9384765625 1.5810546875 1.9287109375 1.5810546875
10 1.9306640625 1.7802734375 1.935546875 1.7802734375 1.935546875 1.7900390625 1.9306640625 1.7900390625
10 1.962890625 1.76953125 1.9677734375 1.76953125 1.9677734375 1.7802734375 1.962890625 1.7802734375
10 1.953125 1.7705078125 1.9580078125 1.7705078125 1.9580078125 1.7783203125 1.953125 1.7783203125
10 1.9482421875 1.7685546875 1.953125 1.7685546875 1.953125 1.779296875 1.9482421875 1.779296875
10 1.9423828125 1.7685546875 1.947265625 1.7685546875 1.947265625 1.779296875 1.9423828125 1.779296875
10 1.9365234375 1.76953125 1.94140625 1.76953125 1.94140625 1.7783203125 1.9365234375 1.7783203125
12 1.8876953125 1.7001953125 1.9365234375 1.7001953125 1.9365234375 1.751953125 1.8876953125 1.751953125
10 2.0244140625 1.74609375 2.0283203125 1.74609375 2.0283203125 1.755859375 2.0244140625 1.755859375
10 2.041015625 1.6943359375 2.044921875 1.6943359375 2.044921875 1.705078125 2.041015625 1.705078125
10 2.0341796875 1.6953125 2.0380859375 1.6953125 2.0380859375 1.705078125 2.0341796875 1.705078125
10 1.9248046875 1.6396484375 1.9345703125 1.6396484375 1.9345703125 1.6435546875 1.9248046875 1.6435546875
10 1.92578125 1.6533203125 1.9375 1.6533203125 1.9375 1.6591796875 1.92578125 1.6591796875
10 1.9775390625 1.64453125 1.9814453125 1.64453125 1.9814453125 1.65234375 1.9775390625 1.65234375
10 1.927734375 1.66015625 1.9375 1.66015625 1.9375 1.6650390625 1.927734375 1.6650390625
10 1.9736328125 1.6435546875 1.9765625 1.6435546875 1.9765625 1.65234375 1.9736328125 1.65234375
10 1.9677734375 1.64453125 1.97265625 1.64453125 1.97265625 1.6533203125 1.9677734375 1.6533203125
10 1.9638671875 1.64453125 1.9677734375 1.64453125 1.9677734375 1.654296875 1.9638671875 1.654296875
10 1.9580078125 1.6455078125 1.9638671875 1.6455078125 1.9638671875 1.6533203125 1.9580078125 1.6533203125
10 1.953125 1.64453125 1.9580078125 1.64453125 1.9580078125 1.654296875 1.953125 1.654296875
10 1.947265625 1.64453125 1.9521484375 1.64453125 1.9521484375 1.654296875 1.947265625 1.654296875
10 1.9775390625 1.634765625 1.982421875 1.634765625 1.982421875 1.642578125 1.9775390625 1.642578125
10 1.9736328125 1.6328125 1.9775390625 1.6328125 1.9775390625 1.642578125 1.9736328125 1.642578125
10 1.9677734375 1.634765625 1.9716796875 1.634765625 1.9716796875 1.6435546875 1.9677734375 1.6435546875
10 1.9638671875 1.634765625 1.966796875 1.634765625 1.966796875 1.6435546875 1.9638671875 1.6435546875
10 1.9580078125 1.6337890625 1.9638671875 1.6337890625 1.9638671875 1.64453125 1.9580078125 1.64453125
10 1.9541015625 1.6337890625 1.9580078125 1.6337890625 1.9580078125 1.6435546875 1.9541015625 1.6435546875
10 1.9482421875 1.634765625 1.9521484375 1.634765625 1.9521484375 1.642578125 1.9482421875 1.642578125
10 1.978515625 1.61328125 1.9833984375 1.61328125 1.9833984375 1.625 1.978515625 1.625
10 1.9697265625 1.61328125 1.974609375 1.61328125 1.974609375 1.623046875 1.9697265625 1.623046875
10 1.9638671875 1.61328125 1.96875 1.61328125 1.96875 1.623046875 1.9638671875 1.623046875
10 1.9541015625 1.61328125 1.9580078125 1.61328125 1.9580078125 1.62109375 1.9541015625 1.62109375
10 1.94921875 1.6123046875 1.953125 1.6123046875 1.953125 1.62109375 1.94921875 1.62109375
10 1.94921875 1.6015625 1.9541015625 1.6015625 1.9541015625 1.611328125 1.94921875 1.611328125
10 0.3134765625 0.0205078125 0.3212890625 0.017578125 0.322265625 0.0205078125 0.314453125 0.0234375
