9 2.9111328125 2.3837890625 2.9140625 2.390625 2.888671875 2.40625 2.8837890625 2.4013671875
10 0.08203125 1.3916015625 0.0859375 1.392578125 0.083984375 1.4013671875 0.0810546875 1.400390625
10 0.0576171875 1.4091796875 0.060546875 1.4111328125 0.0595703125 1.4169921875 0.0556640625 1.416015625
10 0.0537109375 1.408203125 0.056640625 1.4091796875 0.0556640625 1.416015625 0.0517578125 1.416015625
10 0.048828125 1.40625 0.0517578125 1.4072265625 0.0498046875 1.4150390625 0.046875 1.4140625
10 0.04296875 1.4052734375 0.046875 1.4072265625 0.044921875 1.4140625 0.04296875 1.4130859375
10 0.1044921875 1.3994140625 0.1083984375 1.400390625 0.10546875 1.408203125 0.1015625 1.4072265625
10 0.095703125 1.3955078125 0.099609375 1.3984375 0.09765625 1.40625 0.091796875 1.4052734375
10 0.0859375 1.39453125 0.08984375 1.396484375 0.087890625 1.4033203125 0.083984375 1.40234375
10 0.0771484375 1.3916015625 0.0810546875 1.392578125 0.080078125 1.400390625 0.0771484375 1.3994140625
10 0.06640625 1.412109375 0.0703125 1.4130859375 0.068359375 1.4208984375 0.064453125 1.4208984375
10 0.0732421875 1.3916015625 0.076171875 1.3916015625 0.0751953125 1.3994140625 0.0712890625 1.3994140625
10 0.0693359375 1.3896484375 0.072265625 1.390625 0.0703125 1.3994140625 0.06640625 1.3984375
10 0.064453125 1.3876953125 0.068359375 1.388671875 0.06640625 1.3974609375 0.0625 1.396484375
10 0.0595703125 1.38671875 0.0634765625 1.3876953125 0.0615234375 1.39453125 0.05859375 1.3935546875
10 0.0546875 1.38671875 0.05859375 1.3876953125 0.056640625 1.39453125 0.0537109375 1.3935546875
10 0.0498046875 1.3837890625 0.0546875 1.384765625 0.052734375 1.392578125 0.0478515625 1.3916015625
10 0.09375 1.3857421875 0.0966796875 1.3876953125 0.0947265625 1.39453125 0.091796875 1.3935546875
10 0.0625 1.41015625 0.06640625 1.4111328125 0.0634765625 1.419921875 0.060546875 1.419921875
10 0.0712890625 1.412109375 0.076171875 1.4130859375 0.0732421875 1.4208984375 0.0703125 1.419921875
10 0.1484375 0.9541015625 0.1513671875 0.955078125 0.1494140625 0.962890625 0.146484375 0.9609375
10 0.078125 1.427734375 0.0810546875 1.4287109375 0.0791015625 1.4375 0.0751953125 1.4375
10 0.1220703125 1.4052734375 0.130859375 1.4052734375 0.130859375 1.4091796875 0.123046875 1.4091796875
10 0.125 1.400390625 0.1318359375 1.3994140625 0.1337890625 1.40234375 0.1259765625 1.404296875
10 0.1357421875 1.392578125 0.1357421875 1.3955078125 0.12890625 1.3984375 0.1279296875 1.39453125
10 0.0634765625 1.4580078125 0.0673828125 1.458984375 0.06640625 1.466796875 0.0625 1.466796875
10 0.0576171875 1.443359375 0.0615234375 1.4443359375 0.0595703125 1.453125 0.0556640625 1.451171875
10 0.0439453125 1.44140625 0.0478515625 1.44140625 0.046875 1.4501953125 0.0419921875 1.4501953125
10 0.0869140625 1.4287109375 0.0908203125 1.4306640625 0.0888671875 1.4384765625 0.0849609375 1.4375
10 0.0732421875 1.42578125 0.076171875 1.4267578125 0.07421875 1.4345703125 0.0712890625 1.4345703125
10 0.0849609375 1.4169921875 0.0888671875 1.41796875 0.0869140625 1.42578125 0.0830078125 1.423828125
10 0.0673828125 1.423828125 0.0712890625 1.423828125 0.0703125 1.43359375 0.06640625 1.4326171875
10 0.0595703125 1.4208984375 0.0634765625 1.421875 0.0625 1.431640625 0.056640625 1.431640625
10 0.0546875 1.4208984375 0.0576171875 1.421875 0.056640625 1.4296875 0.052734375 1.4287109375
10 0.0498046875 1.419921875 0.0537109375 1.419921875 0.0517578125 1.4287109375 0.0478515625 1.427734375
10 0.044921875 1.4169921875 0.048828125 1.4169921875 0.046875 1.42578125 0.0439453125 1.4248046875
10 0.0947265625 1.419921875 0.0986328125 1.4208984375 0.0966796875 1.4287109375 0.09375 1.427734375
10 0.08984375 1.41796875 0.0927734375 1.4189453125 0.091796875 1.42578125 0.087890625 1.42578125
10 0.0888671875 1.3828125 0.09375 1.3837890625 0.091796875 1.3916015625 0.087890625 1.3916015625
10 0.0849609375 1.3818359375 0.0888671875 1.3828125 0.0859375 1.3896484375 0.0830078125 1.388671875
10 0.080078125 1.3798828125 0.083984375 1.380859375 0.08203125 1.388671875 0.078125 1.3876953125
10 0.0546875 1.3505859375 0.0576171875 1.3515625 0.0556640625 1.3583984375 0.0537109375 1.357421875
10 0.087890625 1.3701171875 0.0830078125 1.3681640625 0.0859375 1.359375 0.08984375 1.3603515625
10 0.08203125 1.3583984375 0.0849609375 1.359375 0.08203125 1.3662109375 0.080078125 1.365234375
10 0.0791015625 1.3662109375 0.0751953125 1.365234375 0.0771484375 1.3564453125 0.0810546875 1.3583984375
10 0.0732421875 1.35546875 0.076171875 1.3564453125 0.07421875 1.36328125 0.0712890625 1.3623046875
10 0.068359375 1.353515625 0.0712890625 1.35546875 0.0693359375 1.3623046875 0.06640625 1.361328125
10 0.0634765625 1.3525390625 0.0673828125 1.353515625 0.0654296875 1.361328125 0.0625 1.361328125
10 0.0595703125 1.3505859375 0.0625 1.3515625 0.0615234375 1.359375 0.0576171875 1.3583984375
10 0.0498046875 1.3486328125 0.0537109375 1.3505859375 0.05078125 1.357421875 0.0478515625 1.3564453125
10 0.076171875 1.37890625 0.0791015625 1.3798828125 0.0771484375 1.3876953125 0.0751953125 1.3876953125
10 0.0458984375 1.3466796875 0.048828125 1.3486328125 0.046875 1.35546875 0.0439453125 1.3544921875
9 0.076171875 1.1064453125 0.080078125 1.1103515625 0.0703125 1.1220703125 0.06640625 1.1171875
9 0.072265625 1.099609375 0.076171875 1.1025390625 0.06640625 1.115234375 0.0625 1.1123046875
9 0.083984375 1.0732421875 0.0888671875 1.076171875 0.0771484375 1.0908203125 0.072265625 1.0869140625
9 0.0771484375 1.0791015625 0.072265625 1.07421875 0.08203125 1.0615234375 0.0869140625 1.064453125
9 0.10546875 1.0419921875 0.1044921875 1.0361328125 0.125 1.037109375 0.1240234375 1.044921875
10 0.130859375 1.015625 0.1298828125 1.01953125 0.1220703125 1.0185546875 0.1220703125 1.0146484375
10 0.0908203125 1.361328125 0.09375 1.3623046875 0.091796875 1.3681640625 0.0888671875 1.3681640625
10 0.0947265625 1.361328125 0.09765625 1.3623046875 0.0966796875 1.3701171875 0.0927734375 1.3701171875
10 0.099609375 1.3623046875 0.1025390625 1.36328125 0.1005859375 1.37109375 0.09765625 1.37109375
10 0.103515625 1.365234375 0.107421875 1.365234375 0.10546875 1.3701171875 0.1025390625 1.3701171875
10 0.072265625 1.3779296875 0.076171875 1.37890625 0.07421875 1.3876953125 0.0703125 1.3857421875
10 0.06640625 1.3779296875 0.0703125 1.37890625 0.0693359375 1.3857421875 0.064453125 1.384765625
10 0.0615234375 1.375 0.0654296875 1.3759765625 0.0634765625 1.3828125 0.060546875 1.3818359375
10 0.0576171875 1.373046875 0.0615234375 1.375 0.0595703125 1.3828125 0.0556640625 1.3828125
10 0.0537109375 1.373046875 0.056640625 1.3740234375 0.0546875 1.380859375 0.0517578125 1.37890625
10 0.048828125 1.3720703125 0.0517578125 1.3720703125 0.0498046875 1.37890625 0.0458984375 1.3779296875
10 0.044921875 1.37109375 0.0478515625 1.37109375 0.0458984375 1.3779296875 0.0439453125 1.3779296875
10 0.0986328125 1.3857421875 0.1015625 1.38671875 0.0986328125 1.3955078125 0.0966796875 1.3935546875
10 0.1025390625 1.3857421875 0.1064453125 1.3876953125 0.1044921875 1.3955078125 0.1015625 1.39453125
10 0.1083984375 1.3876953125 0.111328125 1.3896484375 0.109375 1.3974609375 0.1064453125 1.396484375
10 0.1318359375 1.373046875 0.134765625 1.3740234375 0.1328125 1.3818359375 0.12890625 1.380859375
10 0.126953125 1.3720703125 0.1298828125 1.373046875 0.1279296875 1.3818359375 0.1240234375 1.3798828125
10 0.1181640625 1.3681640625 0.1220703125 1.369140625 0.1201171875 1.3779296875 0.115234375 1.3759765625
10 0.11328125 1.3671875 0.1171875 1.3681640625 0.1142578125 1.375 0.111328125 1.3740234375
10 0.1103515625 1.3740234375 0.1064453125 1.373046875 0.1083984375 1.3662109375 0.111328125 1.3662109375
10 0.12109375 1.4111328125 0.12890625 1.4111328125 0.12890625 1.416015625 0.1220703125 1.416015625
10 0.1181640625 1.4169921875 0.1259765625 1.4169921875 0.1259765625 1.421875 0.1171875 1.421875
10 0.115234375 1.4228515625 0.123046875 1.423828125 0.123046875 1.427734375 0.115234375 1.4267578125
10 0.3642578125 0.5390625 0.3671875 0.541015625 0.3623046875 0.5478515625 0.359375 0.5458984375
10 0.4287109375 0.533203125 0.4326171875 0.53515625 0.4296875 0.5419921875 0.42578125 0.541015625
10 0.5244140625 0.5849609375 0.521484375 0.5869140625 0.5185546875 0.580078125 0.5224609375 0.578125
10 0.5 0.541015625 0.5048828125 0.54296875 0.501953125 0.5498046875 0.498046875 0.548828125
10 0.4970703125 0.5517578125 0.5009765625 0.552734375 0.4990234375 0.5615234375 0.4951171875 0.560546875
10 0.4462890625 0.5390625 0.451171875 0.5400390625 0.4482421875 0.548828125 0.443359375 0.5478515625
10 0.3642578125 0.525390625 0.3720703125 0.5302734375 0.369140625 0.533203125 0.3623046875 0.5283203125
10 0.3603515625 0.53125 0.3681640625 0.5341796875 0.3671875 0.5380859375 0.359375 0.53515625
10 0.369140625 0.541015625 0.373046875 0.54296875 0.369140625 0.55078125 0.3662109375 0.548828125
10 0.4130859375 0.5625 0.4091796875 0.560546875 0.4111328125 0.552734375 0.4140625 0.552734375
10 0.373046875 0.541015625 0.3779296875 0.5419921875 0.3759765625 0.55078125 0.3720703125 0.55078125
10 0.37890625 0.5419921875 0.3828125 0.54296875 0.380859375 0.552734375 0.376953125 0.5517578125
10 0.3828125 0.544921875 0.38671875 0.5458984375 0.384765625 0.5546875 0.3818359375 0.5537109375
10 0.388671875 0.5556640625 0.384765625 0.5537109375 0.3876953125 0.5439453125 0.390625 0.544921875
10 0.3916015625 0.546875 0.3955078125 0.5478515625 0.39453125 0.5556640625 0.3896484375 0.5546875
10 0.3984375 0.5576171875 0.39453125 0.556640625 0.3974609375 0.5478515625 0.4013671875 0.548828125
10 0.404296875 0.5595703125 0.3994140625 0.5576171875 0.4013671875 0.5478515625 0.40625 0.5498046875
10 0.4228515625 0.5322265625 0.4267578125 0.5341796875 0.4248046875 0.5419921875 0.421875 0.541015625
10 0.419921875 0.5302734375 0.4228515625 0.53125 0.4208984375 0.5390625 0.41796875 0.5380859375
10 0.4150390625 0.529296875 0.4189453125 0.5302734375 0.4169921875 0.5400390625 0.4130859375 0.5380859375
10 0.4111328125 0.5283203125 0.4150390625 0.529296875 0.4130859375 0.537109375 0.408203125 0.53515625
10 0.4404296875 0.525390625 0.443359375 0.5263671875 0.4423828125 0.5341796875 0.4384765625 0.5322265625
10 0.435546875 0.525390625 0.439453125 0.525390625 0.4375 0.533203125 0.43359375 0.5322265625
10 0.4306640625 0.5234375 0.4345703125 0.5244140625 0.4326171875 0.53125 0.4287109375 0.53125
10 0.4267578125 0.521484375 0.4306640625 0.5234375 0.4287109375 0.529296875 0.4248046875 0.5283203125
10 0.421875 0.5205078125 0.42578125 0.521484375 0.423828125 0.5283203125 0.419921875 0.52734375
10 0.41796875 0.51953125 0.4208984375 0.51953125 0.419921875 0.5263671875 0.416015625 0.5263671875
10 0.4140625 0.5185546875 0.4169921875 0.5185546875 0.4150390625 0.5263671875 0.412109375 0.525390625
10 0.4091796875 0.5166015625 0.412109375 0.5166015625 0.4111328125 0.5244140625 0.4072265625 0.5234375
10 0.4033203125 0.515625 0.4072265625 0.515625 0.4052734375 0.5244140625 0.4013671875 0.5234375
10 0.3994140625 0.5146484375 0.40234375 0.515625 0.4013671875 0.5234375 0.3974609375 0.5224609375
10 0.3955078125 0.5244140625 0.392578125 0.5234375 0.39453125 0.5146484375 0.3974609375 0.515625
10 0.3916015625 0.5244140625 0.39453125 0.5263671875 0.392578125 0.533203125 0.3896484375 0.5322265625
10 0.3955078125 0.525390625 0.3994140625 0.5263671875 0.3974609375 0.5341796875 0.3935546875 0.5322265625
10 0.4013671875 0.5263671875 0.404296875 0.5283203125 0.40234375 0.5361328125 0.3984375 0.53515625
10 0.4052734375 0.5283203125 0.4091796875 0.529296875 0.4072265625 0.5361328125 0.4033203125 0.53515625
10 0.408203125 0.560546875 0.404296875 0.5595703125 0.4072265625 0.55078125 0.41015625 0.55078125
10 0.4169921875 0.5625 0.4130859375 0.5615234375 0.4150390625 0.5537109375 0.4189453125 0.5546875
10 0.11328125 1.4267578125 0.12109375 1.4287109375 0.1201171875 1.4326171875 0.1123046875 1.431640625
10 0.3037109375 2.611328125 0.302734375 2.6083984375 0.3125 2.60546875 0.3125 2.609375
10 0.39453125 2.5986328125 0.3935546875 2.595703125 0.40234375 2.59375 0.4033203125 2.5966796875
10 0.4365234375 2.583984375 0.435546875 2.5791015625 0.443359375 2.578125 0.4453125 2.5830078125
10 0.3271484375 2.6376953125 0.3349609375 2.63671875 0.3359375 2.640625 0.328125 2.6416015625
10 0.3701171875 2.6064453125 0.380859375 2.6044921875 0.3798828125 2.6103515625 0.3701171875 2.6103515625
9 0.4365234375 2.611328125 0.4365234375 2.615234375 0.42578125 2.6171875 0.42578125 2.6123046875
10 0.3310546875 2.6064453125 0.3388671875 2.60546875 0.3388671875 2.611328125 0.3310546875 2.611328125
10 0.3955078125 2.626953125 0.396484375 2.630859375 0.3876953125 2.6318359375 0.38671875 2.6259765625
10 0.3427734375 2.6298828125 0.34375 2.6328125 0.3359375 2.6357421875 0.3349609375 2.630859375
10 0.419921875 0.5546875 0.423828125 0.5556640625 0.421875 0.564453125 0.41796875 0.5634765625
9 0.265625 2.626953125 0.2646484375 2.6220703125 0.2763671875 2.619140625 0.27734375 2.625
9 0.1962890625 2.6328125 0.1953125 2.6279296875 0.2080078125 2.6259765625 0.2080078125 2.630859375
10 0.0498046875 1.4775390625 0.0537109375 1.478515625 0.0517578125 1.4853515625 0.046875 1.484375
10 0.041015625 1.48828125 0.044921875 1.4892578125 0.04296875 1.4970703125 0.0400390625 1.49609375
10 0.080078125 1.470703125 0.0869140625 1.470703125 0.0869140625 1.4755859375 0.0791015625 1.474609375
10 0.0986328125 1.4462890625 0.107421875 1.4462890625 0.1064453125 1.451171875 0.09765625 1.4501953125
10 0.1064453125 1.4365234375 0.1142578125 1.4375 0.1142578125 1.44140625 0.10546875 1.44140625
10 0.4423828125 2.6162109375 0.44921875 2.615234375 0.4501953125 2.6201171875 0.4423828125 2.62109375
10 0.44921875 2.6083984375 0.45703125 2.6083984375 0.4580078125 2.6123046875 0.4501953125 2.61328125
10 0.4794921875 2.6103515625 0.48046875 2.6142578125 0.47265625 2.6162109375 0.4716796875 2.611328125
10 0.533203125 2.5771484375 0.5322265625 2.572265625 0.5419921875 2.5703125 0.5439453125 2.5751953125
10 0.4248046875 0.5546875 0.4287109375 0.5556640625 0.4267578125 0.564453125 0.4228515625 0.5634765625
10 0.4541015625 0.572265625 0.4501953125 0.5712890625 0.451171875 0.5625 0.455078125 0.5615234375
10 0.4560546875 0.564453125 0.4599609375 0.56640625 0.458984375 0.572265625 0.4541015625 0.572265625
10 0.5126953125 0.580078125 0.5166015625 0.580078125 0.515625 0.587890625 0.51171875 0.587890625
10 0.509765625 0.5869140625 0.5068359375 0.5869140625 0.5078125 0.578125 0.51171875 0.5791015625
10 0.5048828125 0.5859375 0.501953125 0.583984375 0.50390625 0.576171875 0.5068359375 0.5771484375
9 0.3583984375 0.6240234375 0.3583984375 0.62890625 0.345703125 0.626953125 0.3466796875 0.6201171875
9 0.341796875 0.6376953125 0.3564453125 0.6416015625 0.35546875 0.646484375 0.3408203125 0.6435546875
10 0.5986328125 2.580078125 0.5986328125 2.583984375 0.58984375 2.5849609375 0.5888671875 2.5791015625
10 0.580078125 2.576171875 0.578125 2.5712890625 0.587890625 2.5693359375 0.5888671875 2.57421875
10 0.5712890625 2.564453125 0.5703125 2.55859375 0.580078125 2.556640625 0.5810546875 2.560546875
10 0.5068359375 2.5966796875 0.517578125 2.5966796875 0.517578125 2.6005859375 0.5078125 2.6015625
10 0.52734375 2.564453125 0.53515625 2.5625 0.537109375 2.5673828125 0.5283203125 2.5693359375
10 0.5048828125 2.5673828125 0.5126953125 2.56640625 0.5146484375 2.5703125 0.505859375 2.572265625
10 0.5068359375 2.580078125 0.505859375 2.5771484375 0.515625 2.57421875 0.5166015625 2.5791015625
10 0.150390625 0.994140625 0.1494140625 0.998046875 0.1416015625 0.9951171875 0.142578125 0.9912109375
10 0.125 0.9765625 0.1328125 0.978515625 0.1318359375 0.984375 0.123046875 0.98046875
10 0.4501953125 0.52734375 0.453125 0.5283203125 0.451171875 0.5361328125 0.447265625 0.53515625
10 0.28515625 0.4140625 0.2822265625 0.41015625 0.2861328125 0.4052734375 0.2900390625 0.408203125
9 0.1279296875 0.529296875 0.140625 0.5380859375 0.1376953125 0.541015625 0.1259765625 0.533203125
9 0.12890625 0.537109375 0.140625 0.544921875 0.13671875 0.548828125 0.1259765625 0.5400390625
10 0.2880859375 0.4169921875 0.291015625 0.419921875 0.287109375 0.423828125 0.2841796875 0.4228515625
10 0.2841796875 0.4150390625 0.287109375 0.4169921875 0.2841796875 0.421875 0.28125 0.4208984375
10 0.2802734375 0.4130859375 0.283203125 0.4150390625 0.2802734375 0.4208984375 0.27734375 0.41796875
10 0.2939453125 0.41015625 0.296875 0.412109375 0.2919921875 0.41796875 0.2900390625 0.416015625
10 0.2890625 0.4169921875 0.287109375 0.4150390625 0.291015625 0.4072265625 0.29296875 0.4091796875
10 0.25 0.400390625 0.25390625 0.40234375 0.2509765625 0.41015625 0.248046875 0.408203125
9 0.1474609375 0.52734375 0.1494140625 0.529296875 0.1435546875 0.537109375 0.140625 0.5341796875
10 0.2451171875 0.3994140625 0.248046875 0.400390625 0.2470703125 0.4091796875 0.2431640625 0.4072265625
10 0.240234375 0.3984375 0.2431640625 0.3984375 0.2421875 0.40625 0.240234375 0.4072265625
10 0.2353515625 0.396484375 0.2392578125 0.3974609375 0.23828125 0.40625 0.234375 0.40625
10 0.23046875 0.3955078125 0.234375 0.3955078125 0.2333984375 0.404296875 0.2294921875 0.4033203125
10 0.224609375 0.396484375 0.228515625 0.3955078125 0.2294921875 0.4033203125 0.2255859375 0.4033203125
10 0.23046875 0.4169921875 0.234375 0.41796875 0.228515625 0.42578125 0.2255859375 0.4228515625
10 0.2265625 0.4130859375 0.2294921875 0.4150390625 0.2236328125 0.4228515625 0.220703125 0.419921875
9 0.1357421875 0.5205078125 0.14453125 0.5263671875 0.142578125 0.529296875 0.1337890625 0.5234375
10 0.14453125 0.5185546875 0.1513671875 0.5234375 0.1494140625 0.5263671875 0.142578125 0.521484375
10 0.140625 0.947265625 0.1396484375 0.9501953125 0.1337890625 0.94921875 0.1337890625 0.9453125
9 0.2353515625 0.4794921875 0.232421875 0.484375 0.21875 0.4794921875 0.2197265625 0.474609375
9 0.1953125 0.5078125 0.2080078125 0.51171875 0.20703125 0.5166015625 0.193359375 0.51171875
9 0.1669921875 0.4912109375 0.1728515625 0.4951171875 0.1611328125 0.5166015625 0.15625 0.5126953125
9 0.1923828125 0.5 0.21484375 0.5078125 0.212890625 0.5126953125 0.1904296875 0.5048828125
9 0.1962890625 0.4931640625 0.21875 0.5 0.216796875 0.505859375 0.1943359375 0.498046875
9 0.201171875 0.48828125 0.2236328125 0.4951171875 0.22265625 0.5009765625 0.19921875 0.494140625
9 0.2060546875 0.4833984375 0.228515625 0.490234375 0.2265625 0.4951171875 0.2041015625 0.48828125
9 0.2353515625 0.4853515625 0.232421875 0.4912109375 0.2109375 0.4833984375 0.2119140625 0.478515625
9 0.2392578125 0.4736328125 0.23828125 0.478515625 0.2216796875 0.4736328125 0.22265625 0.46875
10 0.146484375 0.513671875 0.1533203125 0.5185546875 0.150390625 0.521484375 0.14453125 0.5166015625
9 0.2470703125 0.4638671875 0.24609375 0.46875 0.2314453125 0.46484375 0.232421875 0.4599609375
9 0.2353515625 0.453125 0.2490234375 0.4580078125 0.248046875 0.462890625 0.232421875 0.4580078125
9 0.2548828125 0.453125 0.25390625 0.4580078125 0.23828125 0.453125 0.2392578125 0.447265625
9 0.2578125 0.4482421875 0.255859375 0.4521484375 0.2421875 0.4482421875 0.2421875 0.443359375
9 0.2421875 0.4365234375 0.2587890625 0.44140625 0.2578125 0.4462890625 0.2412109375 0.44140625
9 0.25 0.4306640625 0.263671875 0.435546875 0.2626953125 0.4404296875 0.2490234375 0.435546875
10 0.14453125 0.5068359375 0.150390625 0.5087890625 0.1474609375 0.51171875 0.142578125 0.509765625
10 0.220703125 0.41015625 0.224609375 0.412109375 0.21875 0.419921875 0.21484375 0.4169921875
10 0.2158203125 0.4072265625 0.21875 0.41015625 0.2138671875 0.416015625 0.2099609375 0.4140625
10 0.2109375 0.404296875 0.2138671875 0.4072265625 0.208984375 0.4130859375 0.205078125 0.4091796875
10 0.2646484375 0.3544921875 0.267578125 0.357421875 0.26171875 0.36328125 0.2587890625 0.361328125
10 0.2958984375 0.384765625 0.2998046875 0.38671875 0.296875 0.3935546875 0.29296875 0.390625
10 0.29296875 0.3818359375 0.2958984375 0.3837890625 0.291015625 0.3916015625 0.2880859375 0.3896484375
10 0.2890625 0.37890625 0.2919921875 0.3818359375 0.2880859375 0.3876953125 0.28515625 0.3857421875
10 0.27734375 0.3681640625 0.2802734375 0.3701171875 0.275390625 0.37890625 0.271484375 0.376953125
10 0.2744140625 0.3662109375 0.2763671875 0.369140625 0.271484375 0.3740234375 0.2685546875 0.37109375
10 0.26953125 0.3642578125 0.2724609375 0.3671875 0.2685546875 0.37109375 0.265625 0.3681640625
10 0.267578125 0.3583984375 0.2705078125 0.361328125 0.2646484375 0.3671875 0.26171875 0.3642578125
10 0.2265625 0.349609375 0.232421875 0.353515625 0.23046875 0.3564453125 0.224609375 0.3525390625
10 0.19921875 0.40625 0.205078125 0.3994140625 0.208984375 0.4033203125 0.203125 0.4091796875
10 0.228515625 0.3427734375 0.234375 0.3486328125 0.2333984375 0.3515625 0.2255859375 0.34765625
10 0.2314453125 0.3388671875 0.2373046875 0.3447265625 0.2353515625 0.3466796875 0.2294921875 0.341796875
10 0.2431640625 0.330078125 0.2470703125 0.3291015625 0.248046875 0.3369140625 0.244140625 0.337890625
10 0.2373046875 0.33203125 0.2412109375 0.3310546875 0.2431640625 0.3388671875 0.240234375 0.33984375
12 0.48828125 0.37109375 0.5458984375 0.37109375 0.5458984375 0.42578125 0.48828125 0.42578125
2 0.48828125 0.041015625 0.533203125 0.041015625 0.533203125 0.0869140625 0.48828125 0.0869140625
2 0.4521484375 0.0908203125 0.49609375 0.0908203125 0.49609375 0.1376953125 0.4521484375 0.1376953125
10 0.30078125 0.3876953125 0.3037109375 0.3896484375 0.30078125 0.396484375 0.2978515625 0.39453125
10 0.306640625 0.3935546875 0.3095703125 0.3955078125 0.3056640625 0.40234375 0.302734375 0.400390625
10 0.3115234375 0.3974609375 0.3134765625 0.3994140625 0.310546875 0.4052734375 0.3076171875 0.40234375
10 0.2216796875 0.3564453125 0.23046875 0.3564453125 0.2294921875 0.361328125 0.2216796875 0.361328125
10 0.2001953125 0.3916015625 0.2080078125 0.390625 0.2080078125 0.39453125 0.201171875 0.39453125
10 0.2001953125 0.3857421875 0.2080078125 0.384765625 0.208984375 0.388671875 0.2001953125 0.3896484375
10 0.205078125 0.37890625 0.2109375 0.3798828125 0.2099609375 0.3837890625 0.2041015625 0.3828125
10 0.2294921875 0.375 0.232421875 0.376953125 0.2294921875 0.3828125 0.2265625 0.380859375
10 0.224609375 0.3720703125 0.228515625 0.373046875 0.2255859375 0.380859375 0.22265625 0.3798828125
10 0.2197265625 0.3681640625 0.2236328125 0.3701171875 0.220703125 0.37890625 0.216796875 0.3779296875
10 0.267578125 0.3896484375 0.2705078125 0.3916015625 0.267578125 0.3984375 0.263671875 0.396484375
10 0.263671875 0.3857421875 0.267578125 0.3876953125 0.263671875 0.3955078125 0.259765625 0.392578125
10 0.2802734375 0.3935546875 0.287109375 0.3984375 0.28515625 0.40234375 0.27734375 0.3974609375
10 0.2548828125 0.3818359375 0.2578125 0.3837890625 0.25390625 0.3896484375 0.25 0.38671875
10 0.2509765625 0.376953125 0.25390625 0.3798828125 0.25 0.38671875 0.24609375 0.3837890625
10 0.24609375 0.3740234375 0.2490234375 0.3779296875 0.2451171875 0.3837890625 0.2421875 0.380859375
10 0.23828125 0.3681640625 0.2412109375 0.3701171875 0.2373046875 0.3759765625 0.234375 0.3740234375
10 0.234375 0.3642578125 0.2373046875 0.3671875 0.232421875 0.3740234375 0.2294921875 0.37109375
10 0.2294921875 0.3623046875 0.232421875 0.3642578125 0.228515625 0.3720703125 0.224609375 0.3681640625
9 0.2060546875 0.517578125 0.2041015625 0.5224609375 0.189453125 0.5166015625 0.1904296875 0.51171875
9 0.2021484375 0.5224609375 0.2001953125 0.52734375 0.1845703125 0.521484375 0.1865234375 0.515625
9 0.197265625 0.52734375 0.1953125 0.53125 0.1796875 0.52734375 0.1806640625 0.5224609375
9 0.14453125 0.7392578125 0.1474609375 0.7412109375 0.1337890625 0.76171875 0.1298828125 0.7587890625
10 0.0673828125 0.8203125 0.072265625 0.8212890625 0.0703125 0.828125 0.0673828125 0.8271484375
10 0.076171875 0.830078125 0.072265625 0.8271484375 0.07421875 0.8203125 0.0771484375 0.822265625
9 0.08203125 0.83203125 0.078125 0.83203125 0.078125 0.8251953125 0.0830078125 0.82421875
10 0.0859375 0.8369140625 0.08203125 0.833984375 0.0859375 0.8271484375 0.0888671875 0.830078125
9 0.1396484375 0.8564453125 0.1416015625 0.859375 0.1337890625 0.865234375 0.130859375 0.8603515625
9 0.1669921875 0.83984375 0.1689453125 0.8447265625 0.1513671875 0.8544921875 0.1484375 0.8486328125
9 0.1494140625 0.8310546875 0.1767578125 0.814453125 0.1787109375 0.8203125 0.15234375 0.8369140625
9 0.2705078125 0.7216796875 0.2861328125 0.7255859375 0.2841796875 0.7314453125 0.2685546875 0.7265625
9 0.234375 0.5595703125 0.251953125 0.5732421875 0.2490234375 0.5771484375 0.2314453125 0.5634765625
9 0.2734375 0.6728515625 0.298828125 0.6787109375 0.296875 0.6845703125 0.271484375 0.6787109375
9 0.162109375 0.7138671875 0.166015625 0.716796875 0.1533203125 0.7353515625 0.1484375 0.732421875
9 0.20703125 0.595703125 0.2265625 0.6083984375 0.2216796875 0.6142578125 0.203125 0.5986328125
9 0.2158203125 0.5859375 0.234375 0.599609375 0.23046875 0.6044921875 0.212890625 0.58984375
9 0.2158203125 0.578125 0.236328125 0.59375 0.234375 0.59765625 0.212890625 0.58203125
9 0.2216796875 0.57421875 0.240234375 0.587890625 0.2373046875 0.5927734375 0.21875 0.578125
9 0.2294921875 0.5712890625 0.244140625 0.5830078125 0.2412109375 0.5869140625 0.2255859375 0.5751953125
10 0.0625 0.818359375 0.06640625 0.818359375 0.0654296875 0.8251953125 0.0625 0.8251953125
9 0.068359375 0.8740234375 0.0732421875 0.875 0.068359375 0.8876953125 0.0634765625 0.8857421875
10 0.076171875 0.845703125 0.0791015625 0.8466796875 0.0751953125 0.853515625 0.072265625 0.8515625
10 0.0703125 0.84375 0.07421875 0.8466796875 0.0712890625 0.8525390625 0.0673828125 0.849609375
10 0.142578125 0.9423828125 0.140625 0.9462890625 0.1337890625 0.943359375 0.1337890625 0.939453125
10 0.11328125 0.97265625 0.1123046875 0.9775390625 0.10546875 0.974609375 0.1064453125 0.970703125
10 0.1083984375 0.9658203125 0.109375 0.9619140625 0.1171875 0.96484375 0.1162109375 0.96875
10 0.1201171875 0.9560546875 0.119140625 0.9599609375 0.109375 0.95703125 0.1103515625 0.953125
10 0.11328125 0.9482421875 0.12109375 0.9501953125 0.1201171875 0.9541015625 0.111328125 0.951171875
10 0.115234375 0.9326171875 0.125 0.935546875 0.1240234375 0.939453125 0.1142578125 0.9365234375
9 0.109375 0.9296875 0.11328125 0.9326171875 0.109375 0.9423828125 0.1044921875 0.9404296875
10 0.1572265625 0.9208984375 0.16015625 0.921875 0.158203125 0.9296875 0.154296875 0.9287109375
10 0.1474609375 0.9189453125 0.1513671875 0.9189453125 0.1484375 0.927734375 0.1455078125 0.9267578125
10 0.1435546875 0.916015625 0.146484375 0.9169921875 0.14453125 0.92578125 0.140625 0.9228515625
10 0.138671875 0.9150390625 0.1416015625 0.9169921875 0.1396484375 0.92578125 0.1357421875 0.923828125
9 0.17578125 0.916015625 0.1748046875 0.919921875 0.1630859375 0.9169921875 0.1640625 0.912109375
9 0.15625 0.9111328125 0.1552734375 0.9140625 0.1416015625 0.912109375 0.142578125 0.908203125
9 0.0703125 0.9033203125 0.07421875 0.9033203125 0.06640625 0.9306640625 0.0615234375 0.9296875
10 0.06640625 0.8408203125 0.0703125 0.8427734375 0.06640625 0.849609375 0.0625 0.84765625
9 0.177734375 0.5703125 0.18359375 0.5673828125 0.193359375 0.5888671875 0.1884765625 0.5908203125
9 0.205078125 0.5390625 0.2099609375 0.5419921875 0.1953125 0.5625 0.1904296875 0.55859375
9 0.1923828125 0.533203125 0.1904296875 0.5380859375 0.177734375 0.533203125 0.1787109375 0.52734375
9 0.33984375 0.4189453125 0.3583984375 0.43359375 0.35546875 0.4384765625 0.3369140625 0.423828125
9 0.3046875 0.4658203125 0.32421875 0.48046875 0.3203125 0.484375 0.3017578125 0.4697265625
9 0.3095703125 0.4609375 0.328125 0.474609375 0.3251953125 0.4794921875 0.306640625 0.4658203125
9 0.3134765625 0.455078125 0.3291015625 0.4697265625 0.3271484375 0.4736328125 0.310546875 0.4599609375
9 0.31640625 0.451171875 0.3349609375 0.46484375 0.33203125 0.46875 0.3134765625 0.4541015625
9 0.3203125 0.4462890625 0.3388671875 0.4599609375 0.3359375 0.4638671875 0.31640625 0.44921875
9 0.3232421875 0.439453125 0.341796875 0.4541015625 0.33984375 0.458984375 0.3203125 0.4443359375
9 0.3359375 0.4248046875 0.349609375 0.4365234375 0.345703125 0.439453125 0.3330078125 0.4296875
9 0.31640625 0.4345703125 0.3212890625 0.4375 0.306640625 0.4560546875 0.302734375 0.4521484375
9 0.240234375 0.556640625 0.25390625 0.56640625 0.2509765625 0.5712890625 0.2373046875 0.5595703125
9 0.3115234375 0.431640625 0.3154296875 0.435546875 0.2998046875 0.453125 0.296875 0.44921875
9 0.3349609375 0.4130859375 0.3388671875 0.41796875 0.322265625 0.4365234375 0.318359375 0.4326171875
9 0.3291015625 0.41015625 0.3330078125 0.4130859375 0.3173828125 0.431640625 0.3134765625 0.427734375
9 0.3173828125 0.40234375 0.322265625 0.4052734375 0.306640625 0.4228515625 0.302734375 0.4189453125
9 0.166015625 0.5439453125 0.18359375 0.55078125 0.181640625 0.5556640625 0.1640625 0.5498046875
9 0.1845703125 0.5439453125 0.1845703125 0.548828125 0.16796875 0.544921875 0.169921875 0.5380859375
9 0.173828125 0.5322265625 0.189453125 0.5390625 0.1884765625 0.54296875 0.171875 0.537109375
9 0.3076171875 0.4765625 0.318359375 0.4853515625 0.3154296875 0.48828125 0.3056640625 0.4794921875
9 0.302734375 0.4814453125 0.314453125 0.4892578125 0.3125 0.494140625 0.30078125 0.4853515625
9 0.291015625 0.474609375 0.294921875 0.4775390625 0.2822265625 0.49609375 0.2783203125 0.4921875
9 0.2978515625 0.484375 0.310546875 0.49609375 0.30859375 0.4990234375 0.2939453125 0.48828125
9 0.2421875 0.5498046875 0.259765625 0.564453125 0.2578125 0.5673828125 0.2392578125 0.552734375
9 0.2392578125 0.537109375 0.244140625 0.541015625 0.232421875 0.55859375 0.2275390625 0.5546875
9 0.24609375 0.544921875 0.2646484375 0.5595703125 0.26171875 0.5634765625 0.2431640625 0.548828125
9 0.24609375 0.5439453125 0.248046875 0.5390625 0.26171875 0.548828125 0.2578125 0.552734375
9 0.2529296875 0.5341796875 0.271484375 0.5498046875 0.26953125 0.552734375 0.25 0.5390625
9 0.255859375 0.5283203125 0.2763671875 0.5439453125 0.2724609375 0.5478515625 0.25390625 0.5322265625
9 0.26171875 0.525390625 0.2783203125 0.5380859375 0.2763671875 0.54296875 0.2587890625 0.529296875
9 0.265625 0.51953125 0.2841796875 0.533203125 0.28125 0.5380859375 0.26171875 0.5234375
9 0.26171875 0.505859375 0.2666015625 0.5107421875 0.2548828125 0.5263671875 0.25 0.5234375
9 0.2685546875 0.5146484375 0.2880859375 0.529296875 0.2861328125 0.533203125 0.265625 0.5185546875
9 0.2724609375 0.509765625 0.2890625 0.521484375 0.28515625 0.525390625 0.2705078125 0.513671875
9 0.2763671875 0.501953125 0.294921875 0.5166015625 0.291015625 0.521484375 0.2724609375 0.5068359375
9 0.2802734375 0.4970703125 0.298828125 0.51171875 0.296875 0.515625 0.27734375 0.5009765625
9 0.2890625 0.49609375 0.3017578125 0.5068359375 0.298828125 0.5107421875 0.2861328125 0.5
9 0.29296875 0.490234375 0.306640625 0.5009765625 0.3046875 0.5048828125 0.2900390625 0.4951171875
10 0.4453125 0.5263671875 0.44921875 0.52734375 0.447265625 0.53515625 0.443359375 0.5341796875
10 0.458984375 0.529296875 0.462890625 0.53125 0.4609375 0.5390625 0.45703125 0.5380859375
9 3.0498046875 2.24609375 3.044921875 2.2412109375 3.0654296875 2.22265625 3.0693359375 2.2255859375
9 1.76953125 2.58984375 1.76953125 2.5947265625 1.755859375 2.5947265625 1.755859375 2.58984375
10 1.822265625 2.580078125 1.83203125 2.580078125 1.83203125 2.5859375 1.822265625 2.5859375
10 1.8447265625 2.5751953125 1.853515625 2.5751953125 1.853515625 2.5810546875 1.8447265625 2.5810546875
10 1.91015625 2.5849609375 1.91015625 2.58984375 1.900390625 2.5888671875 1.900390625 2.583984375
10 1.8642578125 2.58203125 1.8642578125 2.5869140625 1.8544921875 2.5869140625 1.8544921875 2.5810546875
9 1.88671875 2.59765625 1.8876953125 2.6025390625 1.875 2.6015625 1.875 2.5966796875
10 1.841796875 2.603515625 1.841796875 2.607421875 1.83203125 2.6083984375 1.83203125 2.6025390625
9 1.8408203125 2.59375 1.83984375 2.5986328125 1.828125 2.59765625 1.828125 2.59375
9 1.744140625 2.5693359375 1.744140625 2.57421875 1.7333984375 2.57421875 1.7333984375 2.5693359375
10 1.640625 2.58984375 1.6484375 2.58984375 1.6484375 2.5947265625 1.640625 2.5947265625
9 1.6982421875 2.5888671875 1.708984375 2.5888671875 1.708984375 2.5947265625 1.6982421875 2.5947265625
10 1.638671875 2.5478515625 1.6474609375 2.5478515625 1.6474609375 2.552734375 1.638671875 2.552734375
10 1.673828125 2.546875 1.6826171875 2.546875 1.6826171875 2.552734375 1.673828125 2.552734375
10 1.6875 2.52734375 1.6962890625 2.52734375 1.6962890625 2.5322265625 1.6875 2.5322265625
10 1.66015625 2.533203125 1.669921875 2.533203125 1.669921875 2.5380859375 1.66015625 2.5380859375
10 1.6396484375 2.529296875 1.6494140625 2.529296875 1.6494140625 2.5341796875 1.6396484375 2.5341796875
10 1.609375 2.529296875 1.6181640625 2.529296875 1.6181640625 2.53515625 1.609375 2.53515625
10 1.908203125 2.578125 1.91796875 2.578125 1.91796875 2.583984375 1.908203125 2.583984375
10 1.66796875 2.634765625 1.6728515625 2.634765625 1.6728515625 2.6435546875 1.66796875 2.6435546875
10 1.1982421875 2.4814453125 1.208984375 2.482421875 1.2080078125 2.4873046875 1.197265625 2.4853515625
9 1.7587890625 2.67578125 1.7685546875 2.67578125 1.7685546875 2.6796875 1.7587890625 2.6796875
10 1.724609375 2.638671875 1.728515625 2.638671875 1.728515625 2.6474609375 1.724609375 2.6474609375
10 1.72265625 2.6455078125 1.720703125 2.6455078125 1.7197265625 2.6396484375 1.7236328125 2.638671875
9 1.712890625 2.6376953125 1.7177734375 2.63671875 1.716796875 2.6474609375 1.7119140625 2.6474609375
9 1.708984375 2.646484375 1.705078125 2.64453125 1.70703125 2.634765625 1.7109375 2.6357421875
10 1.703125 2.64453125 1.7001953125 2.6455078125 1.7001953125 2.63671875 1.703125 2.63671875
10 1.69921875 2.64453125 1.6953125 2.64453125 1.6953125 2.6357421875 1.6982421875 2.6357421875
10 1.693359375 2.64453125 1.6904296875 2.6435546875 1.689453125 2.6337890625 1.6943359375 2.6337890625
9 1.7529296875 2.6630859375 1.7626953125 2.6630859375 1.7626953125 2.66796875 1.7529296875 2.66796875
10 1.673828125 2.6357421875 1.6787109375 2.6357421875 1.6787109375 2.642578125 1.673828125 2.642578125
9 1.7568359375 2.6708984375 1.767578125 2.6708984375 1.767578125 2.6748046875 1.7568359375 2.6748046875
10 1.7470703125 2.658203125 1.7568359375 2.658203125 1.7568359375 2.6630859375 1.7470703125 2.6630859375
10 1.7548828125 2.6533203125 1.7626953125 2.6533203125 1.7626953125 2.658203125 1.7548828125 2.658203125
10 1.736328125 2.6474609375 1.744140625 2.6474609375 1.744140625 2.65234375 1.736328125 2.65234375
10 1.7109375 2.6484375 1.7216796875 2.6484375 1.7216796875 2.6533203125 1.7109375 2.6533203125
10 1.6845703125 2.6357421875 1.6884765625 2.6357421875 1.6884765625 2.64453125 1.6845703125 2.64453125
10 1.6796875 2.634765625 1.6826171875 2.634765625 1.6826171875 2.6435546875 1.6796875 2.6435546875
10 1.580078125 2.537109375 1.5869140625 2.537109375 1.5859375 2.5419921875 1.5791015625 2.541015625
10 1.908203125 2.4970703125 1.90625 2.4921875 1.9140625 2.490234375 1.916015625 2.4951171875
10 1.7998046875 2.51953125 1.798828125 2.515625 1.8076171875 2.513671875 1.8076171875 2.517578125
10 1.4326171875 2.5751953125 1.431640625 2.5791015625 1.4228515625 2.5791015625 1.421875 2.5751953125
0 1.2021484375 1.6806640625 1.189453125 1.5888671875 1.2822265625 1.57421875 1.30078125 1.6689453125
9 1.146484375 2.2177734375 1.16015625 2.2158203125 1.1611328125 2.22265625 1.146484375 2.224609375
9 1.16015625 2.283203125 1.1748046875 2.2822265625 1.17578125 2.287109375 1.1611328125 2.2890625
9 1.15625 2.275390625 1.1728515625 2.2734375 1.173828125 2.279296875 1.1572265625 2.2802734375
9 1.1513671875 2.248046875 1.1669921875 2.2470703125 1.1669921875 2.25390625 1.1513671875 2.25390625
9 1.138671875 2.2294921875 1.1640625 2.22265625 1.166015625 2.228515625 1.1416015625 2.2353515625
9 1.1337890625 2.232421875 1.1376953125 2.2373046875 1.1220703125 2.2568359375 1.1162109375 2.2529296875
10 1.376953125 2.568359375 1.376953125 2.572265625 1.3671875 2.5712890625 1.3671875 2.5673828125
9 1.845703125 2.5107421875 1.8447265625 2.50390625 1.8564453125 2.5009765625 1.8583984375 2.5068359375
9 1.375 2.4736328125 1.375 2.4794921875 1.36328125 2.478515625 1.36328125 2.47265625
9 1.404296875 2.5703125 1.404296875 2.576171875 1.3896484375 2.5751953125 1.3896484375 2.5703125
10 1.3076171875 2.5224609375 1.3154296875 2.5234375 1.3154296875 2.52734375 1.3076171875 2.52734375
9 1.345703125 2.5546875 1.3447265625 2.55859375 1.333984375 2.55859375 1.333984375 2.5537109375
10 1.2802734375 2.55859375 1.2890625 2.55859375 1.2890625 2.5634765625 1.279296875 2.5634765625
10 1.2431640625 2.5595703125 1.251953125 2.560546875 1.2509765625 2.564453125 1.2421875 2.564453125
10 1.197265625 2.5576171875 1.20703125 2.5595703125 1.2060546875 2.564453125 1.1962890625 2.5625
0 1.181640625 1.58203125 1.1669921875 1.4912109375 1.2568359375 1.4755859375 1.2734375 1.5712890625
0 1.126953125 1.4716796875 1.111328125 1.375 1.2060546875 1.357421875 1.22265625 1.45703125
0 1.4560546875 0.9287109375 1.35546875 0.89453125 1.408203125 0.7705078125 1.50390625 0.806640625
0 1.5966796875 1.48828125 1.61328125 1.6123046875 1.494140625 1.6337890625 1.47265625 1.5
10 1.8349609375 2.3740234375 1.83203125 2.3740234375 1.83203125 2.3671875 1.8349609375 2.3671875
9 1.7783203125 2.3759765625 1.7880859375 2.3740234375 1.7890625 2.3779296875 1.7783203125 2.3798828125
9 1.7734375 2.3505859375 1.78515625 2.34765625 1.7861328125 2.3515625 1.7744140625 2.353515625
9 1.76953125 2.3408203125 1.783203125 2.341796875 1.7822265625 2.345703125 1.76953125 2.3466796875
9 1.583984375 2.330078125 1.6103515625 2.326171875 1.611328125 2.333984375 1.5859375 2.3359375
10 1.5380859375 2.6650390625 1.537109375 2.65625 1.5419921875 2.65625 1.541015625 2.6650390625
10 1.5283203125 2.65625 1.533203125 2.6572265625 1.533203125 2.6640625 1.5283203125 2.6650390625
10 1.5205078125 2.662109375 1.515625 2.662109375 1.5166015625 2.6533203125 1.5205078125 2.65234375
10 1.5478515625 2.5595703125 1.5546875 2.55859375 1.5546875 2.5634765625 1.5478515625 2.5625
10 1.5166015625 2.5576171875 1.515625 2.5625 1.50390625 2.5625 1.50390625 2.5576171875
10 1.5986328125 2.5625 1.609375 2.5625 1.609375 2.568359375 1.59765625 2.5673828125
10 1.4501953125 2.453125 1.4580078125 2.4541015625 1.45703125 2.458984375 1.4482421875 2.45703125
10 1.431640625 2.4541015625 1.44140625 2.4541015625 1.4404296875 2.4580078125 1.431640625 2.45703125
9 1.5615234375 2.5478515625 1.560546875 2.5439453125 1.5732421875 2.544921875 1.5732421875 2.548828125
9 1.53515625 2.564453125 1.5517578125 2.5654296875 1.5517578125 2.5703125 1.5341796875 2.5693359375
10 1.7294921875 2.638671875 1.7314453125 2.638671875 1.7314453125 2.6474609375 1.7294921875 2.6474609375
10 1.732421875 2.638671875 1.7353515625 2.638671875 1.7353515625 2.6474609375 1.732421875 2.6474609375
10 1.736328125 2.6376953125 1.740234375 2.6376953125 1.740234375 2.646484375 1.736328125 2.646484375
0 2.64453125 1.1259765625 2.65234375 1.193359375 2.580078125 1.2041015625 2.5703125 1.140625
9 2.642578125 2.314453125 2.6650390625 2.3046875 2.66796875 2.310546875 2.646484375 2.322265625
9 2.576171875 2.3291015625 2.5986328125 2.326171875 2.599609375 2.33203125 2.5771484375 2.3349609375
10 2.6533203125 1.767578125 2.6484375 1.767578125 2.646484375 1.7587890625 2.650390625 1.7568359375
9 2.6376953125 1.56640625 2.6416015625 1.564453125 2.6474609375 1.5771484375 2.642578125 1.5791015625
9 2.611328125 1.462890625 2.6162109375 1.46484375 2.60546875 1.486328125 2.6005859375 1.4833984375
10 2.619140625 1.576171875 2.615234375 1.5771484375 2.61328125 1.568359375 2.6181640625 1.5673828125
0 2.6611328125 1.224609375 2.6708984375 1.2890625 2.615234375 1.298828125 2.6083984375 1.234375
0 2.62890625 1.03125 2.638671875 1.09765625 2.548828125 1.1103515625 2.5361328125 1.0400390625
10 2.1884765625 2.2841796875 2.1923828125 2.283203125 2.1953125 2.2919921875 2.189453125 2.29296875
9 2.494140625 0.8896484375 2.5 0.8876953125 2.5009765625 0.9033203125 2.4951171875 0.904296875
0 2.5986328125 0.8369140625 2.599609375 0.9052734375 2.517578125 0.912109375 2.51171875 0.84375
0 2.5732421875 0.13671875 2.587890625 0.271484375 2.478515625 0.2822265625 2.466796875 0.150390625
10 2.48046875 2.390625 2.482421875 2.3935546875 2.4765625 2.3984375 2.474609375 2.3935546875
10 2.4384765625 2.4521484375 2.4423828125 2.4521484375 2.4423828125 2.4609375 2.4384765625 2.4609375
10 2.5107421875 2.638671875 2.51171875 2.6337890625 2.5224609375 2.6357421875 2.521484375 2.6396484375
10 2.48828125 2.63671875 2.4892578125 2.6328125 2.4990234375 2.63671875 2.498046875 2.6396484375
10 2.5673828125 2.63671875 2.57421875 2.6396484375 2.572265625 2.6435546875 2.5654296875 2.640625
10 2.673828125 2.7099609375 2.67578125 2.712890625 2.671875 2.71875 2.6689453125 2.716796875
10 2.6650390625 2.720703125 2.6689453125 2.7236328125 2.6650390625 2.7294921875 2.6611328125 2.7265625
9 2.6572265625 2.712890625 2.6611328125 2.716796875 2.6513671875 2.7294921875 2.6474609375 2.7265625
9 3.08984375 2.2275390625 3.095703125 2.232421875 3.0791015625 2.25 3.0751953125 2.24609375
2 2.9521484375 1.5205078125 2.986328125 1.5205078125 2.986328125 1.5546875 2.9521484375 1.5546875
0 2.0888671875 2.0888671875 2.0986328125 2.130859375 2.041015625 2.1494140625 2.03125 2.1044921875
0 2.12890625 2.234375 2.1396484375 2.283203125 2.0732421875 2.3037109375 2.0595703125 2.2509765625
0 1.6240234375 0.912109375 1.5029296875 0.8544921875 1.5615234375 0.728515625 1.68359375 0.7919921875
0 1.5703125 1.3212890625 1.5859375 1.4443359375 1.466796875 1.46484375 1.447265625 1.337890625
0 1.5048828125 2.1025390625 1.4931640625 2.029296875 1.576171875 2.0146484375 1.5849609375 2.08984375
9 2.7041015625 2.1953125 2.7216796875 2.2080078125 2.716796875 2.2138671875 2.69921875 2.2021484375
9 2.720703125 2.1650390625 2.7421875 2.177734375 2.73828125 2.18359375 2.7177734375 2.1708984375
9 2.7255859375 2.146484375 2.74609375 2.1591796875 2.7431640625 2.1650390625 2.72265625 2.15234375
9 2.73046875 2.12109375 2.7509765625 2.1357421875 2.7470703125 2.140625 2.7255859375 2.126953125
0 2.759765625 1.8720703125 2.7685546875 1.916015625 2.724609375 1.9267578125 2.7138671875 1.87890625
0 2.677734375 1.3212890625 2.689453125 1.3916015625 2.626953125 1.4033203125 2.61328125 1.330078125
10 2.5703125 2.6591796875 2.5771484375 2.658203125 2.5771484375 2.6611328125 2.5703125 2.6611328125
10 2.6767578125 2.6220703125 2.6748046875 2.6162109375 2.68359375 2.61328125 2.685546875 2.6201171875
10 2.4677734375 2.623046875 2.4697265625 2.6171875 2.478515625 2.623046875 2.4765625 2.626953125
10 2.3271484375 2.3974609375 2.3271484375 2.4013671875 2.3173828125 2.404296875 2.31640625 2.3984375
9 1.7451171875 2.638671875 1.748046875 2.638671875 1.748046875 2.6484375 1.7451171875 2.6484375
10 2.0029296875 2.5859375 2.001953125 2.5888671875 1.9921875 2.5888671875 1.9931640625 2.583984375
10 2.1015625 2.572265625 2.1123046875 2.572265625 2.1123046875 2.578125 2.1015625 2.578125
10 2.0556640625 2.587890625 2.0654296875 2.587890625 2.0654296875 2.5927734375 2.0556640625 2.5927734375
10 2.0234375 2.5625 2.0322265625 2.5625 2.0322265625 2.5673828125 2.0234375 2.5673828125
10 1.943359375 2.6005859375 1.953125 2.6005859375 1.953125 2.60546875 1.943359375 2.60546875
10 1.9501953125 2.5869140625 1.9609375 2.5869140625 1.9609375 2.5927734375 1.9501953125 2.5927734375
10 1.92578125 2.5927734375 1.9365234375 2.5927734375 1.9365234375 2.59765625 1.92578125 2.59765625
10 1.9033203125 2.5615234375 1.9130859375 2.5615234375 1.9130859375 2.5673828125 1.9033203125 2.5673828125
10 1.982421875 2.595703125 1.9814453125 2.599609375 1.9716796875 2.5986328125 1.97265625 2.5947265625
10 2.365234375 2.5888671875 2.3720703125 2.587890625 2.3720703125 2.59375 2.3662109375 2.5947265625
9 2.1298828125 2.5859375 2.12890625 2.580078125 2.1435546875 2.580078125 2.1435546875 2.5849609375
9 2.126953125 2.5966796875 2.126953125 2.6015625 2.115234375 2.6015625 2.1142578125 2.5966796875
9 2.1142578125 2.603515625 2.11328125 2.6083984375 2.1025390625 2.6083984375 2.1025390625 2.6025390625
10 1.939453125 2.5634765625 1.9404296875 2.5576171875 1.94921875 2.55859375 1.94921875 2.5634765625
10 1.708984375 2.6708984375 1.70703125 2.666015625 1.71484375 2.662109375 1.716796875 2.666015625
9 1.7548828125 2.642578125 1.7578125 2.64453125 1.755859375 2.65234375 1.7529296875 2.650390625
9 1.75 2.640625 1.7548828125 2.6416015625 1.751953125 2.6494140625 1.748046875 2.6484375
10 2.1015625 2.6181640625 2.111328125 2.6181640625 2.111328125 2.623046875 2.1015625 2.623046875
10 2.125 2.58984375 2.13671875 2.58984375 2.13671875 2.595703125 2.125 2.595703125
10 1.9873046875 2.48046875 1.986328125 2.4755859375 1.99609375 2.4736328125 1.9970703125 2.4775390625
10 2.078125 2.46875 2.0771484375 2.462890625 2.0869140625 2.462890625 2.0869140625 2.46875
10 2.3154296875 2.603515625 2.322265625 2.6025390625 2.3232421875 2.607421875 2.3154296875 2.6083984375
10 2.3515625 2.666015625 2.3603515625 2.6669921875 2.359375 2.671875 2.3505859375 2.669921875
10 2.251953125 2.6494140625 2.2626953125 2.65234375 2.2607421875 2.6572265625 2.25 2.6533203125
10 2.2802734375 2.6435546875 2.287109375 2.64453125 2.287109375 2.6484375 2.279296875 2.6474609375
10 2.2158203125 2.6044921875 2.224609375 2.607421875 2.22265625 2.6123046875 2.2138671875 2.6083984375
10 2.1708984375 2.6240234375 2.1787109375 2.6259765625 2.1767578125 2.630859375 2.169921875 2.6279296875
10 2.140625 2.578125 2.140625 2.57421875 2.150390625 2.5751953125 2.150390625 2.5810546875
9 2.115234375 2.572265625 2.115234375 2.5654296875 2.1484375 2.56640625 2.1484375 2.572265625
0 1.771484375 0.859375 1.69921875 0.822265625 1.7431640625 0.7119140625 1.826171875 0.748046875
0 1.6630859375 0.9912109375 1.6513671875 0.9208984375 1.7265625 0.9091796875 1.73828125 0.978515625
0 1.6669921875 1.1337890625 1.6455078125 1.017578125 1.76953125 1.00390625 1.791015625 1.1142578125
0 1.7216796875 1.4140625 1.6982421875 1.2900390625 1.810546875 1.2724609375 1.830078125 1.39453125
0 1.7412109375 1.51953125 1.72265625 1.4208984375 1.833984375 1.40234375 1.8515625 1.5068359375
10 1.9814453125 2.4072265625 1.9814453125 2.4130859375 1.97265625 2.4111328125 1.97265625 2.40625
10 2.0908203125 2.4765625 2.0908203125 2.470703125 2.1015625 2.4697265625 2.1015625 2.4755859375
10 1.2802734375 2.5458984375 1.2802734375 2.55078125 1.2685546875 2.55078125 1.2685546875 2.544921875
10 1.1669921875 2.5439453125 1.1767578125 2.544921875 1.17578125 2.55078125 1.166015625 2.548828125
10 0.4638671875 0.53125 0.466796875 0.5322265625 0.46484375 0.541015625 0.4609375 0.5400390625
10 0.380859375 0.345703125 0.384765625 0.3486328125 0.3798828125 0.3544921875 0.3759765625 0.3525390625
10 0.421875 0.3642578125 0.423828125 0.3662109375 0.419921875 0.373046875 0.4169921875 0.3701171875
10 0.42578125 0.3662109375 0.4287109375 0.369140625 0.4248046875 0.3759765625 0.421875 0.373046875
10 0.4306640625 0.369140625 0.43359375 0.37109375 0.4287109375 0.37890625 0.42578125 0.3759765625
10 0.359375 0.3408203125 0.3564453125 0.3388671875 0.361328125 0.330078125 0.3642578125 0.3330078125
10 0.369140625 0.3359375 0.373046875 0.3388671875 0.3681640625 0.345703125 0.3642578125 0.3427734375
10 0.3720703125 0.33984375 0.3759765625 0.3427734375 0.37109375 0.349609375 0.3681640625 0.34765625
10 0.3759765625 0.3427734375 0.380859375 0.3447265625 0.375 0.3515625 0.3720703125 0.349609375
10 0.3876953125 0.3505859375 0.392578125 0.3525390625 0.38671875 0.361328125 0.3828125 0.359375
10 0.4140625 0.357421875 0.416015625 0.359375 0.4130859375 0.3662109375 0.4091796875 0.3642578125
10 0.3955078125 0.3564453125 0.3984375 0.359375 0.3935546875 0.3662109375 0.3916015625 0.36328125
10 0.400390625 0.359375 0.4033203125 0.3623046875 0.3994140625 0.369140625 0.3955078125 0.3662109375
10 0.4111328125 0.3681640625 0.4150390625 0.3701171875 0.4111328125 0.376953125 0.4072265625 0.3759765625
10 0.4189453125 0.3740234375 0.423828125 0.3759765625 0.41796875 0.3837890625 0.4140625 0.3818359375
10 0.423828125 0.37890625 0.4267578125 0.380859375 0.421875 0.3857421875 0.4189453125 0.3857421875
10 0.35546875 0.3525390625 0.359375 0.35546875 0.35546875 0.361328125 0.3505859375 0.3583984375
10 0.3603515625 0.35546875 0.3642578125 0.3583984375 0.359375 0.3642578125 0.35546875 0.3623046875
10 0.4169921875 0.3603515625 0.4208984375 0.36328125 0.416015625 0.369140625 0.4130859375 0.3671875
10 0.41015625 0.3544921875 0.412109375 0.357421875 0.4091796875 0.361328125 0.40625 0.3603515625
9 1.208984375 2.53125 1.2099609375 2.525390625 1.236328125 2.52734375 1.236328125 2.533203125
10 0.408203125 0.326171875 0.412109375 0.3291015625 0.4072265625 0.333984375 0.404296875 0.3330078125
10 0.3818359375 0.3046875 0.384765625 0.3076171875 0.3798828125 0.314453125 0.376953125 0.3115234375
10 0.3857421875 0.3095703125 0.3876953125 0.310546875 0.3837890625 0.31640625 0.380859375 0.3134765625
10 0.38671875 0.3203125 0.384765625 0.318359375 0.388671875 0.3115234375 0.3916015625 0.3125
10 0.3916015625 0.314453125 0.39453125 0.31640625 0.390625 0.3212890625 0.388671875 0.3203125
10 0.3955078125 0.31640625 0.3984375 0.3193359375 0.39453125 0.32421875 0.3916015625 0.322265625
10 0.3994140625 0.3203125 0.40234375 0.3232421875 0.3984375 0.328125 0.3955078125 0.326171875
10 0.4052734375 0.322265625 0.408203125 0.32421875 0.404296875 0.33203125 0.3994140625 0.3291015625
10 0.4169921875 0.33203125 0.419921875 0.333984375 0.4140625 0.341796875 0.4111328125 0.33984375
10 0.4052734375 0.3525390625 0.4072265625 0.353515625 0.404296875 0.361328125 0.4013671875 0.359375
10 0.4306640625 0.3427734375 0.4345703125 0.345703125 0.4306640625 0.3525390625 0.4267578125 0.3486328125
10 0.435546875 0.3466796875 0.439453125 0.349609375 0.4345703125 0.3564453125 0.431640625 0.3544921875
10 0.3818359375 0.3349609375 0.3857421875 0.3369140625 0.3818359375 0.3427734375 0.3779296875 0.3408203125
10 0.38671875 0.3369140625 0.3896484375 0.33984375 0.384765625 0.3466796875 0.3828125 0.3447265625
10 0.390625 0.3408203125 0.392578125 0.34375 0.388671875 0.3486328125 0.38671875 0.3466796875
10 0.39453125 0.3427734375 0.3974609375 0.345703125 0.3935546875 0.3515625 0.390625 0.349609375
10 0.4013671875 0.349609375 0.4033203125 0.3505859375 0.400390625 0.357421875 0.3974609375 0.35546875
10 0.3642578125 0.359375 0.3681640625 0.361328125 0.36328125 0.3671875 0.3603515625 0.365234375
10 0.36328125 0.369140625 0.3662109375 0.3720703125 0.3623046875 0.3779296875 0.3583984375 0.3759765625
10 0.3720703125 0.365234375 0.375 0.3681640625 0.37109375 0.3740234375 0.3671875 0.3720703125
10 0.3935546875 0.484375 0.400390625 0.4892578125 0.3974609375 0.4921875 0.3916015625 0.4873046875
10 0.4228515625 0.5048828125 0.4306640625 0.5068359375 0.4296875 0.5107421875 0.421875 0.5087890625
10 0.4150390625 0.50390625 0.4208984375 0.5048828125 0.419921875 0.5078125 0.4140625 0.5068359375
10 0.4072265625 0.5009765625 0.4140625 0.5029296875 0.412109375 0.5068359375 0.40625 0.50390625
10 0.4052734375 0.46875 0.41015625 0.4736328125 0.408203125 0.4755859375 0.4033203125 0.4716796875
10 0.40234375 0.47265625 0.408203125 0.4775390625 0.40625 0.48046875 0.400390625 0.4765625
10 0.3994140625 0.4765625 0.4052734375 0.4814453125 0.4033203125 0.484375 0.3974609375 0.4794921875
10 0.396484375 0.48046875 0.40234375 0.4853515625 0.400390625 0.48828125 0.39453125 0.4833984375
10 0.3896484375 0.48828125 0.39453125 0.4921875 0.392578125 0.494140625 0.3876953125 0.490234375
10 0.3759765625 0.3681640625 0.380859375 0.3701171875 0.3759765625 0.376953125 0.3720703125 0.3759765625
10 0.38671875 0.4931640625 0.3935546875 0.49609375 0.390625 0.5 0.384765625 0.4951171875
10 0.384765625 0.4951171875 0.390625 0.5009765625 0.3876953125 0.50390625 0.3818359375 0.4990234375
10 0.3818359375 0.4990234375 0.38671875 0.5048828125 0.384765625 0.5068359375 0.37890625 0.5009765625
10 0.3779296875 0.5029296875 0.384765625 0.5078125 0.3828125 0.51171875 0.376953125 0.5068359375
10 0.375 0.5078125 0.3818359375 0.51171875 0.37890625 0.5146484375 0.3740234375 0.5107421875
10 0.373046875 0.51171875 0.3798828125 0.517578125 0.3779296875 0.5205078125 0.3701171875 0.5146484375
10 0.369140625 0.515625 0.376953125 0.521484375 0.375 0.5234375 0.3671875 0.517578125
10 0.43359375 0.5078125 0.4404296875 0.5087890625 0.439453125 0.513671875 0.431640625 0.51171875
10 0.44140625 0.513671875 0.44140625 0.5107421875 0.44921875 0.5126953125 0.4482421875 0.5166015625
10 0.4501953125 0.5166015625 0.451171875 0.5126953125 0.458984375 0.5146484375 0.4580078125 0.5185546875
10 0.4599609375 0.5185546875 0.4609375 0.515625 0.4677734375 0.5166015625 0.466796875 0.5205078125
10 0.3818359375 0.3720703125 0.3857421875 0.375 0.380859375 0.3818359375 0.3779296875 0.37890625
10 0.38671875 0.3759765625 0.3916015625 0.37890625 0.38671875 0.384765625 0.3828125 0.3818359375
10 0.404296875 0.388671875 0.4072265625 0.3916015625 0.4033203125 0.396484375 0.3994140625 0.39453125
10 0.3984375 0.384765625 0.4033203125 0.3876953125 0.3984375 0.392578125 0.39453125 0.390625
10 0.3935546875 0.392578125 0.396484375 0.3955078125 0.392578125 0.4013671875 0.388671875 0.3984375
10 0.3974609375 0.396484375 0.4013671875 0.3984375 0.396484375 0.404296875 0.3935546875 0.40234375
10 0.5625 0.50390625 0.5615234375 0.5068359375 0.552734375 0.505859375 0.5537109375 0.5009765625
10 0.4541015625 0.458984375 0.458984375 0.4609375 0.4560546875 0.4697265625 0.4521484375 0.46875
10 0.4306640625 0.453125 0.435546875 0.455078125 0.43359375 0.4619140625 0.4287109375 0.4609375
10 0.4306640625 0.474609375 0.435546875 0.4755859375 0.4326171875 0.486328125 0.4287109375 0.484375
10 0.4560546875 0.494140625 0.4599609375 0.4951171875 0.4580078125 0.50390625 0.453125 0.5029296875
10 0.4365234375 0.490234375 0.44140625 0.4912109375 0.4404296875 0.4990234375 0.435546875 0.4990234375
10 0.423828125 0.484375 0.427734375 0.486328125 0.42578125 0.494140625 0.4208984375 0.4931640625
10 0.4296875 0.4873046875 0.43359375 0.48828125 0.4306640625 0.498046875 0.4267578125 0.4970703125
10 0.4951171875 0.5146484375 0.4912109375 0.5146484375 0.4921875 0.505859375 0.4951171875 0.505859375
10 0.3759765625 0.302734375 0.3798828125 0.3046875 0.375 0.3115234375 0.3720703125 0.3095703125
10 0.373046875 0.2998046875 0.3759765625 0.302734375 0.37109375 0.3076171875 0.3681640625 0.3046875
10 0.4228515625 0.259765625 0.4267578125 0.26171875 0.421875 0.2685546875 0.41796875 0.2666015625
10 1.0751953125 2.53125 1.0830078125 2.53125 1.083984375 2.537109375 1.0751953125 2.5361328125
10 0.9453125 2.6279296875 0.9482421875 2.6318359375 0.9423828125 2.6357421875 0.939453125 2.6328125
10 0.9453125 2.619140625 0.947265625 2.6220703125 0.94140625 2.6259765625 0.9384765625 2.6240234375
10 1.1435546875 2.521484375 1.1435546875 2.5166015625 1.1533203125 2.5166015625 1.1533203125 2.5205078125
10 1.12109375 2.5419921875 1.130859375 2.5419921875 1.130859375 2.546875 1.1220703125 2.546875
10 1.1220703125 2.5263671875 1.1318359375 2.5263671875 1.1318359375 2.53125 1.1220703125 2.53125
9 1.1103515625 2.5537109375 1.125 2.5537109375 1.125 2.560546875 1.1103515625 2.560546875
10 1.064453125 2.51953125 1.072265625 2.51953125 1.072265625 2.5244140625 1.064453125 2.525390625
9 1.0751953125 2.556640625 1.0751953125 2.5615234375 1.0625 2.5615234375 1.0625 2.5556640625
10 0.9091796875 2.53125 0.91796875 2.5302734375 0.91796875 2.5361328125 0.908203125 2.5361328125
10 0.978515625 2.556640625 0.986328125 2.5556640625 0.9873046875 2.5615234375 0.9775390625 2.5615234375
10 1.0244140625 2.548828125 1.033203125 2.548828125 1.033203125 2.5537109375 1.0244140625 2.5537109375
10 1.015625 2.54296875 1.0244140625 2.54296875 1.0244140625 2.5478515625 1.015625 2.5478515625
10 0.9951171875 2.55078125 1.001953125 2.5517578125 1.001953125 2.5556640625 0.9951171875 2.5556640625
10 1.029296875 2.525390625 1.029296875 2.5205078125 1.0380859375 2.51953125 1.0380859375 2.525390625
10 0.958984375 2.5390625 0.958984375 2.53515625 0.96875 2.5341796875 0.96875 2.5400390625
10 0.9619140625 2.4892578125 0.97265625 2.48828125 0.97265625 2.4931640625 0.9619140625 2.494140625
10 0.947265625 2.6337890625 0.9501953125 2.6376953125 0.9423828125 2.642578125 0.9404296875 2.6376953125
10 0.955078125 2.640625 0.951171875 2.640625 0.9521484375 2.6328125 0.9560546875 2.6328125
10 0.9345703125 2.609375 0.9375 2.609375 0.9384765625 2.6171875 0.935546875 2.6171875
10 0.93359375 2.6171875 0.9384765625 2.6171875 0.9384765625 2.626953125 0.9345703125 2.626953125
10 1.318359375 2.6376953125 1.3232421875 2.6376953125 1.322265625 2.646484375 1.3173828125 2.6474609375
10 1.0078125 2.666015625 1.015625 2.6650390625 1.0166015625 2.669921875 1.0078125 2.6708984375
10 1.0166015625 2.6611328125 1.015625 2.6640625 1.0068359375 2.6650390625 1.005859375 2.66015625
10 1.015625 2.6552734375 1.0166015625 2.66015625 1.0078125 2.66015625 1.0078125 2.6552734375
10 1.0166015625 2.6513671875 1.0166015625 2.654296875 1.0087890625 2.654296875 1.0087890625 2.6513671875
10 1.0166015625 2.646484375 1.0166015625 2.650390625 1.0078125 2.6513671875 1.0078125 2.6455078125
10 1.0166015625 2.642578125 1.0166015625 2.6455078125 1.0087890625 2.6455078125 1.0087890625 2.642578125
10 1.017578125 2.6376953125 1.017578125 2.6416015625 1.0087890625 2.6416015625 1.0087890625 2.63671875
10 1.017578125 2.6279296875 1.017578125 2.6328125 1.0087890625 2.6337890625 1.0087890625 2.6279296875
10 1.017578125 2.6181640625 1.017578125 2.623046875 1.009765625 2.623046875 1.009765625 2.6181640625
10 1.029296875 2.583984375 1.03125 2.587890625 1.025390625 2.5927734375 1.0224609375 2.5888671875
10 0.943359375 2.6630859375 0.9404296875 2.6591796875 0.947265625 2.654296875 0.9501953125 2.658203125
10 0.94140625 2.65625 0.9404296875 2.6513671875 0.947265625 2.6484375 0.9501953125 2.65234375
10 0.9404296875 2.646484375 0.9365234375 2.6474609375 0.935546875 2.6376953125 0.9404296875 2.63671875
10 0.9345703125 2.6298828125 0.9375 2.62890625 0.9384765625 2.63671875 0.9345703125 2.63671875
10 0.9501953125 2.4892578125 0.9599609375 2.4892578125 0.958984375 2.4931640625 0.94921875 2.4931640625
10 0.9140625 2.5537109375 0.921875 2.552734375 0.921875 2.5576171875 0.9140625 2.55859375
10 0.427734375 0.2666015625 0.4306640625 0.2685546875 0.4267578125 0.2763671875 0.4228515625 0.2734375
10 0.62109375 2.552734375 0.6298828125 2.55078125 0.630859375 2.5556640625 0.6220703125 2.556640625
10 0.7880859375 2.5673828125 0.7880859375 2.5634765625 0.7978515625 2.5625 0.7978515625 2.5673828125
10 0.76953125 2.5302734375 0.7763671875 2.529296875 0.77734375 2.53515625 0.7705078125 2.53515625
10 0.7734375 2.5712890625 0.7734375 2.5751953125 0.763671875 2.5771484375 0.76171875 2.5712890625
10 0.7685546875 2.5595703125 0.7685546875 2.564453125 0.759765625 2.564453125 0.7587890625 2.5595703125
10 0.728515625 2.5458984375 0.7353515625 2.5439453125 0.736328125 2.5478515625 0.728515625 2.548828125
10 0.6806640625 2.5322265625 0.6884765625 2.5283203125 0.6904296875 2.5341796875 0.6826171875 2.5361328125
10 0.66015625 2.5537109375 0.66796875 2.55078125 0.6689453125 2.5556640625 0.6611328125 2.5576171875
10 0.6884765625 2.5478515625 0.6875 2.54296875 0.6962890625 2.5419921875 0.6962890625 2.546875
10 0.931640625 2.5615234375 0.931640625 2.56640625 0.921875 2.5673828125 0.921875 2.5615234375
10 0.6904296875 2.568359375 0.6904296875 2.572265625 0.681640625 2.57421875 0.681640625 2.5693359375
10 0.6337890625 2.580078125 0.6337890625 2.5849609375 0.623046875 2.5869140625 0.6220703125 2.5810546875
10 0.6015625 2.5654296875 0.6005859375 2.560546875 0.6103515625 2.560546875 0.611328125 2.564453125
10 0.6220703125 2.5888671875 0.623046875 2.5927734375 0.611328125 2.5947265625 0.611328125 2.58984375
9 0.5859375 0.6953125 0.5908203125 0.697265625 0.5849609375 0.70703125 0.580078125 0.705078125
10 0.50390625 0.2568359375 0.5078125 0.259765625 0.501953125 0.267578125 0.4990234375 0.2646484375
10 0.43359375 0.2685546875 0.4365234375 0.271484375 0.4326171875 0.279296875 0.4287109375 0.275390625
10 0.7958984375 2.5439453125 0.7958984375 2.5390625 0.8037109375 2.5380859375 0.8046875 2.54296875
10 0.8291015625 2.5341796875 0.828125 2.5302734375 0.837890625 2.529296875 0.837890625 2.533203125
10 0.8408203125 2.5537109375 0.8486328125 2.552734375 0.849609375 2.5576171875 0.841796875 2.55859375
10 0.8505859375 2.53515625 0.861328125 2.5341796875 0.8623046875 2.541015625 0.8505859375 2.541015625
0 0.916015625 0.6484375 0.94921875 0.662109375 0.9248046875 0.7197265625 0.890625 0.703125
10 0.826171875 2.458984375 0.826171875 2.455078125 0.8330078125 2.4541015625 0.8330078125 2.4580078125
10 0.8076171875 2.455078125 0.8154296875 2.4560546875 0.8154296875 2.458984375 0.8076171875 2.458984375
10 0.783203125 2.4580078125 0.7919921875 2.4560546875 0.7939453125 2.4599609375 0.78515625 2.462890625
10 0.7998046875 2.4853515625 0.8076171875 2.4853515625 0.8076171875 2.490234375 0.7998046875 2.490234375
10 0.7978515625 2.4912109375 0.8095703125 2.4921875 0.80859375 2.49609375 0.7978515625 2.4951171875
10 0.8095703125 2.498046875 0.8095703125 2.501953125 0.7998046875 2.501953125 0.7998046875 2.4970703125
10 0.8193359375 2.5 0.828125 2.5 0.828125 2.50390625 0.8193359375 2.5048828125
10 0.8076171875 2.5087890625 0.80859375 2.5126953125 0.8017578125 2.513671875 0.80078125 2.5087890625
10 0.7822265625 2.4833984375 0.7841796875 2.486328125 0.7802734375 2.4931640625 0.7763671875 2.4912109375
10 0.7900390625 2.498046875 0.7939453125 2.4970703125 0.7958984375 2.5068359375 0.7919921875 2.5078125
10 0.7646484375 2.4990234375 0.771484375 2.50390625 0.7685546875 2.5078125 0.76171875 2.5029296875
9 0.8193359375 2.638671875 0.8134765625 2.638671875 0.8125 2.62890625 0.8173828125 2.6279296875
10 0.880859375 2.5322265625 0.890625 2.53125 0.890625 2.5380859375 0.880859375 2.537109375
10 0.892578125 2.548828125 0.900390625 2.5478515625 0.900390625 2.5537109375 0.892578125 2.5537109375
2 0.4130859375 0.1396484375 0.4580078125 0.1396484375 0.4580078125 0.1865234375 0.4130859375 0.1865234375
