0 4.7587890625 1.0458984375 4.697265625 1.052734375 4.689453125 1.0087890625 4.7529296875 1.001953125
0 3.490234375 3.740234375 3.4833984375 3.76953125 3.4482421875 3.76171875 3.45703125 3.732421875
0 3.11328125 2.3447265625 3.15234375 2.3515625 3.1435546875 2.388671875 3.1064453125 2.3818359375
0 3.1611328125 2.357421875 3.2001953125 2.3623046875 3.193359375 2.40234375 3.15234375 2.3916015625
0 3.208984375 2.3671875 3.25 2.375 3.2421875 2.4130859375 3.2041015625 2.40234375
0 3.2607421875 2.3798828125 3.2998046875 2.38671875 3.29296875 2.4189453125 3.25390625 2.40625
0 3.30859375 2.390625 3.34765625 2.4013671875 3.3408203125 2.42578125 3.302734375 2.4169921875
0 3.361328125 2.400390625 3.3955078125 2.4052734375 3.390625 2.4287109375 3.3564453125 2.423828125
0 3.404296875 2.408203125 3.439453125 2.41796875 3.4326171875 2.44921875 3.400390625 2.4384765625
0 3.310546875 1.80078125 3.32421875 1.828125 3.2998046875 1.8359375 3.2841796875 1.8115234375
0 3.455078125 2.419921875 3.48828125 2.427734375 3.4853515625 2.453125 3.447265625 2.4501953125
0 3.388671875 1.9130859375 3.40625 1.94140625 3.369140625 1.9580078125 3.349609375 1.9326171875
0 3.423828125 1.9580078125 3.4609375 2.009765625 3.3994140625 2.033203125 3.3671875 1.984375
0 3.2177734375 0.361328125 3.1669921875 0.333984375 3.1953125 0.2822265625 3.251953125 0.3115234375
0 3.5078125 3.7080078125 3.4951171875 3.7412109375 3.4619140625 3.7333984375 3.4716796875 3.69921875
0 3.490234375 3.80078125 3.4814453125 3.833984375 3.4453125 3.8232421875 3.4541015625 3.7900390625
0 2.970703125 2.310546875 3.0029296875 2.31640625 2.99609375 2.34375 2.9619140625 2.337890625
0 3.494140625 3.8330078125 3.4853515625 3.8720703125 3.423828125 3.861328125 3.4365234375 3.818359375
11 3.482421875 3.8662109375 3.4765625 3.8857421875 3.453125 3.876953125 3.4599609375 3.857421875
11 3.4755859375 3.8828125 3.46875 3.9052734375 3.4384765625 3.8984375 3.4462890625 3.873046875
0 3.4765625 3.8955078125 3.4638671875 3.9326171875 3.41796875 3.91796875 3.4296875 3.8837890625
0 3.46875 3.92578125 3.4541015625 3.9755859375 3.3876953125 3.9599609375 3.4072265625 3.9091796875
0 3.4462890625 3.9775390625 3.44140625 3.9990234375 3.4033203125 3.998046875 3.412109375 3.96875
11 3.53125 3.9794921875 3.53515625 3.96484375 3.560546875 3.9677734375 3.5546875 3.9853515625
11 3.5244140625 3.994140625 3.5302734375 3.9775390625 3.5546875 3.982421875 3.5478515625 3.9970703125
11 3.53515625 3.9619140625 3.537109375 3.951171875 3.5625 3.9541015625 3.556640625 3.96875
11 3.5390625 3.9482421875 3.544921875 3.927734375 3.572265625 3.9345703125 3.5654296875 3.953125
11 3.5361328125 3.9208984375 3.54296875 3.8974609375 3.5703125 3.904296875 3.5634765625 3.927734375
11 3.55078125 3.875 3.5546875 3.857421875 3.57421875 3.8623046875 3.5673828125 3.8798828125
11 3.5556640625 3.859375 3.55859375 3.8427734375 3.580078125 3.8427734375 3.5771484375 3.8642578125
0 3.0673828125 2.333984375 3.095703125 2.33984375 3.0908203125 2.369140625 3.0615234375 2.3603515625
0 2.9287109375 2.2998046875 2.9619140625 2.3076171875 2.9541015625 2.3388671875 2.9228515625 2.330078125
0 5.0146484375 3.8759765625 4.99609375 3.9658203125 4.90234375 3.943359375 4.927734375 3.853515625
0 3.251953125 3.6220703125 3.2412109375 3.6689453125 3.1787109375 3.6552734375 3.1884765625 3.6064453125
11 2.09765625 0.02734375 2.095703125 0.0634765625 2.0517578125 0.0556640625 2.0537109375 0.0263671875
0 2.296875 0.4072265625 2.2890625 0.4658203125 2.23046875 0.453125 2.2412109375 0.40234375
0 2.1826171875 0.4775390625 2.169921875 0.5302734375 2.125 0.517578125 2.138671875 0.4755859375
0 2.0771484375 0.75 2.0830078125 0.6826171875 2.1630859375 0.685546875 2.154296875 0.7578125
0 2.490234375 0.46484375 2.5185546875 0.447265625 2.5361328125 0.486328125 2.5029296875 0.4990234375
0 2.3173828125 2.8515625 2.3095703125 2.9189453125 2.228515625 2.9033203125 2.2353515625 2.8310546875
0 3.12109375 3.861328125 3.1103515625 3.9208984375 3.0302734375 3.908203125 3.0390625 3.84765625
0 3.1162109375 3.7470703125 3.103515625 3.814453125 3.0302734375 3.7958984375 3.046875 3.7353515625
0 3.1298828125 3.6943359375 3.123046875 3.751953125 3.0498046875 3.7392578125 3.0576171875 3.6826171875
0 3.1552734375 3.6591796875 3.15234375 3.703125 3.0869140625 3.6943359375 3.091796875 3.6494140625
0 3.1513671875 3.6181640625 3.138671875 3.671875 3.068359375 3.6572265625 3.0810546875 3.6025390625
0 3.1728515625 3.5546875 3.166015625 3.61328125 3.09375 3.5966796875 3.1015625 3.5361328125
0 3.2451171875 3.5703125 3.2333984375 3.62109375 3.1748046875 3.609375 3.1884765625 3.55859375
0 3.2470703125 3.73828125 3.1767578125 3.72265625 3.1884765625 3.6591796875 3.2607421875 3.6669921875
0 2.8984375 2.291015625 2.9267578125 2.298828125 2.919921875 2.330078125 2.8896484375 2.3203125
0 3.197265625 3.71484375 3.1328125 3.6982421875 3.15234375 3.6328125 3.212890625 3.6455078125
0 3.1728515625 3.791015625 3.1103515625 3.77734375 3.1220703125 3.7099609375 3.1806640625 3.7216796875
0 3.2353515625 3.8212890625 3.1640625 3.806640625 3.1787109375 3.7353515625 3.2431640625 3.7470703125
0 2.9267578125 2.244140625 2.8935546875 2.2333984375 2.9013671875 2.203125 2.9326171875 2.2109375
0 2.9658203125 2.25390625 2.931640625 2.2451171875 2.9375 2.2119140625 2.9716796875 2.2197265625
11 2.8857421875 2.23046875 2.861328125 2.2255859375 2.8701171875 2.193359375 2.892578125 2.1953125
0 3.0029296875 2.2568359375 2.970703125 2.251953125 2.9765625 2.220703125 3.0068359375 2.2275390625
0 3.1376953125 2.287109375 3.10546875 2.2802734375 3.109375 2.255859375 3.142578125 2.2626953125
0 3.1767578125 2.3017578125 3.1435546875 2.291015625 3.1494140625 2.2626953125 3.181640625 2.267578125
0 3.212890625 2.3115234375 3.185546875 2.302734375 3.189453125 2.2705078125 3.2177734375 2.2763671875
0 3.3115234375 2.3330078125 3.283203125 2.326171875 3.2861328125 2.296875 3.314453125 2.3037109375
0 2.8310546875 2.275390625 2.859375 2.28125 2.853515625 2.310546875 2.82421875 2.2998046875
0 2.8642578125 2.2822265625 2.8935546875 2.2890625 2.888671875 2.3193359375 2.8583984375 2.310546875
0 3.55859375 3.8359375 3.572265625 3.7841796875 3.6279296875 3.796875 3.61328125 3.8486328125
0 3.5830078125 3.7841796875 3.5810546875 3.7587890625 3.640625 3.7548828125 3.640625 3.787109375
0 3.568359375 3.763671875 3.5654296875 3.732421875 3.607421875 3.7314453125 3.609375 3.76171875
0 4.6025390625 0.462890625 4.5810546875 0.4521484375 4.59375 0.427734375 4.611328125 0.4365234375
0 4.341796875 1.8125 4.33984375 1.77734375 4.390625 1.76953125 4.396484375 1.80859375
0 4.328125 1.7548828125 4.3271484375 1.7255859375 4.357421875 1.724609375 4.3603515625 1.755859375
0 4.326171875 1.6943359375 4.3251953125 1.681640625 4.3583984375 1.6806640625 4.3583984375 1.6923828125
0 4.3203125 1.6494140625 4.3154296875 1.619140625 4.349609375 1.6162109375 4.353515625 1.6484375
0 4.7646484375 1.013671875 4.7119140625 1.0048828125 4.716796875 0.9716796875 4.7666015625 0.9765625
11 4.271484375 0.806640625 4.390625 0.8701171875 4.3740234375 0.900390625 4.2470703125 0.8271484375
0 4.71484375 0.5634765625 4.783203125 0.5458984375 4.7939453125 0.5849609375 4.7216796875 0.6015625
0 4.60546875 0.6396484375 4.6171875 0.61328125 4.6533203125 0.634765625 4.6357421875 0.654296875
0 4.556640625 0.494140625 4.53125 0.4814453125 4.5458984375 0.4521484375 4.572265625 0.462890625
0 4.533203125 0.4814453125 4.46875 0.4482421875 4.5009765625 0.400390625 4.5634765625 0.4306640625
0 4.5166015625 0.4384765625 4.4990234375 0.42578125 4.5087890625 0.4033203125 4.5302734375 0.4130859375
0 4.560546875 0.4287109375 4.5 0.4072265625 4.5146484375 0.373046875 4.5771484375 0.3984375
0 4.6123046875 0.470703125 4.5927734375 0.4619140625 4.6064453125 0.435546875 4.62890625 0.4453125
0 4.580078125 0.4296875 4.5703125 0.41015625 4.59375 0.3994140625 4.6015625 0.4208984375
0 3.556640625 3.7314453125 3.58984375 3.6875 3.6396484375 3.7265625 3.6064453125 3.7587890625
0 4.5791015625 0.4111328125 4.55859375 0.412109375 4.5556640625 0.392578125 4.5751953125 0.3876953125
0 4.880859375 1.9755859375 4.9013671875 2.046875 4.828125 2.06640625 4.8056640625 2.00390625
0 5.1064453125 1.9326171875 5.111328125 1.9990234375 5.03515625 2.0048828125 5.02734375 1.9462890625
0 5.109375 2.0 5.1181640625 2.06640625 5.041015625 2.0703125 5.033203125 2.009765625
0 5.1279296875 2.130859375 5.138671875 2.1953125 5.0595703125 2.205078125 5.0458984375 2.142578125
0 5.1015625 2.3203125 5.0517578125 2.3681640625 5.0009765625 2.322265625 5.03515625 2.283203125
0 5.04296875 3.78125 5.0185546875 3.8642578125 4.9287109375 3.841796875 4.951171875 3.75390625
0 3.546875 3.90234375 3.5576171875 3.86328125 3.607421875 3.875 3.5986328125 3.91796875
0 3.078125 2.27734375 3.0458984375 2.2685546875 3.0498046875 2.2412109375 3.0849609375 2.248046875
0 3.2763671875 2.3251953125 3.23828125 2.31640625 3.244140625 2.28515625 3.2783203125 2.2900390625
0 3.408203125 2.35546875 3.37890625 2.34765625 3.3837890625 2.3203125 3.4140625 2.3251953125
0 3.01953125 2.3212890625 3.05078125 2.3291015625 3.0439453125 2.3583984375 3.0126953125 2.34765625
0 4.5 0.611328125 4.4521484375 0.5810546875 4.47265625 0.548828125 4.525390625 0.576171875
0 4.3544921875 1.888671875 4.3525390625 1.85546875 4.396484375 1.8515625 4.3974609375 1.8896484375
0 4.5986328125 1.890625 4.6044921875 1.9501953125 4.533203125 1.95703125 4.5224609375 1.8984375
0 4.359375 1.9423828125 4.3564453125 1.9091796875 4.40234375 1.904296875 4.40234375 1.9423828125
0 4.369140625 2.005859375 4.3671875 1.97265625 4.3974609375 1.9677734375 4.400390625 2.00390625
0 3.560546875 3.7080078125 3.5693359375 3.6787109375 3.5986328125 3.6923828125 3.5849609375 3.7177734375
0 3.5771484375 3.70703125 3.5830078125 3.6552734375 3.6328125 3.6640625 3.62109375 3.71484375
0 3.6044921875 3.7314453125 3.619140625 3.6845703125 3.6669921875 3.6923828125 3.65234375 3.744140625
0 3.70703125 2.3564453125 3.72265625 2.3828125 3.69921875 2.39453125 3.6806640625 2.37109375
0 3.7763671875 2.095703125 3.7373046875 2.0361328125 3.80078125 2.00390625 3.8388671875 2.0693359375
0 3.8125 2.1513671875 3.779296875 2.09765625 3.841796875 2.064453125 3.8798828125 2.1279296875
0 3.8017578125 1.7216796875 3.7685546875 1.7236328125 3.7646484375 1.6923828125 3.794921875 1.689453125
0 3.822265625 1.71484375 3.7880859375 1.7158203125 3.7841796875 1.6845703125 3.81640625 1.6806640625
0 3.8046875 1.6796875 3.837890625 1.673828125 3.84375 1.7109375 3.80859375 1.712890625
0 3.90625 1.671875 3.8876953125 1.697265625 3.8623046875 1.6796875 3.884765625 1.6533203125
0 3.8232421875 1.75390625 3.857421875 1.7490234375 3.8623046875 1.7802734375 3.826171875 1.7822265625
0 3.861328125 1.75390625 3.89453125 1.751953125 3.8955078125 1.7783203125 3.86328125 1.779296875
0 3.8896484375 1.7763671875 3.9208984375 1.771484375 3.921875 1.7958984375 3.8955078125 1.798828125
11 3.876953125 1.7822265625 3.8984375 1.78125 3.900390625 1.802734375 3.8798828125 1.802734375
0 3.8515625 1.7822265625 3.8857421875 1.78125 3.888671875 1.806640625 3.8564453125 1.806640625
0 3.8330078125 1.783203125 3.8671875 1.78515625 3.86328125 1.8173828125 3.830078125 1.8115234375
0 3.8798828125 1.85546875 3.9111328125 1.8759765625 3.892578125 1.8974609375 3.865234375 1.8818359375
0 3.9326171875 1.89453125 3.90234375 1.904296875 3.890625 1.880859375 3.921875 1.869140625
0 3.9033203125 1.560546875 3.8876953125 1.501953125 3.970703125 1.48828125 3.982421875 1.55078125
0 3.7265625 0.3037109375 3.6865234375 0.279296875 3.70703125 0.2392578125 3.75 0.259765625
0 3.669921875 0.2763671875 3.6318359375 0.2568359375 3.654296875 0.2119140625 3.6943359375 0.23046875
0 3.986328125 2.220703125 4.037109375 2.189453125 4.0869140625 2.2578125 4.025390625 2.283203125
0 3.9951171875 2.3994140625 3.9716796875 2.3564453125 4.025390625 2.326171875 4.0537109375 2.3779296875
0 4.662109375 2.30859375 4.6708984375 2.373046875 4.591796875 2.37109375 4.583984375 2.3115234375
0 4.4033203125 2.220703125 4.400390625 2.193359375 4.4345703125 2.1884765625 4.4375 2.2197265625
0 4.6259765625 2.09375 4.630859375 2.1552734375 4.5576171875 2.158203125 4.55078125 2.0986328125
0 4.6044921875 1.9619140625 4.611328125 2.021484375 4.5439453125 2.0263671875 4.53515625 1.9677734375
0 0.8330078125 1.609375 0.8271484375 1.552734375 0.9130859375 1.548828125 0.9111328125 1.61328125
