0 2.201171875 3.10546875 2.15625 3.0888671875 2.1689453125 3.033203125 2.21484375 3.041015625
0 2.1796875 2.677734375 2.2509765625 2.68359375 2.2470703125 2.7548828125 2.17578125 2.748046875
0 2.5712890625 1.783203125 2.5751953125 1.7626953125 2.59765625 1.765625 2.5927734375 1.7890625
0 2.5419921875 1.7763671875 2.54296875 1.755859375 2.5615234375 1.7568359375 2.560546875 1.78125
0 2.521484375 1.7734375 2.5234375 1.7529296875 2.5419921875 1.7548828125 2.5390625 1.779296875
0 2.6376953125 1.7548828125 2.6640625 1.7236328125 2.7021484375 1.7568359375 2.662109375 1.787109375
0 2.525390625 2.7802734375 2.5009765625 2.73046875 2.5673828125 2.6962890625 2.603515625 2.7568359375
0 3.2021484375 3.1337890625 3.2158203125 3.1513671875 3.1865234375 3.1650390625 3.1728515625 3.146484375
0 3.2373046875 3.1796875 3.2685546875 3.23046875 3.212890625 3.25 3.1845703125 3.2060546875
0 3.287109375 3.255859375 3.3046875 3.2841796875 3.2705078125 3.298828125 3.25390625 3.2724609375
0 1.859375 3.056640625 1.810546875 3.0771484375 1.77734375 3.01953125 1.830078125 2.9931640625
0 1.9375 3.0439453125 1.88671875 3.06640625 1.859375 3.0107421875 1.90625 2.98828125
0 2.4150390625 2.8525390625 2.4619140625 2.919921875 2.390625 2.953125 2.345703125 2.90234375
0 2.2607421875 2.7314453125 2.337890625 2.7470703125 2.314453125 2.8251953125 2.2451171875 2.806640625
0 2.09765625 2.740234375 2.16796875 2.755859375 2.1484375 2.8251953125 2.080078125 2.8134765625
0 2.271484375 0.7412109375 2.3115234375 0.7490234375 2.2978515625 0.7919921875 2.255859375 0.78125
0 1.9560546875 2.677734375 2.03125 2.6962890625 2.0068359375 2.76953125 1.94140625 2.7568359375
0 1.77734375 2.6787109375 1.8271484375 2.6337890625 1.8828125 2.703125 1.826171875 2.7421875
0 1.595703125 2.8173828125 1.658203125 2.7822265625 1.6962890625 2.8564453125 1.62890625 2.8828125
0 1.333984375 2.904296875 1.392578125 2.8779296875 1.431640625 2.9501953125 1.369140625 2.978515625
0 1.595703125 2.591796875 1.5302734375 2.619140625 1.494140625 2.5615234375 1.55859375 2.5283203125
0 1.1923828125 2.7939453125 1.126953125 2.8212890625 1.095703125 2.763671875 1.154296875 2.728515625
0 1.34765625 1.3359375 1.376953125 1.39453125 1.3125 1.421875 1.28125 1.3642578125
0 1.48828125 1.4462890625 1.5517578125 1.548828125 1.4189453125 1.6015625 1.36328125 1.50390625
0 1.5126953125 1.787109375 1.48828125 1.900390625 1.3779296875 1.8720703125 1.3994140625 1.7626953125
0 0.94140625 2.22265625 0.87890625 2.2529296875 0.8447265625 2.1865234375 0.9072265625 2.15625
0 0.8984375 2.3857421875 0.984375 2.337890625 1.046875 2.4248046875 0.9453125 2.4765625
0 0.68359375 2.421875 0.5732421875 2.3955078125 0.59765625 2.2861328125 0.7138671875 2.310546875
0 2.599609375 1.7880859375 2.6044921875 1.7646484375 2.6279296875 1.7685546875 2.6240234375 1.7958984375
0 2.5859375 1.6376953125 2.59375 1.5947265625 2.640625 1.6025390625 2.6298828125 1.6494140625
0 2.59375 1.5087890625 2.603515625 1.4697265625 2.6513671875 1.478515625 2.64453125 1.5185546875
0 2.609375 1.3232421875 2.5791015625 1.2568359375 2.6572265625 1.234375 2.6875 1.2998046875
0 1.7998046875 0.62109375 1.916015625 0.6484375 1.892578125 0.7587890625 1.76953125 0.7275390625
0 1.5458984375 0.55859375 1.650390625 0.578125 1.625 0.685546875 1.515625 0.662109375
0 1.279296875 0.931640625 1.2314453125 0.8427734375 1.3408203125 0.7900390625 1.390625 0.8818359375
0 1.4921875 1.25390625 1.4609375 1.205078125 1.5263671875 1.1640625 1.5595703125 1.2177734375
0 1.9130859375 2.8916015625 1.888671875 2.8359375 1.9716796875 2.80859375 1.9951171875 2.8681640625
0 1.2822265625 2.197265625 1.333984375 2.166015625 1.375 2.2333984375 1.3154296875 2.259765625
0 1.177734375 2.3037109375 1.2265625 2.2724609375 1.2626953125 2.3271484375 1.2041015625 2.3544921875
0 1.033203125 2.3125 1.125 2.2646484375 1.1796875 2.35546875 1.0791015625 2.4072265625
0 0.7666015625 2.44921875 0.8623046875 2.3984375 0.9111328125 2.4921875 0.8115234375 2.5419921875
0 1.2568359375 2.0712890625 1.166015625 2.1201171875 1.1083984375 2.0341796875 1.20703125 1.9755859375
0 1.095703125 2.15234375 0.99609375 2.2041015625 0.943359375 2.1064453125 1.0439453125 2.0517578125
0 1.619140625 1.3359375 1.59375 1.2841796875 1.654296875 1.2548828125 1.6826171875 1.3115234375
0 1.33984375 1.013671875 1.306640625 0.962890625 1.3818359375 0.923828125 1.4140625 0.9775390625
0 0.3701171875 0.5595703125 0.3984375 0.44921875 0.5380859375 0.482421875 0.5087890625 0.5908203125
2 0.0029296875 1.412109375 0.0322265625 1.408203125 0.0322265625 1.4599609375 0.0029296875 1.4560546875
2 0.0380859375 1.4423828125 0.076171875 1.421875 0.09765625 1.455078125 0.0625 1.4794921875
2 0.0615234375 1.3857421875 0.0908203125 1.3642578125 0.1142578125 1.4033203125 0.0830078125 1.423828125
2 0.0087890625 1.3662109375 0.0419921875 1.349609375 0.0576171875 1.388671875 0.021484375 1.404296875
0 1.6689453125 0.5849609375 1.78125 0.611328125 1.7509765625 0.724609375 1.6396484375 0.69140625
0 2.33203125 0.7490234375 2.3916015625 0.7578125 2.373046875 0.8193359375 2.3193359375 0.8056640625
0 2.41015625 0.7705078125 2.4619140625 0.7802734375 2.4443359375 0.833984375 2.3916015625 0.818359375
0 2.4794921875 0.783203125 2.53515625 0.7958984375 2.5205078125 0.84765625 2.46484375 0.8359375
0 2.6220703125 0.8193359375 2.6572265625 0.8251953125 2.6484375 0.8583984375 2.6123046875 0.8466796875
0 2.6826171875 0.83203125 2.7158203125 0.8369140625 2.7080078125 0.87109375 2.6748046875 0.86328125
0 2.5771484375 1.271484375 2.4873046875 1.2451171875 2.5009765625 1.1533203125 2.587890625 1.1611328125
0 0.67578125 0.4921875 0.5595703125 0.470703125 0.5830078125 0.3671875 0.69140625 0.388671875
