13 0.4599609375 1.33984375 0.47265625 1.333984375 0.484375 1.3583984375 0.470703125 1.3662109375
0 0.548828125 0.8447265625 0.5400390625 0.8408203125 0.5458984375 0.8271484375 0.556640625 0.8330078125
13 0.0107421875 1.2978515625 0.02734375 1.298828125 0.025390625 1.32421875 0.0087890625 1.3251953125
0 0.5419921875 0.9091796875 0.5390625 0.8955078125 0.5537109375 0.892578125 0.556640625 0.908203125
0 0.5458984375 0.9228515625 0.5439453125 0.9111328125 0.556640625 0.908203125 0.55859375 0.9208984375
0 0.5263671875 0.8984375 0.529296875 0.912109375 0.513671875 0.916015625 0.509765625 0.9013671875
0 0.529296875 0.9189453125 0.53125 0.9306640625 0.517578125 0.935546875 0.5146484375 0.9228515625
0 0.5380859375 0.8779296875 0.53515625 0.8623046875 0.5498046875 0.859375 0.55078125 0.8759765625
0 0.5322265625 0.849609375 0.51953125 0.8447265625 0.5263671875 0.830078125 0.5380859375 0.8359375
6 0.4521484375 1.3359375 0.4765625 1.326171875 0.4931640625 1.3623046875 0.466796875 1.375
0 0.51171875 0.8525390625 0.501953125 0.84765625 0.5078125 0.8330078125 0.5185546875 0.8369140625
0 0.4716796875 0.9150390625 0.470703125 0.9052734375 0.482421875 0.9033203125 0.4833984375 0.9140625
0 0.478515625 0.9296875 0.4755859375 0.9189453125 0.4892578125 0.9169921875 0.490234375 0.927734375
0 0.48046875 0.9423828125 0.4794921875 0.9326171875 0.4921875 0.9306640625 0.494140625 0.939453125
12 0.28125 0.7890625 0.2958984375 0.7890625 0.2958984375 0.802734375 0.28125 0.802734375
12 0.318359375 0.3447265625 0.3603515625 0.3447265625 0.3603515625 0.3837890625 0.318359375 0.3837890625
6 0.0068359375 1.2861328125 0.0302734375 1.2861328125 0.0283203125 1.337890625 0.0029296875 1.337890625
