9 0.505859375 0.619140625 0.486328125 0.6083984375 0.5087890625 0.5634765625 0.5283203125 0.5732421875
0 1.0224609375 0.845703125 0.99609375 0.916015625 0.9453125 0.8955078125 0.97265625 0.8251953125
0 1.4365234375 1.0712890625 1.4619140625 1.0126953125 1.5068359375 1.029296875 1.4833984375 1.0908203125
0 1.537109375 1.0947265625 1.513671875 1.162109375 1.46484375 1.1455078125 1.4951171875 1.0751953125
0 1.515625 1.185546875 1.486328125 1.2587890625 1.42578125 1.234375 1.458984375 1.1630859375
0 1.2431640625 1.0830078125 1.2158203125 1.158203125 1.158203125 1.138671875 1.1865234375 1.060546875
0 1.2734375 0.986328125 1.251953125 1.0634765625 1.1962890625 1.0478515625 1.2255859375 0.9677734375
0 1.3125 0.9033203125 1.2890625 0.97265625 1.2294921875 0.951171875 1.259765625 0.87890625
0 1.2001953125 0.884765625 1.228515625 0.8115234375 1.2861328125 0.8330078125 1.2578125 0.9091796875
0 0.8837890625 0.923828125 0.9111328125 0.85546875 0.9580078125 0.8740234375 0.9287109375 0.9423828125
0 0.9189453125 0.8291015625 0.9423828125 0.763671875 0.98828125 0.7783203125 0.962890625 0.8466796875
10 0.5966796875 0.5908203125 0.578125 0.5830078125 0.5947265625 0.5498046875 0.6123046875 0.55859375
0 1.072265625 0.7509765625 1.0390625 0.830078125 0.98046875 0.802734375 1.0107421875 0.728515625
0 0.54296875 0.9404296875 0.474609375 0.904296875 0.5078125 0.84765625 0.572265625 0.880859375
0 0.46484375 0.880859375 0.3818359375 0.8359375 0.41796875 0.7685546875 0.4951171875 0.8134765625
0 0.064453125 0.6845703125 0.0703125 0.6171875 0.1201171875 0.62109375 0.119140625 0.6904296875
0 0.2890625 0.69140625 0.25390625 0.7783203125 0.1806640625 0.7490234375 0.2255859375 0.654296875
0 0.3583984375 0.7724609375 0.3916015625 0.7138671875 0.435546875 0.73828125 0.404296875 0.796875
0 0.4609375 0.38671875 0.486328125 0.314453125 0.5400390625 0.33203125 0.515625 0.4052734375
0 0.3720703125 0.3720703125 0.2998046875 0.349609375 0.3203125 0.2822265625 0.39453125 0.302734375
0 1.4716796875 0.9873046875 1.5068359375 0.9150390625 1.55078125 0.9375 1.5166015625 1.009765625
0 1.6630859375 1.275390625 1.6943359375 1.1962890625 1.7490234375 1.216796875 1.71875 1.2998046875
0 1.8203125 1.193359375 1.7890625 1.2705078125 1.7294921875 1.2431640625 1.763671875 1.16796875
0 1.8486328125 1.09765625 1.8203125 1.177734375 1.7646484375 1.15625 1.794921875 1.076171875
10 0.6865234375 0.43359375 0.66796875 0.42578125 0.6796875 0.3984375 0.697265625 0.4052734375
10 0.70703125 0.44921875 0.6884765625 0.439453125 0.701171875 0.41015625 0.7197265625 0.41796875
10 0.7255859375 0.2744140625 0.734375 0.2587890625 0.7666015625 0.2783203125 0.7578125 0.2939453125
10 0.853515625 0.3271484375 0.84765625 0.345703125 0.8095703125 0.330078125 0.8154296875 0.3134765625
10 0.3271484375 0.197265625 0.34375 0.201171875 0.3310546875 0.2421875 0.314453125 0.23828125
0 0.1513671875 0.205078125 0.0908203125 0.2392578125 0.0654296875 0.1943359375 0.123046875 0.1611328125
10 0.5693359375 0.5419921875 0.58203125 0.548828125 0.56640625 0.5791015625 0.552734375 0.572265625
10 0.7841796875 0.498046875 0.79296875 0.5126953125 0.7578125 0.5380859375 0.748046875 0.5244140625
10 0.7353515625 0.4716796875 0.7509765625 0.478515625 0.7392578125 0.5068359375 0.7236328125 0.5009765625
10 0.6943359375 0.453125 0.708984375 0.4609375 0.693359375 0.4892578125 0.6796875 0.4814453125
10 0.8232421875 0.40234375 0.8173828125 0.4169921875 0.78515625 0.4033203125 0.791015625 0.388671875
10 0.650390625 0.396484375 0.634765625 0.3876953125 0.650390625 0.3583984375 0.66796875 0.3662109375
10 0.6416015625 0.365234375 0.6298828125 0.35546875 0.6513671875 0.33203125 0.662109375 0.341796875
0 2.1103515625 1.19921875 2.080078125 1.271484375 2.041015625 1.251953125 2.07421875 1.18359375
0 2.390625 1.283203125 2.361328125 1.3916015625 2.291015625 1.375 2.32421875 1.2626953125
0 2.0830078125 1.296875 2.0419921875 1.369140625 1.9931640625 1.3369140625 2.0341796875 1.2666015625
0 2.0439453125 1.380859375 2.02734375 1.4541015625 1.9619140625 1.44140625 1.978515625 1.36328125
0 0.244140625 0.3193359375 0.240234375 0.248046875 0.2958984375 0.2451171875 0.298828125 0.3173828125
