10 1.4892578125 0.240234375 1.490234375 0.2216796875 1.53125 0.2216796875 1.529296875 0.2412109375
0 1.8974609375 0.9658203125 2.0361328125 0.9697265625 2.03515625 1.0849609375 1.890625 1.0791015625
10 2.08203125 0.267578125 2.0654296875 0.2705078125 2.05859375 0.2314453125 2.076171875 0.228515625
10 2.1748046875 0.2666015625 2.15625 0.267578125 2.1552734375 0.2333984375 2.173828125 0.2333984375
10 0.302734375 0.771484375 0.3017578125 0.7880859375 0.2607421875 0.7880859375 0.259765625 0.7705078125
10 0.40625 0.546875 0.4052734375 0.564453125 0.3671875 0.5634765625 0.3671875 0.546875
10 0.2919921875 0.4609375 0.2939453125 0.4775390625 0.25 0.4794921875 0.2490234375 0.4619140625
0 0.0537109375 0.9931640625 0.126953125 1.0009765625 0.123046875 1.0673828125 0.046875 1.05859375
0 0.1181640625 0.8271484375 0.1162109375 0.9013671875 0.0625 0.9013671875 0.064453125 0.8251953125
0 0.1201171875 0.8056640625 0.0400390625 0.8056640625 0.041015625 0.7509765625 0.12109375 0.751953125
0 2.2060546875 0.95703125 2.34375 0.958984375 2.341796875 1.0703125 2.201171875 1.06640625
0 2.0517578125 0.9609375 2.1884765625 0.962890625 2.19140625 1.076171875 2.048828125 1.0751953125
0 1.1064453125 0.2490234375 1.1044921875 0.3291015625 1.0458984375 0.3310546875 1.0458984375 0.24609375
10 2.08203125 0.0625 2.08203125 0.0810546875 2.0380859375 0.08203125 2.037109375 0.0634765625
0 1.359375 0.3388671875 1.36328125 0.41796875 1.3037109375 0.4189453125 1.2998046875 0.3369140625
0 1.109375 0.447265625 1.109375 0.52734375 1.0556640625 0.529296875 1.052734375 0.4443359375
0 1.2607421875 0.5732421875 1.2548828125 0.4853515625 1.318359375 0.484375 1.3232421875 0.568359375
0 1.109375 0.546875 1.1083984375 0.6279296875 1.05078125 0.6279296875 1.052734375 0.5419921875
0 1.115234375 0.6435546875 1.11328125 0.7255859375 1.0537109375 0.7255859375 1.052734375 0.640625
0 0.763671875 1.0283203125 0.7626953125 0.9521484375 0.8232421875 0.951171875 0.8251953125 1.0302734375
0 0.76171875 0.927734375 0.759765625 0.8515625 0.8212890625 0.8505859375 0.8212890625 0.931640625
0 0.8671875 0.755859375 0.8671875 0.826171875 0.8125 0.8232421875 0.810546875 0.755859375
0 0.91015625 0.5380859375 0.9033203125 0.7265625 0.744140625 0.72265625 0.75390625 0.53125
0 0.9150390625 0.4453125 0.9052734375 0.5751953125 0.771484375 0.56640625 0.783203125 0.439453125
10 2.0546875 0.271484375 2.037109375 0.271484375 2.0361328125 0.2333984375 2.0537109375 0.234375
10 2.203125 0.2705078125 2.185546875 0.26953125 2.1845703125 0.228515625 2.203125 0.228515625
10 1.662109375 0.1376953125 1.6806640625 0.1357421875 1.681640625 0.177734375 1.6640625 0.1796875
10 0.251953125 0.37890625 0.25 0.3642578125 0.2841796875 0.3623046875 0.28515625 0.376953125
10 2.103515625 0.265625 2.0830078125 0.265625 2.083984375 0.2314453125 2.103515625 0.23046875
10 2.130859375 0.267578125 2.1123046875 0.267578125 2.1142578125 0.232421875 2.1328125 0.234375
9 1.7548828125 0.9775390625 1.77734375 0.9765625 1.78125 1.05078125 1.7587890625 1.05078125
9 1.7998046875 0.986328125 1.82421875 0.9853515625 1.8271484375 1.0517578125 1.8046875 1.052734375
10 0.8994140625 0.2021484375 0.900390625 0.2216796875 0.8505859375 0.2216796875 0.849609375 0.203125
10 0.4111328125 0.8212890625 0.412109375 0.8408203125 0.3701171875 0.841796875 0.369140625 0.82421875
10 0.3037109375 0.75 0.302734375 0.76953125 0.259765625 0.7666015625 0.2607421875 0.7470703125
10 0.40625 0.568359375 0.408203125 0.5869140625 0.361328125 0.58984375 0.3603515625 0.5703125
10 0.40625 0.521484375 0.4072265625 0.5390625 0.3701171875 0.5400390625 0.3701171875 0.5224609375
10 0.3994140625 0.5 0.4013671875 0.5185546875 0.365234375 0.521484375 0.3642578125 0.5029296875
10 0.5224609375 0.2109375 0.5234375 0.23046875 0.4794921875 0.2314453125 0.4775390625 0.2109375
10 1.8798828125 0.1328125 1.89453125 0.1318359375 1.896484375 0.1640625 1.880859375 0.1650390625
10 0.134765625 0.0537109375 0.1357421875 0.0341796875 0.1748046875 0.0341796875 0.173828125 0.0537109375
10 1.8095703125 0.2333984375 1.826171875 0.234375 1.8251953125 0.2763671875 1.80859375 0.275390625
10 1.6923828125 0.2734375 1.693359375 0.259765625 1.7294921875 0.2607421875 1.7294921875 0.275390625
10 1.634765625 0.1416015625 1.65234375 0.140625 1.654296875 0.1787109375 1.63671875 0.1787109375
10 1.6875 0.13671875 1.705078125 0.1357421875 1.705078125 0.173828125 1.6884765625 0.173828125
10 1.712890625 0.1328125 1.7314453125 0.1318359375 1.732421875 0.171875 1.71484375 0.1728515625
10 1.734375 0.1337890625 1.751953125 0.1318359375 1.755859375 0.1787109375 1.73828125 0.1796875
10 1.7783203125 0.1728515625 1.7607421875 0.1728515625 1.759765625 0.1337890625 1.7763671875 0.1337890625
10 1.806640625 0.1298828125 1.8251953125 0.1298828125 1.826171875 0.1650390625 1.8095703125 0.166015625
10 1.83203125 0.1396484375 1.84765625 0.1396484375 1.8466796875 0.1689453125 1.8310546875 0.1689453125
0 0.9091796875 0.271484375 0.9150390625 0.4619140625 0.75390625 0.47265625 0.7392578125 0.2744140625
