9 1.5 0.7421875 1.5244140625 0.7509765625 1.5009765625 0.818359375 1.4765625 0.8095703125
10 1.2978515625 0.65625 1.3125 0.662109375 1.2978515625 0.6923828125 1.2841796875 0.6865234375
10 0.0947265625 0.478515625 0.087890625 0.4931640625 0.0546875 0.478515625 0.060546875 0.4638671875
10 0.076171875 0.5537109375 0.083984375 0.5400390625 0.11328125 0.5537109375 0.1064453125 0.568359375
10 0.083984375 0.5341796875 0.0908203125 0.5185546875 0.1259765625 0.5322265625 0.119140625 0.5478515625
10 0.091796875 0.51171875 0.09765625 0.4970703125 0.1337890625 0.51171875 0.1279296875 0.5263671875
10 0.115234375 0.4521484375 0.12109375 0.4365234375 0.16015625 0.451171875 0.1552734375 0.4677734375
0 1.5810546875 0.7392578125 1.6611328125 0.771484375 1.6328125 0.841796875 1.55078125 0.8095703125
0 1.669921875 0.7724609375 1.7548828125 0.796875 1.740234375 0.8603515625 1.650390625 0.8388671875
0 1.5341796875 0.6318359375 1.5107421875 0.6943359375 1.458984375 0.6748046875 1.484375 0.6142578125
0 1.6591796875 0.69140625 1.6884765625 0.619140625 1.7333984375 0.6357421875 1.7099609375 0.7099609375
0 1.6982421875 0.5810546875 1.7236328125 0.5087890625 1.7763671875 0.525390625 1.7548828125 0.6015625
0 0.3466796875 1.0205078125 0.4404296875 0.986328125 0.4638671875 1.04296875 0.376953125 1.0859375
0 0.1298828125 0.90234375 0.162109375 0.8388671875 0.21484375 0.86328125 0.1845703125 0.927734375
0 0.24609375 0.919921875 0.2197265625 0.9931640625 0.1669921875 0.9775390625 0.1943359375 0.8994140625
0 0.2939453125 0.82421875 0.2548828125 0.916015625 0.2021484375 0.892578125 0.23828125 0.7978515625
0 0.1767578125 0.8154296875 0.208984375 0.7421875 0.2509765625 0.759765625 0.2197265625 0.8359375
0 0.33984375 0.751953125 0.3125 0.8271484375 0.2431640625 0.798828125 0.2705078125 0.724609375
0 0.2041015625 0.724609375 0.232421875 0.6513671875 0.28125 0.6689453125 0.2548828125 0.744140625
0 0.35546875 0.650390625 0.33203125 0.7216796875 0.2734375 0.6962890625 0.2978515625 0.626953125
0 0.3984375 0.548828125 0.361328125 0.6376953125 0.3076171875 0.6171875 0.34765625 0.52734375
0 0.2685546875 0.5546875 0.3017578125 0.4560546875 0.3818359375 0.4814453125 0.3544921875 0.5791015625
0 0.4326171875 0.474609375 0.3984375 0.541015625 0.3486328125 0.5166015625 0.380859375 0.44921875
0 0.3115234375 0.4423828125 0.3408203125 0.384765625 0.3896484375 0.4072265625 0.3603515625 0.4658203125
0 0.4716796875 0.37109375 0.435546875 0.4599609375 0.376953125 0.439453125 0.416015625 0.3466796875
0 0.3515625 0.3603515625 0.3779296875 0.29296875 0.4306640625 0.3115234375 0.4033203125 0.3798828125
0 0.0947265625 0.23046875 0.142578125 0.1083984375 0.2548828125 0.1572265625 0.19921875 0.2744140625
10 0.0244140625 0.4755859375 0.0087890625 0.4677734375 0.0244140625 0.4404296875 0.0390625 0.4482421875
10 0.072265625 0.4365234375 0.080078125 0.419921875 0.1123046875 0.435546875 0.10546875 0.451171875
10 0.068359375 0.94140625 0.05078125 0.93359375 0.0654296875 0.8974609375 0.0830078125 0.9033203125
10 0.1103515625 0.470703125 0.115234375 0.45703125 0.1484375 0.4677734375 0.1435546875 0.482421875
10 1.2734375 0.646484375 1.287109375 0.650390625 1.2763671875 0.6845703125 1.263671875 0.681640625
10 1.5341796875 0.7470703125 1.5498046875 0.7529296875 1.5341796875 0.791015625 1.51953125 0.78515625
10 1.0078125 1.28125 0.9921875 1.2763671875 1.00390625 1.2451171875 1.01953125 1.2529296875
10 0.8203125 1.26953125 0.8369140625 1.275390625 0.818359375 1.31640625 0.802734375 1.310546875
10 0.7998046875 1.2578125 0.8154296875 1.2646484375 0.7978515625 1.310546875 0.78125 1.3037109375
10 0.7314453125 1.2783203125 0.712890625 1.271484375 0.728515625 1.234375 0.74609375 1.2412109375
10 0.716796875 1.2822265625 0.7265625 1.2978515625 0.7021484375 1.3173828125 0.6923828125 1.3037109375
10 0.67578125 1.263671875 0.685546875 1.2802734375 0.65234375 1.3037109375 0.6416015625 1.2880859375
10 0.0400390625 1.169921875 0.0546875 1.17578125 0.0400390625 1.2099609375 0.0244140625 1.2041015625
10 0.0595703125 0.5947265625 0.064453125 0.5771484375 0.1025390625 0.5927734375 0.0966796875 0.6103515625
10 0.1015625 0.490234375 0.107421875 0.47265625 0.1474609375 0.486328125 0.140625 0.5048828125
10 0.0693359375 0.455078125 0.0751953125 0.4404296875 0.109375 0.4541015625 0.1025390625 0.4697265625
10 0.01953125 1.1025390625 0.0322265625 1.109375 0.0166015625 1.140625 0.00390625 1.134765625
9 0.5673828125 0.3525390625 0.546875 0.3564453125 0.5390625 0.302734375 0.5595703125 0.3017578125
10 0.0849609375 0.505859375 0.0791015625 0.5224609375 0.0478515625 0.51171875 0.0556640625 0.494140625
10 1.3154296875 0.6708984375 1.3310546875 0.6787109375 1.3154296875 0.7119140625 1.2998046875 0.7041015625
10 1.46484375 0.7509765625 1.48046875 0.7548828125 1.4697265625 0.7890625 1.4541015625 0.7841796875
10 1.333984375 0.6787109375 1.34765625 0.6875 1.33203125 0.71484375 1.318359375 0.70703125
10 0.9365234375 1.228515625 0.953125 1.234375 0.9404296875 1.2705078125 0.923828125 1.263671875
10 0.6884765625 1.212890625 0.7041015625 1.220703125 0.6884765625 1.2548828125 0.6728515625 1.248046875
10 0.431640625 1.09765625 0.44921875 1.103515625 0.431640625 1.140625 0.416015625 1.1328125
10 0.021484375 1.1474609375 0.0361328125 1.15625 0.01953125 1.1875 0.005859375 1.1787109375
10 0.0595703125 1.126953125 0.076171875 1.1328125 0.0576171875 1.171875 0.0400390625 1.1640625
10 0.04296875 1.1142578125 0.056640625 1.12109375 0.041015625 1.150390625 0.0263671875 1.142578125
0 0.306640625 0.0478515625 0.2705078125 0.1279296875 0.1806640625 0.09375 0.2177734375 0.0107421875
