10 0.451171875 0.0283203125 0.4462890625 0.0126953125 0.482421875 0.005859375 0.486328125 0.0205078125
10 0.44140625 0.0498046875 0.439453125 0.0322265625 0.48046875 0.02734375 0.482421875 0.044921875
4 0.171875 0.3759765625 0.2490234375 0.3779296875 0.24609375 0.544921875 0.16796875 0.5439453125
4 0.287109375 0.3779296875 0.365234375 0.3798828125 0.3603515625 0.5478515625 0.2822265625 0.54296875
4 0.3984375 0.380859375 0.4775390625 0.384765625 0.474609375 0.55078125 0.396484375 0.5478515625
4 0.515625 0.3837890625 0.591796875 0.384765625 0.587890625 0.552734375 0.509765625 0.5517578125
4 0.5205078125 0.11328125 0.59765625 0.1142578125 0.595703125 0.28125 0.517578125 0.279296875
4 0.40625 0.1103515625 0.4853515625 0.11328125 0.482421875 0.2783203125 0.4013671875 0.27734375
4 0.2919921875 0.1083984375 0.37109375 0.109375 0.3671875 0.2783203125 0.2890625 0.2744140625
4 0.177734375 0.1064453125 0.2568359375 0.1083984375 0.2529296875 0.2744140625 0.173828125 0.2724609375
