9 0.0322265625 1.4853515625 0.033203125 1.4658203125 0.0888671875 1.4658203125 0.0888671875 1.4853515625
10 0.3466796875 1.7958984375 0.34765625 1.8125 0.3154296875 1.81640625 0.3134765625 1.80078125
0 0.6630859375 0.6337890625 0.5546875 0.5087890625 0.69140625 0.39453125 0.7978515625 0.5009765625
0 0.7587890625 0.7099609375 0.671875 0.62109375 0.7744140625 0.525390625 0.8544921875 0.6083984375
0 0.421875 0.916015625 0.265625 0.8974609375 0.279296875 0.6982421875 0.4462890625 0.7197265625
0 0.7294921875 1.150390625 0.814453125 1.0703125 0.9111328125 1.1669921875 0.8330078125 1.25390625
0 1.65234375 1.638671875 1.51171875 1.48828125 1.6171875 1.3935546875 1.7587890625 1.544921875
0 1.333984375 1.330078125 1.2509765625 1.23046875 1.3623046875 1.1396484375 1.4482421875 1.2353515625
0 1.25 1.19921875 1.1728515625 1.119140625 1.2587890625 1.044921875 1.3330078125 1.1181640625
0 1.1298828125 1.13671875 1.037109375 1.0107421875 1.1796875 0.8857421875 1.287109375 1.009765625
10 0.3564453125 1.4072265625 0.3564453125 1.4228515625 0.318359375 1.421875 0.3193359375 1.4052734375
10 0.2119140625 1.42578125 0.2099609375 1.4404296875 0.1806640625 1.439453125 0.181640625 1.4248046875
10 0.041015625 1.376953125 0.04296875 1.3603515625 0.0810546875 1.3623046875 0.0791015625 1.37890625
10 0.2138671875 1.33203125 0.212890625 1.34765625 0.1806640625 1.34765625 0.1826171875 1.33203125
10 0.3525390625 1.3662109375 0.3505859375 1.3818359375 0.3134765625 1.380859375 0.3154296875 1.365234375
10 0.033203125 1.6337890625 0.0341796875 1.6181640625 0.0693359375 1.6201171875 0.068359375 1.6357421875
10 0.02734375 1.697265625 0.029296875 1.6826171875 0.064453125 1.6865234375 0.0625 1.701171875
10 0.3466796875 1.625 0.3447265625 1.6416015625 0.3095703125 1.6376953125 0.3115234375 1.6220703125
10 0.171875 0.8720703125 0.1826171875 0.8603515625 0.2119140625 0.88671875 0.201171875 0.8984375
10 0.173828125 1.298828125 0.17578125 1.28125 0.216796875 1.2841796875 0.21484375 1.3017578125
10 0.1767578125 1.3232421875 0.1767578125 1.3056640625 0.2138671875 1.306640625 0.2138671875 1.322265625
10 0.0380859375 1.400390625 0.0380859375 1.3837890625 0.0751953125 1.3828125 0.07421875 1.400390625
10 0.03515625 1.44140625 0.037109375 1.4248046875 0.076171875 1.42578125 0.0732421875 1.4423828125
10 0.212890625 1.3779296875 0.2109375 1.396484375 0.17578125 1.3935546875 0.1767578125 1.3779296875
10 0.0322265625 1.6123046875 0.0341796875 1.59765625 0.0703125 1.599609375 0.068359375 1.6142578125
10 0.0361328125 1.5712890625 0.037109375 1.5546875 0.0634765625 1.5556640625 0.0625 1.5712890625
10 0.03125 1.6533203125 0.033203125 1.640625 0.0673828125 1.6435546875 0.0654296875 1.65625
10 0.0341796875 1.677734375 0.0341796875 1.662109375 0.0634765625 1.662109375 0.0634765625 1.67578125
10 0.3408203125 1.7548828125 0.345703125 1.7705078125 0.3076171875 1.779296875 0.3037109375 1.7646484375
0 0.5234375 0.49609375 0.3984375 0.3642578125 0.537109375 0.248046875 0.66015625 0.36328125
