10 5.6591796875 0.3896484375 5.65625 0.4052734375 5.6201171875 0.39453125 5.6259765625 0.37890625
0 2.3642578125 0.763671875 2.3232421875 0.8330078125 2.2724609375 0.7998046875 2.3154296875 0.7314453125
0 2.939453125 0.84765625 3.021484375 0.8603515625 3.0146484375 0.9140625 2.9296875 0.9013671875
0 2.8359375 0.841796875 2.9150390625 0.849609375 2.9130859375 0.9033203125 2.8330078125 0.89453125
0 2.6328125 0.8330078125 2.7119140625 0.8388671875 2.7099609375 0.8896484375 2.62890625 0.884765625
0 2.7392578125 0.8310546875 2.818359375 0.845703125 2.8095703125 0.8984375 2.7265625 0.884765625
0 2.53125 0.88671875 2.576171875 0.818359375 2.625 0.8505859375 2.587890625 0.9208984375
0 2.6552734375 0.935546875 2.6025390625 0.99609375 2.5615234375 0.958984375 2.6103515625 0.8974609375
0 2.474609375 0.9677734375 2.513671875 0.9052734375 2.5673828125 0.9384765625 2.529296875 1.001953125
0 2.4208984375 1.052734375 2.4658203125 0.9873046875 2.51953125 1.021484375 2.4765625 1.087890625
0 2.6240234375 1.017578125 2.5498046875 1.1015625 2.4921875 1.048828125 2.5625 0.966796875
0 2.2548828125 0.935546875 2.20703125 1.0 2.16015625 0.9609375 2.2080078125 0.9013671875
0 2.189453125 0.8037109375 2.2333984375 0.73828125 2.279296875 0.76953125 2.236328125 0.841796875
0 2.4248046875 0.6767578125 2.3779296875 0.74609375 2.326171875 0.712890625 2.3701171875 0.646484375
0 0.974609375 1.3896484375 1.017578125 1.32421875 1.05859375 1.3515625 1.017578125 1.419921875
0 2.4755859375 0.5947265625 2.4326171875 0.658203125 2.384765625 0.6259765625 2.4267578125 0.560546875
0 2.5302734375 0.505859375 2.486328125 0.5732421875 2.4326171875 0.541015625 2.4775390625 0.474609375
0 2.5869140625 0.4208984375 2.544921875 0.4912109375 2.49609375 0.462890625 2.5341796875 0.3955078125
0 2.6474609375 0.3310546875 2.603515625 0.404296875 2.544921875 0.375 2.583984375 0.30078125
0 2.15234375 0.3623046875 2.193359375 0.2978515625 2.2392578125 0.328125 2.1953125 0.3955078125
0 2.271484375 0.4091796875 2.224609375 0.4736328125 2.177734375 0.4365234375 2.224609375 0.373046875
0 2.095703125 0.4501953125 2.1396484375 0.3837890625 2.1806640625 0.4072265625 2.1396484375 0.4775390625
0 2.0400390625 0.533203125 2.0830078125 0.4677734375 2.1279296875 0.498046875 2.0859375 0.5673828125
0 2.1591796875 0.5771484375 2.1171875 0.6416015625 2.0673828125 0.611328125 2.1064453125 0.5439453125
0 1.98828125 0.62109375 2.0283203125 0.5537109375 2.0712890625 0.5810546875 2.0283203125 0.6484375
0 1.9306640625 0.7041015625 1.970703125 0.6376953125 2.0146484375 0.6650390625 1.9716796875 0.7294921875
0 0.92578125 1.4736328125 0.962890625 1.4111328125 1.0 1.4345703125 0.9638671875 1.5
0 1.068359375 1.4150390625 1.0244140625 1.4833984375 0.990234375 1.4638671875 1.03515625 1.390625
0 1.87890625 0.7890625 1.91796875 0.7265625 1.962890625 0.7529296875 1.9228515625 0.822265625
0 3.130859375 0.650390625 3.0498046875 0.6484375 3.052734375 0.58984375 3.1357421875 0.591796875
0 3.6640625 0.4296875 3.57421875 0.4208984375 3.5791015625 0.359375 3.666015625 0.3671875
0 3.556640625 0.4169921875 3.4775390625 0.40625 3.482421875 0.3505859375 3.5634765625 0.361328125
0 3.455078125 0.41015625 3.3779296875 0.3994140625 3.3857421875 0.3447265625 3.46484375 0.3544921875
0 3.361328125 0.404296875 3.28125 0.4013671875 3.28125 0.3408203125 3.361328125 0.34375
0 3.2548828125 0.40234375 3.181640625 0.3955078125 3.1845703125 0.337890625 3.2587890625 0.34375
0 3.16015625 0.390625 3.0888671875 0.3857421875 3.087890625 0.330078125 3.1630859375 0.3330078125
0 3.048828125 0.3857421875 2.986328125 0.3779296875 2.9951171875 0.3291015625 3.0537109375 0.3388671875
0 2.958984375 0.3876953125 2.8798828125 0.3759765625 2.890625 0.3212890625 2.9697265625 0.3349609375
0 3.3095703125 0.5546875 3.3896484375 0.5546875 3.3935546875 0.607421875 3.310546875 0.6083984375
0 3.22265625 0.5400390625 3.29296875 0.55078125 3.2861328125 0.603515625 3.2119140625 0.5908203125
0 3.2353515625 0.6572265625 3.1572265625 0.6494140625 3.1640625 0.5927734375 3.2412109375 0.603515625
0 3.033203125 0.650390625 2.9599609375 0.6435546875 2.9716796875 0.5869140625 3.04296875 0.5947265625
0 1.12890625 1.3408203125 1.0888671875 1.4072265625 1.046875 1.376953125 1.087890625 1.314453125
0 3.029296875 0.537109375 3.0849609375 0.544921875 3.0791015625 0.587890625 3.0224609375 0.5791015625
0 2.919921875 0.529296875 2.9990234375 0.5390625 2.9921875 0.59375 2.912109375 0.5859375
0 2.8212890625 0.5263671875 2.9013671875 0.53515625 2.8955078125 0.5830078125 2.814453125 0.5751953125
0 2.7197265625 0.5205078125 2.796875 0.5234375 2.7939453125 0.5771484375 2.7158203125 0.57421875
0 3.3330078125 0.880859375 3.4189453125 0.869140625 3.4306640625 0.9248046875 3.3447265625 0.935546875
0 1.435546875 1.2890625 1.3955078125 1.357421875 1.3427734375 1.3310546875 1.3779296875 1.2587890625
0 1.228515625 1.427734375 1.267578125 1.3662109375 1.3115234375 1.3935546875 1.2705078125 1.4560546875
0 1.3232421875 1.4619140625 1.2900390625 1.5224609375 1.2490234375 1.5009765625 1.2783203125 1.4384765625
0 1.1708984375 1.5048828125 1.212890625 1.44140625 1.255859375 1.47265625 1.2138671875 1.5380859375
0 1.1767578125 1.26171875 1.1435546875 1.3173828125 1.0986328125 1.291015625 1.130859375 1.232421875
0 1.01953125 1.310546875 1.0556640625 1.2431640625 1.1064453125 1.2705078125 1.0654296875 1.345703125
0 2.046875 0.7529296875 2.0146484375 0.810546875 1.96484375 0.7841796875 1.998046875 0.7255859375
0 2.0009765625 0.8359375 1.9482421875 0.8994140625 1.904296875 0.861328125 1.9560546875 0.7998046875
10 5.5703125 1.3125 5.58984375 1.3134765625 5.5859375 1.3486328125 5.5693359375 1.3466796875
0 1.1630859375 0.419921875 1.1240234375 0.482421875 1.0830078125 0.455078125 1.12109375 0.392578125
0 0.9052734375 1.26171875 0.869140625 1.3173828125 0.8232421875 1.291015625 0.86328125 1.2275390625
0 0.8544921875 1.3388671875 0.8115234375 1.4052734375 0.765625 1.3779296875 0.8134765625 1.30859375
0 0.802734375 1.423828125 0.76171875 1.4912109375 0.7158203125 1.462890625 0.755859375 1.3916015625
0 0.6484375 1.470703125 0.685546875 1.4130859375 0.7236328125 1.435546875 0.693359375 1.49609375
0 0.423828125 1.3896484375 0.4609375 1.3310546875 0.5009765625 1.3583984375 0.4638671875 1.416015625
0 0.474609375 1.3046875 0.5107421875 1.244140625 0.5654296875 1.279296875 0.5244140625 1.3427734375
0 0.703125 1.1630859375 0.6455078125 1.2568359375 0.5771484375 1.2119140625 0.634765625 1.1201171875
0 0.9580078125 0.7578125 0.9072265625 0.8203125 0.8681640625 0.7880859375 0.9150390625 0.7236328125
0 0.904296875 0.6337890625 0.9482421875 0.5732421875 0.9951171875 0.6064453125 0.9560546875 0.6689453125
0 1.0595703125 0.5810546875 1.0166015625 0.6474609375 0.9755859375 0.6181640625 1.0166015625 0.552734375
0 0.99609375 0.4580078125 1.0458984375 0.3974609375 1.103515625 0.4482421875 1.056640625 0.5107421875
0 1.07421875 0.3828125 1.1123046875 0.3291015625 1.1484375 0.353515625 1.1123046875 0.4072265625
0 1.08203125 1.0126953125 1.1220703125 0.9443359375 1.166015625 0.9736328125 1.12109375 1.0419921875
0 1.1240234375 0.2900390625 1.162109375 0.232421875 1.216796875 0.265625 1.17578125 0.328125
0 0.9697265625 0.3232421875 0.916015625 0.4013671875 0.861328125 0.3603515625 0.9130859375 0.28515625
0 0.904296875 0.4072265625 0.861328125 0.474609375 0.8134765625 0.443359375 0.859375 0.376953125
0 0.8720703125 0.486328125 0.8095703125 0.5771484375 0.7431640625 0.53125 0.8056640625 0.4384765625
0 0.7373046875 0.666015625 0.69921875 0.7177734375 0.66015625 0.6865234375 0.697265625 0.6337890625
0 0.8994140625 0.83984375 0.869140625 0.8984375 0.8173828125 0.87109375 0.853515625 0.8134765625
0 0.6875 0.9697265625 0.734375 0.904296875 0.7802734375 0.93359375 0.7373046875 1.0087890625
0 0.6337890625 0.8251953125 0.5927734375 0.8935546875 0.5400390625 0.86328125 0.58203125 0.79296875
0 0.4619140625 1.0830078125 0.4296875 1.1318359375 0.3974609375 1.1142578125 0.4306640625 1.060546875
0 0.3681640625 1.248046875 0.3251953125 1.314453125 0.2724609375 1.2763671875 0.3212890625 1.2109375
0 0.314453125 1.328125 0.2685546875 1.396484375 0.21875 1.36328125 0.2646484375 1.294921875
0 0.7822265625 1.2216796875 0.8369140625 1.1416015625 0.8974609375 1.1796875 0.8505859375 1.26171875
0 1.2470703125 0.9697265625 1.1982421875 1.0380859375 1.158203125 1.01171875 1.2021484375 0.9384765625
0 1.8232421875 0.87109375 1.8623046875 0.8125 1.9052734375 0.841796875 1.8681640625 0.8984375
0 1.6650390625 0.6015625 1.712890625 0.5302734375 1.7646484375 0.5595703125 1.7197265625 0.6357421875
0 1.9365234375 0.927734375 1.9013671875 0.982421875 1.8544921875 0.9521484375 1.890625 0.89453125
0 1.765625 0.953125 1.80078125 0.896484375 1.845703125 0.919921875 1.8115234375 0.9814453125
0 1.88671875 1.009765625 1.8447265625 1.07421875 1.7900390625 1.037109375 1.8369140625 0.9736328125
0 1.7099609375 1.041015625 1.7529296875 0.982421875 1.7958984375 1.0087890625 1.7568359375 1.0732421875
0 1.390625 1.029296875 1.4384765625 0.958984375 1.484375 0.98828125 1.439453125 1.06640625
0 1.453125 0.943359375 1.4873046875 0.8837890625 1.53515625 0.9052734375 1.5029296875 0.9677734375
0 1.6259765625 0.904296875 1.5791015625 0.970703125 1.529296875 0.9345703125 1.576171875 0.8662109375
0 1.50390625 0.8603515625 1.548828125 0.7919921875 1.5966796875 0.826171875 1.55078125 0.8916015625
0 1.6787109375 0.8203125 1.6337890625 0.8857421875 1.58984375 0.857421875 1.6318359375 0.7880859375
0 1.5576171875 0.7724609375 1.6015625 0.70703125 1.6484375 0.7353515625 1.607421875 0.806640625
0 1.7314453125 0.7294921875 1.6904296875 0.798828125 1.6435546875 0.7685546875 1.6787109375 0.697265625
0 1.8447265625 0.5625 1.7978515625 0.6279296875 1.75390625 0.5966796875 1.796875 0.529296875
0 1.3046875 0.8857421875 1.263671875 0.953125 1.2216796875 0.92578125 1.2646484375 0.8583984375
0 1.7314453125 0.517578125 1.771484375 0.45703125 1.8115234375 0.4833984375 1.771484375 0.544921875
0 1.8994140625 0.4736328125 1.8603515625 0.54296875 1.8125 0.515625 1.8525390625 0.4453125
0 1.94921875 0.3896484375 1.9033203125 0.455078125 1.859375 0.421875 1.9013671875 0.3564453125
0 2.013671875 0.306640625 1.9677734375 0.3740234375 1.91015625 0.3388671875 1.9541015625 0.2685546875
0 1.5078125 0.330078125 1.55859375 0.2587890625 1.603515625 0.291015625 1.55859375 0.36328125
0 1.5810546875 0.45703125 1.53515625 0.525390625 1.4951171875 0.49609375 1.5390625 0.427734375
0 1.529296875 0.5439453125 1.4892578125 0.6162109375 1.43359375 0.587890625 1.4765625 0.5126953125
0 1.46875 0.6318359375 1.431640625 0.693359375 1.3857421875 0.6650390625 1.419921875 0.603515625
0 1.310546875 0.669921875 1.3447265625 0.6201171875 1.3798828125 0.642578125 1.345703125 0.6943359375
0 1.419921875 0.720703125 1.3759765625 0.78125 1.333984375 0.7529296875 1.3779296875 0.6923828125
0 1.2509765625 0.751953125 1.2900390625 0.697265625 1.3251953125 0.7197265625 1.287109375 0.779296875
0 3.5009765625 0.677734375 3.4267578125 0.662109375 3.439453125 0.59375 3.5146484375 0.6064453125
0 3.626953125 0.6611328125 3.54296875 0.6552734375 3.546875 0.591796875 3.634765625 0.599609375
0 3.7451171875 0.6669921875 3.6455078125 0.6640625 3.650390625 0.59375 3.7451171875 0.6005859375
10 3.0712890625 1.2607421875 3.05078125 1.2607421875 3.0517578125 1.22265625 3.0712890625 1.2216796875
10 3.18359375 0.9228515625 3.193359375 0.9345703125 3.1640625 0.9580078125 3.1533203125 0.943359375
10 3.2158203125 0.9765625 3.205078125 0.9658203125 3.228515625 0.94140625 3.23828125 0.953125
10 3.1923828125 0.9423828125 3.2021484375 0.9541015625 3.1767578125 0.9765625 3.1650390625 0.9658203125
10 3.1962890625 0.994140625 3.205078125 1.0068359375 3.1796875 1.02734375 3.1708984375 1.0166015625
10 3.1962890625 1.0927734375 3.205078125 1.107421875 3.177734375 1.12890625 3.1689453125 1.1171875
10 3.3095703125 1.115234375 3.298828125 1.1298828125 3.26953125 1.1064453125 3.283203125 1.0908203125
10 3.21484375 1.099609375 3.205078125 1.08984375 3.2265625 1.0703125 3.236328125 1.08203125
10 3.1171875 1.068359375 3.1337890625 1.072265625 3.125 1.107421875 3.1103515625 1.1025390625
10 3.279296875 1.2841796875 3.2626953125 1.2802734375 3.26953125 1.2421875 3.2861328125 1.24609375
10 3.12890625 1.3251953125 3.146484375 1.326171875 3.14453125 1.3662109375 3.126953125 1.365234375
10 3.0947265625 1.263671875 3.0751953125 1.263671875 3.0771484375 1.216796875 3.0947265625 1.21875
10 1.6455078125 1.271484375 1.6298828125 1.271484375 1.630859375 1.236328125 1.6484375 1.23828125
10 3.2568359375 1.2822265625 3.2431640625 1.2802734375 3.244140625 1.244140625 3.259765625 1.24609375
10 1.7255859375 1.2705078125 1.70703125 1.26953125 1.7099609375 1.2294921875 1.7275390625 1.23046875
10 1.7734375 1.271484375 1.755859375 1.2705078125 1.7568359375 1.23828125 1.7734375 1.2392578125
10 1.8359375 1.26953125 1.818359375 1.267578125 1.8212890625 1.234375 1.837890625 1.236328125
10 1.8125 1.267578125 1.794921875 1.2666015625 1.7978515625 1.2373046875 1.8125 1.23828125
10 1.791015625 1.271484375 1.7734375 1.2685546875 1.7783203125 1.23046875 1.794921875 1.232421875
10 1.7509765625 1.271484375 1.734375 1.271484375 1.734375 1.2392578125 1.7509765625 1.240234375
10 1.62109375 1.5 1.6357421875 1.5048828125 1.625 1.55078125 1.6083984375 1.544921875
10 1.65625 1.544921875 1.6396484375 1.544921875 1.64453125 1.5146484375 1.658203125 1.515625
10 1.69921875 1.5458984375 1.6826171875 1.5439453125 1.685546875 1.51171875 1.701171875 1.513671875
10 1.72265625 1.544921875 1.7109375 1.53125 1.7431640625 1.5029296875 1.7529296875 1.515625
10 2.2333984375 1.5751953125 2.216796875 1.5732421875 2.21875 1.54296875 2.2353515625 1.54296875
10 3.3291015625 0.9296875 3.3203125 0.94140625 3.2890625 0.9189453125 3.298828125 0.9052734375
10 3.2587890625 1.3427734375 3.275390625 1.345703125 3.2734375 1.3818359375 3.2578125 1.3798828125
0 3.89453125 0.4931640625 3.8955078125 0.4208984375 3.9521484375 0.421875 3.9541015625 0.4912109375
10 5.720703125 1.34375 5.7314453125 1.3310546875 5.7607421875 1.3583984375 5.7509765625 1.3720703125
10 6.0654296875 1.3818359375 6.0517578125 1.380859375 6.0556640625 1.349609375 6.0693359375 1.3515625
10 6.0390625 1.3828125 6.0263671875 1.37890625 6.0390625 1.349609375 6.052734375 1.35546875
10 5.98828125 1.3408203125 6.0009765625 1.35546875 5.974609375 1.380859375 5.9619140625 1.369140625
10 5.3037109375 0.7568359375 5.2939453125 0.76953125 5.26171875 0.7431640625 5.2724609375 0.7294921875
10 5.3046875 0.732421875 5.2939453125 0.744140625 5.267578125 0.720703125 5.279296875 0.7080078125
10 5.2021484375 1.17578125 5.2177734375 1.1767578125 5.21484375 1.2041015625 5.2001953125 1.203125
10 5.21484375 0.95703125 5.2314453125 0.95703125 5.228515625 1.0009765625 5.2119140625 1.0009765625
10 5.4287109375 0.8994140625 5.4482421875 0.8994140625 5.44921875 0.9423828125 5.4326171875 0.94140625
10 5.6240234375 1.1103515625 5.6083984375 1.107421875 5.6103515625 1.0732421875 5.626953125 1.0751953125
10 5.455078125 1.1025390625 5.4560546875 1.0869140625 5.4921875 1.087890625 5.4921875 1.1025390625
10 5.751953125 1.34765625 5.759765625 1.333984375 5.7958984375 1.3564453125 5.7890625 1.3701171875
10 5.4599609375 1.357421875 5.4423828125 1.3515625 5.45703125 1.3125 5.4755859375 1.3193359375
10 3.21875 1.3330078125 3.2353515625 1.3349609375 3.23046875 1.3798828125 3.21484375 1.3779296875
10 5.5048828125 1.3076171875 5.5263671875 1.3134765625 5.5126953125 1.353515625 5.494140625 1.3486328125
10 4.5478515625 1.4169921875 4.568359375 1.41796875 4.564453125 1.4560546875 4.546875 1.455078125
9 4.423828125 0.912109375 4.40234375 0.912109375 4.4052734375 0.8408203125 4.427734375 0.84375
9 4.4140625 1.056640625 4.4130859375 1.03515625 4.4775390625 1.03515625 4.4765625 1.056640625
10 4.07421875 1.2724609375 4.08984375 1.271484375 4.08984375 1.3037109375 4.0771484375 1.3046875
10 3.978515625 1.37109375 3.9951171875 1.373046875 3.9931640625 1.40625 3.9775390625 1.404296875
10 3.9111328125 1.3662109375 3.9267578125 1.3681640625 3.9228515625 1.400390625 3.908203125 1.3994140625
10 3.712890625 1.0576171875 3.7294921875 1.05859375 3.7275390625 1.09375 3.7119140625 1.0927734375
10 3.732421875 1.0234375 3.7470703125 1.0234375 3.748046875 1.05859375 3.734375 1.0576171875
10 3.7333984375 0.9814453125 3.7490234375 0.9814453125 3.748046875 1.0166015625 3.734375 1.0146484375
10 3.7587890625 0.9921875 3.775390625 0.9921875 3.7734375 1.0322265625 3.7578125 1.03125
10 2.244140625 1.533203125 2.259765625 1.53515625 2.2548828125 1.5751953125 2.2412109375 1.572265625
10 2.30859375 1.578125 2.2900390625 1.5771484375 2.29296875 1.5380859375 2.3095703125 1.5390625
10 2.333984375 1.5771484375 2.31640625 1.578125 2.314453125 1.544921875 2.33203125 1.544921875
0 5.373046875 0.451171875 5.373046875 0.5498046875 5.2998046875 0.548828125 5.3017578125 0.4482421875
10 2.3837890625 1.5830078125 2.3681640625 1.5810546875 2.37109375 1.5439453125 2.388671875 1.5439453125
10 2.283203125 1.57421875 2.2666015625 1.5732421875 2.2685546875 1.5390625 2.2880859375 1.5390625
0 4.1962890625 0.6162109375 4.193359375 0.537109375 4.2548828125 0.533203125 4.255859375 0.6142578125
0 6.1298828125 0.4716796875 6.125 0.5498046875 6.064453125 0.544921875 6.06640625 0.466796875
0 5.9658203125 0.5390625 5.9755859375 0.45703125 6.05078125 0.466796875 6.0458984375 0.5498046875
0 5.8623046875 0.486328125 5.69140625 0.615234375 5.6064453125 0.494140625 5.77734375 0.3740234375
0 5.091796875 0.6552734375 5.0986328125 0.5869140625 5.15625 0.5908203125 5.15234375 0.662109375
0 5.2236328125 0.54296875 5.2158203125 0.615234375 5.166015625 0.6103515625 5.171875 0.5361328125
0 5.0966796875 0.5576171875 5.1025390625 0.486328125 5.16015625 0.4921875 5.15625 0.5634765625
0 5.0732421875 0.451171875 5.12890625 0.396484375 5.1650390625 0.431640625 5.1103515625 0.48828125
0 5.23046875 0.4375 5.2236328125 0.525390625 5.1611328125 0.5185546875 5.166015625 0.4326171875
0 5.4794921875 0.544921875 5.486328125 0.4658203125 5.5419921875 0.46875 5.53515625 0.55078125
10 2.662109375 1.2021484375 2.6650390625 1.2197265625 2.623046875 1.2236328125 2.6220703125 1.20703125
0 5.5361328125 0.8701171875 5.48046875 0.94921875 5.4267578125 0.91015625 5.474609375 0.833984375
0 5.498046875 1.248046875 5.6083984375 1.263671875 5.5966796875 1.349609375 5.4931640625 1.3369140625
0 5.48046875 1.0048828125 5.5244140625 1.064453125 5.4775390625 1.099609375 5.431640625 1.0390625
0 4.9013671875 0.7333984375 4.8935546875 0.8076171875 4.828125 0.798828125 4.8330078125 0.7275390625
0 4.9287109375 0.5380859375 4.923828125 0.611328125 4.8681640625 0.6083984375 4.87109375 0.533203125
0 4.931640625 0.421875 4.9296875 0.5 4.8779296875 0.49609375 4.8759765625 0.4189453125
0 4.8056640625 0.5517578125 4.810546875 0.478515625 4.8720703125 0.4814453125 4.8671875 0.55859375
0 4.4853515625 0.505859375 4.4873046875 0.41796875 4.5576171875 0.419921875 4.5537109375 0.5087890625
0 4.623046875 0.5166015625 4.6162109375 0.626953125 4.5341796875 0.6181640625 4.541015625 0.5107421875
0 3.8681640625 0.8486328125 3.8671875 0.775390625 3.9287109375 0.7763671875 3.92578125 0.853515625
0 3.875 0.755859375 3.875 0.681640625 3.9296875 0.6806640625 3.931640625 0.75390625
10 2.9423828125 1.3466796875 2.9248046875 1.3447265625 2.927734375 1.3125 2.9453125 1.314453125
10 2.953125 1.26171875 2.9345703125 1.2607421875 2.9365234375 1.228515625 2.9541015625 1.228515625
10 2.974609375 1.2607421875 2.9580078125 1.2587890625 2.9599609375 1.2294921875 2.974609375 1.23046875
10 2.998046875 1.259765625 2.982421875 1.259765625 2.982421875 1.2275390625 3.0 1.2265625
10 2.927734375 1.26171875 2.9111328125 1.2607421875 2.9150390625 1.2294921875 2.9306640625 1.23046875
10 2.91796875 1.3046875 2.916015625 1.32421875 2.8720703125 1.3193359375 2.8740234375 1.2998046875
10 5.2392578125 1.5849609375 5.2548828125 1.5859375 5.2490234375 1.6259765625 5.234375 1.6240234375
10 5.2333984375 0.873046875 5.2177734375 0.873046875 5.2177734375 0.8408203125 5.2333984375 0.8388671875
10 4.8759765625 1.05859375 4.873046875 1.0771484375 4.8349609375 1.0693359375 4.8388671875 1.05078125
10 4.0986328125 1.2744140625 4.11328125 1.2744140625 4.1123046875 1.3076171875 4.09765625 1.3076171875
10 4.009765625 1.2705078125 4.02734375 1.2705078125 4.0244140625 1.3037109375 4.0078125 1.3017578125
10 4.00390625 1.3037109375 3.98828125 1.302734375 3.9912109375 1.263671875 4.0068359375 1.263671875
10 3.701171875 1.1533203125 3.716796875 1.1533203125 3.71484375 1.1865234375 3.7001953125 1.1875
10 3.5859375 1.076171875 3.6015625 1.076171875 3.5986328125 1.109375 3.5830078125 1.1083984375
10 3.5634765625 1.072265625 3.5791015625 1.07421875 3.576171875 1.107421875 3.560546875 1.10546875
10 3.3193359375 1.05078125 3.3095703125 1.0634765625 3.2802734375 1.0361328125 3.29296875 1.0224609375
10 3.3408203125 0.9169921875 3.328125 0.923828125 3.3095703125 0.896484375 3.32421875 0.8876953125
10 3.1943359375 0.9677734375 3.205078125 0.982421875 3.1767578125 1.0048828125 3.166015625 0.9921875
10 3.1943359375 1.01953125 3.2041015625 1.033203125 3.1796875 1.056640625 3.169921875 1.04296875
10 3.2119140625 1.0244140625 3.203125 1.01171875 3.2294921875 0.9892578125 3.23828125 1.0029296875
10 3.197265625 1.04296875 3.2060546875 1.0576171875 3.1787109375 1.0810546875 3.1689453125 1.068359375
10 3.1962890625 1.3349609375 3.212890625 1.3369140625 3.2099609375 1.3720703125 3.1943359375 1.37109375
10 3.1875 1.375 3.1708984375 1.373046875 3.1748046875 1.3369140625 3.1904296875 1.3388671875
10 3.15234375 1.3369140625 3.1689453125 1.3369140625 3.1650390625 1.3720703125 3.1494140625 1.37109375
10 2.7216796875 1.4462890625 2.7041015625 1.4453125 2.7080078125 1.4033203125 2.7255859375 1.404296875
10 3.046875 1.2626953125 3.02734375 1.26171875 3.029296875 1.228515625 3.0458984375 1.2294921875
10 3.021484375 1.265625 3.0048828125 1.2626953125 3.0087890625 1.2294921875 3.0263671875 1.2314453125
0 0.2568359375 1.4052734375 0.2255859375 1.478515625 0.1748046875 1.455078125 0.2041015625 1.380859375
