9 0.861328125 0.951171875 0.876953125 0.9560546875 0.8603515625 1.0029296875 0.8466796875 0.9990234375
9 0.8701171875 0.873046875 0.853515625 0.8740234375 0.849609375 0.83203125 0.8671875 0.830078125
0 0.5048828125 0.3828125 0.4755859375 0.4794921875 0.359375 0.44140625 0.3876953125 0.34375
0 0.474609375 0.435546875 0.5380859375 0.509765625 0.447265625 0.5966796875 0.384765625 0.513671875
0 0.7939453125 0.3798828125 0.69140625 0.3798828125 0.6953125 0.2587890625 0.7939453125 0.2548828125
0 0.9345703125 0.255859375 0.83984375 0.255859375 0.841796875 0.1455078125 0.9287109375 0.1455078125
0 1.271484375 0.5078125 1.142578125 0.5078125 1.140625 0.359375 1.265625 0.359375
0 1.4619140625 0.482421875 1.3232421875 0.4814453125 1.326171875 0.337890625 1.4521484375 0.3359375
0 1.61328125 0.474609375 1.482421875 0.4716796875 1.4814453125 0.3251953125 1.609375 0.326171875
0 1.296875 0.033203125 1.4228515625 0.001953125 1.458984375 0.1494140625 1.3408203125 0.181640625
0 1.1982421875 0.7421875 1.3271484375 0.7470703125 1.3203125 0.8798828125 1.189453125 0.8671875
0 1.0595703125 0.7783203125 1.15625 0.7841796875 1.142578125 0.9033203125 1.0458984375 0.8955078125
0 0.9716796875 0.7724609375 1.05859375 0.8154296875 0.99609375 0.9296875 0.91015625 0.87890625
0 0.7568359375 0.8408203125 0.7978515625 0.8974609375 0.69921875 0.9716796875 0.66015625 0.916015625
0 0.4912109375 0.8486328125 0.53515625 0.9013671875 0.4365234375 0.98046875 0.3955078125 0.916015625
0 0.3447265625 0.837890625 0.3974609375 0.9248046875 0.287109375 0.9853515625 0.2451171875 0.89453125
0 0.55078125 0.755859375 0.4736328125 0.8271484375 0.4033203125 0.7470703125 0.4775390625 0.68359375
0 1.9794921875 0.46875 1.845703125 0.470703125 1.845703125 0.330078125 1.97265625 0.330078125
0 2.154296875 0.4716796875 2.021484375 0.466796875 2.0205078125 0.322265625 2.150390625 0.3291015625
0 2.32421875 0.4482421875 2.193359375 0.4453125 2.1943359375 0.322265625 2.3251953125 0.3232421875
0 2.095703125 0.7314453125 2.197265625 0.7998046875 2.119140625 0.9140625 2.0185546875 0.8359375
0 2.205078125 0.810546875 2.3154296875 0.8681640625 2.2470703125 1.005859375 2.13671875 0.9375
0 1.814453125 1.0546875 1.849609375 0.935546875 2.0 0.982421875 1.9560546875 1.1064453125
0 1.869140625 0.6943359375 2.015625 0.697265625 2.0087890625 0.8759765625 1.8603515625 0.8720703125
0 1.6845703125 0.7412109375 1.7978515625 0.69921875 1.837890625 0.8271484375 1.71484375 0.8623046875
9 0.8271484375 0.8125 0.810546875 0.8125 0.80859375 0.7666015625 0.826171875 0.7666015625
9 0.880859375 0.8134765625 0.8642578125 0.8134765625 0.8623046875 0.76953125 0.8779296875 0.7685546875
9 0.880859375 0.857421875 0.8642578125 0.8583984375 0.8623046875 0.8134765625 0.8798828125 0.8134765625
9 0.8671875 0.826171875 0.8515625 0.826171875 0.8505859375 0.779296875 0.8642578125 0.7783203125
0 0.4990234375 0.294921875 0.4345703125 0.3720703125 0.3408203125 0.2861328125 0.408203125 0.208984375
