0 2.0029296875 0.6943359375 1.9638671875 0.76171875 1.90625 0.7275390625 1.947265625 0.65625
0 0.634765625 0.2802734375 0.564453125 0.2734375 0.5693359375 0.1982421875 0.6396484375 0.205078125
0 0.9833984375 0.2978515625 0.916015625 0.2890625 0.921875 0.21484375 0.9921875 0.2197265625
0 0.9267578125 0.37890625 0.8173828125 0.3720703125 0.8359375 0.25390625 0.9375 0.26171875
0 1.1640625 0.685546875 1.2275390625 0.681640625 1.228515625 0.73828125 1.1650390625 0.7412109375
0 1.2314453125 0.6708984375 1.2998046875 0.6689453125 1.302734375 0.7470703125 1.2333984375 0.74609375
0 1.3056640625 0.6748046875 1.3662109375 0.6748046875 1.3662109375 0.732421875 1.3076171875 0.7314453125
0 1.3681640625 0.677734375 1.4169921875 0.6767578125 1.41796875 0.7294921875 1.37109375 0.7314453125
0 1.423828125 0.6708984375 1.478515625 0.6708984375 1.4794921875 0.728515625 1.423828125 0.728515625
0 1.54296875 0.548828125 1.501953125 0.5244140625 1.521484375 0.4912109375 1.5625 0.517578125
0 1.4580078125 0.57421875 1.4150390625 0.533203125 1.4521484375 0.4921875 1.4970703125 0.5322265625
0 1.3974609375 0.5712890625 1.416015625 0.544921875 1.4365234375 0.5615234375 1.4189453125 0.5888671875
0 1.294921875 0.5126953125 1.3525390625 0.5107421875 1.357421875 0.5703125 1.30078125 0.576171875
0 0.556640625 0.28125 0.486328125 0.2734375 0.49609375 0.19140625 0.5634765625 0.201171875
0 2.056640625 0.763671875 2.0078125 0.7646484375 2.0048828125 0.7197265625 2.056640625 0.72265625
0 0.4404296875 0.22265625 0.5146484375 0.2197265625 0.51953125 0.333984375 0.4423828125 0.333984375
0 0.4599609375 0.298828125 0.3740234375 0.2939453125 0.3828125 0.193359375 0.46484375 0.19921875
0 0.5126953125 0.494140625 0.619140625 0.498046875 0.607421875 0.609375 0.5078125 0.6044921875
0 0.4375 0.513671875 0.5009765625 0.513671875 0.5 0.587890625 0.4365234375 0.5888671875
0 0.3798828125 0.494140625 0.4501953125 0.5009765625 0.443359375 0.5791015625 0.373046875 0.572265625
0 0.21484375 0.4658203125 0.3212890625 0.4765625 0.3076171875 0.5927734375 0.2041015625 0.5810546875
0 0.13671875 0.6826171875 0.02734375 0.6865234375 0.029296875 0.5634765625 0.1357421875 0.5615234375
0 0.26171875 0.248046875 0.2099609375 0.24609375 0.212890625 0.203125 0.265625 0.20703125
0 2.7021484375 0.6435546875 2.83203125 0.66015625 2.80859375 0.802734375 2.68359375 0.783203125
0 2.1494140625 0.75390625 2.07421875 0.751953125 2.078125 0.6396484375 2.1494140625 0.6416015625
0 2.4052734375 0.7421875 2.330078125 0.74609375 2.3251953125 0.6748046875 2.404296875 0.6728515625
0 0.8515625 0.2919921875 0.7958984375 0.2890625 0.798828125 0.2294921875 0.8564453125 0.2333984375
