10 2.431640625 1.763671875 2.4345703125 1.783203125 2.3916015625 1.7900390625 2.3876953125 1.7724609375
0 3.576171875 0.8603515625 3.5205078125 0.923828125 3.478515625 0.8798828125 3.53125 0.8193359375
0 2.4541015625 1.779296875 2.51171875 1.8251953125 2.4921875 1.8447265625 2.4091796875 1.8427734375
0 1.2216796875 0.4052734375 1.173828125 0.458984375 1.1337890625 0.421875 1.1796875 0.3681640625
0 1.48046875 0.521484375 1.552734375 0.5751953125 1.5166015625 0.6240234375 1.443359375 0.5693359375
0 3.794921875 0.607421875 3.7421875 0.6669921875 3.7021484375 0.625 3.7568359375 0.5712890625
0 3.6337890625 0.6259765625 3.677734375 0.5732421875 3.71875 0.603515625 3.6728515625 0.658203125
0 3.73828125 0.6689453125 3.6875 0.7412109375 3.640625 0.703125 3.69140625 0.6337890625
0 3.5283203125 0.748046875 3.578125 0.69140625 3.6171875 0.7275390625 3.5654296875 0.78515625
0 3.47265625 0.814453125 3.5205078125 0.7548828125 3.5576171875 0.787109375 3.51171875 0.84765625
0 2.4609375 1.34765625 2.5244140625 1.4052734375 2.4833984375 1.451171875 2.4189453125 1.3916015625
0 3.4208984375 0.8779296875 3.470703125 0.8232421875 3.5048828125 0.859375 3.4541015625 0.9130859375
0 3.5126953125 0.9296875 3.453125 0.994140625 3.4091796875 0.9501953125 3.4677734375 0.8876953125
0 3.6259765625 1.4287109375 3.6259765625 1.513671875 3.556640625 1.51171875 3.5576171875 1.4296875
0 2.724609375 1.626953125 2.7744140625 1.5703125 2.81640625 1.607421875 2.76171875 1.6640625
0 2.8515625 1.58203125 2.7998046875 1.642578125 2.7626953125 1.6064453125 2.8134765625 1.548828125
0 2.78515625 1.5615234375 2.8349609375 1.5078125 2.87109375 1.5400390625 2.822265625 1.5966796875
0 2.84375 1.501953125 2.888671875 1.4423828125 2.92578125 1.4716796875 2.8828125 1.53125
0 2.4990234375 1.52734375 2.439453125 1.474609375 2.478515625 1.4345703125 2.537109375 1.4833984375
0 2.125 1.4873046875 2.1826171875 1.537109375 2.1494140625 1.5771484375 2.0908203125 1.529296875
0 2.8994140625 1.4345703125 2.947265625 1.373046875 2.986328125 1.40234375 2.9375 1.46484375
0 1.775390625 0.7646484375 1.8359375 0.8173828125 1.80078125 0.8603515625 1.7373046875 0.8076171875
0 0.4375 1.3349609375 0.3779296875 1.3974609375 0.337890625 1.3525390625 0.400390625 1.296875
0 0.501953125 1.2587890625 0.4453125 1.3115234375 0.412109375 1.26953125 0.4697265625 1.220703125
0 0.580078125 1.171875 0.5302734375 1.23046875 0.4921875 1.1953125 0.5419921875 1.1396484375
0 0.65625 1.0869140625 0.6044921875 1.146484375 0.5693359375 1.115234375 0.6181640625 1.0546875
0 0.7392578125 0.9921875 0.6796875 1.041015625 0.6494140625 1.001953125 0.7060546875 0.9541015625
0 1.67578125 0.67578125 1.7412109375 0.7373046875 1.7001953125 0.7802734375 1.6328125 0.7197265625
0 1.71875 0.8583984375 1.6533203125 0.8037109375 1.6904296875 0.76171875 1.751953125 0.8173828125
0 1.814453125 0.9404296875 1.75390625 0.8798828125 1.7890625 0.8447265625 1.8486328125 0.896484375
0 2.3037109375 1.37109375 2.236328125 1.3134765625 2.2744140625 1.2705078125 2.3388671875 1.3212890625
0 1.8623046875 0.8515625 1.9345703125 0.8935546875 1.9091796875 0.943359375 1.8359375 0.9013671875
0 1.91796875 1.025390625 1.8515625 0.9697265625 1.8896484375 0.9296875 1.94921875 0.9833984375
0 1.9736328125 0.9326171875 2.03515625 0.990234375 1.9951171875 1.0302734375 1.93359375 0.974609375
0 2.0087890625 1.111328125 1.94921875 1.0546875 1.98046875 1.0166015625 2.0419921875 1.0732421875
0 2.111328125 1.197265625 2.0439453125 1.14453125 2.0751953125 1.103515625 2.14453125 1.1552734375
0 2.244140625 1.107421875 2.193359375 1.17578125 2.1474609375 1.134765625 2.2021484375 1.0732421875
0 2.2646484375 1.185546875 2.32421875 1.2392578125 2.2861328125 1.2841796875 2.22265625 1.228515625
0 2.96875 1.451171875 2.916015625 1.5087890625 2.87890625 1.474609375 2.9326171875 1.4150390625
0 2.955078125 1.365234375 3.00390625 1.306640625 3.0419921875 1.34375 2.990234375 1.400390625
10 2.064453125 1.4794921875 2.0498046875 1.466796875 2.0693359375 1.44140625 2.0849609375 1.451171875
10 0.955078125 1.4404296875 0.984375 1.466796875 0.974609375 1.478515625 0.9453125 1.453125
9 3.296875 1.4990234375 3.283203125 1.486328125 3.310546875 1.45703125 3.32421875 1.470703125
9 3.3212890625 1.6357421875 3.333984375 1.623046875 3.361328125 1.6533203125 3.349609375 1.6669921875
9 3.4169921875 1.5576171875 3.4306640625 1.5673828125 3.4111328125 1.5966796875 3.3974609375 1.587890625
9 3.3291015625 1.681640625 3.31640625 1.697265625 3.28515625 1.666015625 3.296875 1.6513671875
9 3.2529296875 1.583984375 3.2412109375 1.599609375 3.2060546875 1.5751953125 3.216796875 1.55859375
10 3.2080078125 1.578125 3.240234375 1.6044921875 3.228515625 1.619140625 3.197265625 1.5927734375
10 1.0048828125 1.3837890625 1.0400390625 1.4140625 1.0302734375 1.427734375 0.9931640625 1.3994140625
10 0.8994140625 1.5087890625 0.9326171875 1.537109375 0.9228515625 1.5498046875 0.8896484375 1.521484375
9 0.6865234375 0.2900390625 0.671875 0.306640625 0.6318359375 0.267578125 0.6455078125 0.25
10 1.6689453125 1.3388671875 1.681640625 1.3515625 1.65625 1.3798828125 1.6435546875 1.3671875
10 1.685546875 1.3544921875 1.697265625 1.3642578125 1.677734375 1.392578125 1.6640625 1.3818359375
10 1.7138671875 1.390625 1.728515625 1.3984375 1.7119140625 1.42578125 1.697265625 1.4169921875
10 1.55859375 1.060546875 1.546875 1.0498046875 1.580078125 1.017578125 1.591796875 1.03125
10 1.486328125 0.955078125 1.5009765625 0.96875 1.478515625 0.9951171875 1.46484375 0.984375
9 1.4990234375 1.017578125 1.48046875 1.001953125 1.5087890625 0.966796875 1.5283203125 0.982421875
9 1.5322265625 1.048828125 1.515625 1.0361328125 1.552734375 0.9912109375 1.568359375 1.00390625
9 3.3232421875 1.474609375 3.333984375 1.4853515625 3.3125 1.515625 3.2978515625 1.5048828125
10 3.58984375 1.51171875 3.595703125 1.529296875 3.5625 1.541015625 3.556640625 1.5244140625
0 3.08203125 1.3125 3.037109375 1.375 2.9951171875 1.33984375 3.041015625 1.279296875
10 2.1298828125 0.2890625 2.1435546875 0.2724609375 2.1708984375 0.2978515625 2.16015625 0.3125
0 3.0703125 1.2314453125 3.115234375 1.169921875 3.158203125 1.2001953125 3.111328125 1.2646484375
0 3.19921875 1.1806640625 3.1474609375 1.240234375 3.1103515625 1.20703125 3.166015625 1.1474609375
0 3.2470703125 0.8603515625 3.1982421875 0.91796875 3.1591796875 0.880859375 3.2119140625 0.826171875
0 3.3125 0.787109375 3.26171875 0.8486328125 3.22265625 0.8134765625 3.275390625 0.7529296875
0 3.5732421875 0.501953125 3.5283203125 0.564453125 3.4794921875 0.533203125 3.5224609375 0.46875
0 3.5048828125 0.5791015625 3.451171875 0.63671875 3.416015625 0.59765625 3.4677734375 0.5439453125
10 2.138671875 0.248046875 2.1484375 0.2353515625 2.1728515625 0.259765625 2.1630859375 0.271484375
10 1.9296875 0.6259765625 1.94140625 0.6123046875 1.966796875 0.6357421875 1.9560546875 0.6494140625
10 3.341796875 1.6630859375 3.3291015625 1.6787109375 3.302734375 1.65234375 3.3173828125 1.638671875
0 2.2578125 0.935546875 2.189453125 0.8974609375 2.2080078125 0.86328125 2.275390625 0.900390625
0 2.3779296875 1.041015625 2.3359375 1.0146484375 2.3544921875 0.9853515625 2.39453125 1.0107421875
10 2.505859375 0.7626953125 2.51953125 0.7734375 2.4951171875 0.802734375 2.482421875 0.791015625
10 3.3349609375 1.4892578125 3.34765625 1.501953125 3.322265625 1.5283203125 3.310546875 1.517578125
10 3.2275390625 1.560546875 3.2392578125 1.5478515625 3.267578125 1.5732421875 3.25390625 1.5859375
10 3.1826171875 1.609375 3.193359375 1.5947265625 3.224609375 1.62109375 3.2138671875 1.634765625
10 3.29296875 1.712890625 3.2802734375 1.7275390625 3.251953125 1.7021484375 3.265625 1.6875
0 0.3671875 1.4365234375 0.294921875 1.5087890625 0.2431640625 1.455078125 0.3125 1.3837890625
