9 0.49609375 1.0810546875 0.51953125 1.095703125 0.4765625 1.162109375 0.4521484375 1.142578125
10 0.2578125 0.68359375 0.267578125 0.6630859375 0.3076171875 0.6806640625 0.296875 0.69921875
9 0.708984375 0.1943359375 0.689453125 0.1943359375 0.6826171875 0.1396484375 0.703125 0.13671875
9 0.158203125 0.21484375 0.130859375 0.2021484375 0.16796875 0.1328125 0.197265625 0.14453125
9 0.0869140625 0.220703125 0.064453125 0.2099609375 0.1025390625 0.146484375 0.123046875 0.158203125
10 0.2841796875 0.2939453125 0.279296875 0.3115234375 0.2353515625 0.30078125 0.2412109375 0.2841796875
10 0.0390625 0.404296875 0.0556640625 0.39453125 0.080078125 0.4287109375 0.0654296875 0.4404296875
10 0.177734375 0.5439453125 0.1943359375 0.5419921875 0.2001953125 0.5859375 0.18359375 0.5888671875
10 0.021484375 0.61328125 0.044921875 0.595703125 0.0751953125 0.630859375 0.0517578125 0.650390625
9 0.046875 0.693359375 0.072265625 0.7099609375 0.0302734375 0.7802734375 0.0048828125 0.763671875
10 0.0908203125 0.7294921875 0.0732421875 0.71875 0.09375 0.6826171875 0.1083984375 0.6962890625
10 0.068359375 0.7724609375 0.0517578125 0.76171875 0.0712890625 0.7294921875 0.087890625 0.736328125
10 0.2568359375 0.7392578125 0.2666015625 0.7216796875 0.2978515625 0.7373046875 0.287109375 0.7578125
9 0.564453125 1.0732421875 0.5927734375 1.0888671875 0.5576171875 1.1513671875 0.5322265625 1.138671875
10 0.267578125 0.810546875 0.2783203125 0.787109375 0.3173828125 0.806640625 0.306640625 0.8291015625
10 0.259765625 0.7705078125 0.2724609375 0.75 0.3017578125 0.76953125 0.291015625 0.7861328125
10 0.337890625 0.0625 0.3125 0.0625 0.30859375 0.025390625 0.3349609375 0.0224609375
10 0.4443359375 0.0654296875 0.419921875 0.064453125 0.4189453125 0.0224609375 0.4443359375 0.0224609375
10 0.4794921875 0.0634765625 0.4580078125 0.060546875 0.4580078125 0.0185546875 0.4775390625 0.0166015625
10 0.4833984375 0.0244140625 0.5009765625 0.0244140625 0.5009765625 0.0634765625 0.4833984375 0.0634765625
10 0.5029296875 0.01953125 0.5224609375 0.01953125 0.5224609375 0.0615234375 0.5029296875 0.0615234375
10 0.53515625 0.0244140625 0.5625 0.0244140625 0.5625 0.0654296875 0.53515625 0.0654296875
10 0.5625 0.017578125 0.5830078125 0.017578125 0.5830078125 0.0615234375 0.5625 0.0615234375
10 0.5849609375 0.0185546875 0.60546875 0.0185546875 0.60546875 0.0615234375 0.5849609375 0.0615234375
9 0.4501953125 0.4072265625 0.4501953125 0.42578125 0.3779296875 0.4306640625 0.3779296875 0.4130859375
9 0.44140625 0.3505859375 0.443359375 0.3681640625 0.3662109375 0.3779296875 0.3642578125 0.3603515625
9 0.6826171875 0.1962890625 0.6640625 0.19921875 0.6572265625 0.1396484375 0.6748046875 0.13671875
9 0.6552734375 0.1982421875 0.6328125 0.1982421875 0.6298828125 0.142578125 0.6494140625 0.140625
9 0.1982421875 0.3515625 0.20703125 0.3349609375 0.2734375 0.359375 0.2646484375 0.376953125
9 0.2080078125 0.4189453125 0.21484375 0.3984375 0.2802734375 0.423828125 0.2705078125 0.4462890625
9 0.216796875 0.4560546875 0.2236328125 0.44140625 0.2890625 0.4619140625 0.2783203125 0.48046875
9 0.21875 0.4873046875 0.2255859375 0.46875 0.291015625 0.4951171875 0.2802734375 0.51171875
9 0.228515625 0.552734375 0.2373046875 0.53515625 0.3037109375 0.55859375 0.29296875 0.580078125
9 0.2294921875 0.583984375 0.2333984375 0.5654296875 0.3046875 0.591796875 0.294921875 0.61328125
9 0.23828125 0.6162109375 0.244140625 0.59765625 0.3076171875 0.623046875 0.298828125 0.642578125
9 0.255859375 0.7109375 0.26171875 0.69140625 0.3232421875 0.7216796875 0.31640625 0.7412109375
9 0.2685546875 0.8349609375 0.2763671875 0.8203125 0.34375 0.8486328125 0.3359375 0.8662109375
9 0.28125 0.90234375 0.2890625 0.8857421875 0.34765625 0.9111328125 0.33984375 0.9296875
9 0.4541015625 0.4951171875 0.4560546875 0.515625 0.388671875 0.5234375 0.3818359375 0.50390625
9 0.4658203125 0.6865234375 0.466796875 0.708984375 0.3984375 0.720703125 0.3916015625 0.6982421875
9 0.482421875 0.7626953125 0.4833984375 0.7861328125 0.4091796875 0.796875 0.4052734375 0.77734375
9 0.4541015625 0.46484375 0.4580078125 0.48828125 0.3818359375 0.4970703125 0.375 0.478515625
9 0.44140625 0.435546875 0.447265625 0.458984375 0.37109375 0.46875 0.3671875 0.4482421875
9 0.4736328125 0.7216796875 0.4775390625 0.744140625 0.3994140625 0.75390625 0.3955078125 0.7314453125
9 0.5263671875 0.244140625 0.5029296875 0.2470703125 0.4951171875 0.1875 0.515625 0.1865234375
9 0.5517578125 0.2666015625 0.52734375 0.267578125 0.525390625 0.189453125 0.546875 0.1884765625
9 0.5732421875 0.2333984375 0.552734375 0.2333984375 0.5517578125 0.17578125 0.5712890625 0.17578125
9 0.59765625 0.20703125 0.5810546875 0.20703125 0.5771484375 0.1455078125 0.599609375 0.1455078125
9 0.6298828125 0.20703125 0.6044921875 0.208984375 0.603515625 0.1494140625 0.626953125 0.15234375
10 0.6044921875 0.015625 0.6240234375 0.015625 0.6240234375 0.0673828125 0.6044921875 0.0673828125
10 0.6259765625 0.013671875 0.64453125 0.013671875 0.64453125 0.0703125 0.6259765625 0.0703125
10 0.642578125 0.015625 0.666015625 0.015625 0.666015625 0.0693359375 0.642578125 0.0693359375
10 0.4208984375 0.8154296875 0.4169921875 0.798828125 0.4697265625 0.791015625 0.4716796875 0.80859375
10 0.62890625 0.8076171875 0.6484375 0.8271484375 0.599609375 0.8642578125 0.580078125 0.8466796875
10 0.630859375 0.8603515625 0.640625 0.8798828125 0.6015625 0.9013671875 0.5947265625 0.8828125
10 0.8857421875 0.6806640625 0.8876953125 0.703125 0.83984375 0.7138671875 0.8369140625 0.69140625
10 0.8916015625 0.7255859375 0.8916015625 0.7451171875 0.84375 0.7490234375 0.8408203125 0.7294921875
10 0.9775390625 0.662109375 0.9794921875 0.6796875 0.93359375 0.68359375 0.931640625 0.6630859375
10 0.994140625 0.73046875 0.994140625 0.7529296875 0.953125 0.7578125 0.9482421875 0.7373046875
10 0.90234375 0.7763671875 0.904296875 0.796875 0.857421875 0.8076171875 0.853515625 0.787109375
10 0.908203125 0.8056640625 0.908203125 0.8291015625 0.86328125 0.8349609375 0.859375 0.8125
10 0.9677734375 0.8125 0.966796875 0.7939453125 1.0126953125 0.791015625 1.01171875 0.8095703125
10 1.013671875 0.8291015625 1.017578125 0.8515625 0.966796875 0.857421875 0.96484375 0.8349609375
10 0.6943359375 1.0146484375 0.71484375 1.0107421875 0.72265625 1.0478515625 0.7021484375 1.052734375
10 0.7177734375 1.01171875 0.734375 1.0068359375 0.7412109375 1.0419921875 0.7265625 1.046875
10 0.7451171875 1.0029296875 0.76171875 0.998046875 0.7685546875 1.029296875 0.751953125 1.0341796875
10 0.7626953125 1.001953125 0.78125 0.99609375 0.7861328125 1.02734375 0.7646484375 1.0322265625
10 0.796875 0.98828125 0.814453125 0.98828125 0.8173828125 1.03125 0.80078125 1.033203125
10 0.814453125 0.9970703125 0.837890625 0.9931640625 0.84375 1.0341796875 0.8212890625 1.0380859375
10 0.837890625 0.998046875 0.8671875 0.994140625 0.8701171875 1.0390625 0.84375 1.04296875
9 0.1455078125 0.931640625 0.126953125 0.9541015625 0.0615234375 0.8876953125 0.08203125 0.87109375
9 0.0234375 0.8984375 0.041015625 0.876953125 0.0947265625 0.9296875 0.07421875 0.947265625
9 0.123046875 1.01953125 0.1025390625 1.0439453125 0.048828125 0.9912109375 0.0703125 0.96875
10 0.048828125 1.0009765625 0.03125 1.0146484375 0.005859375 0.9892578125 0.0234375 0.9716796875
10 0.6181640625 0.7783203125 0.6337890625 0.798828125 0.595703125 0.83203125 0.580078125 0.806640625
9 0.53125 0.7099609375 0.5869140625 0.708984375 0.583984375 0.7373046875 0.5283203125 0.736328125
10 0.6669921875 0.0126953125 0.6884765625 0.0126953125 0.6884765625 0.0615234375 0.6669921875 0.0615234375
10 0.4384765625 0.6201171875 0.435546875 0.6474609375 0.38671875 0.64453125 0.38671875 0.619140625
10 0.6845703125 0.0166015625 0.70703125 0.0166015625 0.70703125 0.068359375 0.6845703125 0.068359375
10 0.705078125 0.0107421875 0.728515625 0.0107421875 0.728515625 0.0595703125 0.705078125 0.0595703125
10 0.7265625 0.0166015625 0.7470703125 0.0166015625 0.7470703125 0.06640625 0.7265625 0.06640625
10 0.7412109375 0.01953125 0.767578125 0.01953125 0.767578125 0.0625 0.7412109375 0.0625
10 0.7666015625 0.015625 0.7900390625 0.015625 0.7900390625 0.064453125 0.7666015625 0.064453125
10 0.7861328125 0.0185546875 0.8095703125 0.0185546875 0.8095703125 0.0634765625 0.7861328125 0.0634765625
10 0.810546875 0.0126953125 0.8330078125 0.0126953125 0.8330078125 0.0673828125 0.810546875 0.0673828125
10 0.8310546875 0.015625 0.849609375 0.015625 0.849609375 0.0615234375 0.8310546875 0.0615234375
10 0.8935546875 0.060546875 0.8681640625 0.0595703125 0.8701171875 0.015625 0.8955078125 0.015625
10 0.9169921875 0.0546875 0.8916015625 0.0537109375 0.8935546875 0.013671875 0.91796875 0.015625
9 0.900390625 0.1416015625 0.9169921875 0.1689453125 0.865234375 0.2001953125 0.84765625 0.1748046875
9 0.869140625 0.2314453125 0.853515625 0.2138671875 0.908203125 0.173828125 0.921875 0.1953125
10 0.9013671875 0.240234375 0.8857421875 0.224609375 0.923828125 0.1962890625 0.9384765625 0.212890625
10 0.8046875 0.421875 0.8046875 0.4013671875 0.8544921875 0.3994140625 0.853515625 0.4189453125
10 0.9140625 0.455078125 0.904296875 0.4345703125 0.9453125 0.42578125 0.9541015625 0.4443359375
10 0.853515625 0.5107421875 0.8564453125 0.52734375 0.822265625 0.5341796875 0.8212890625 0.515625
10 0.8603515625 0.533203125 0.8623046875 0.5478515625 0.82421875 0.556640625 0.8212890625 0.5400390625
10 0.8642578125 0.5546875 0.8642578125 0.5712890625 0.8203125 0.5771484375 0.8203125 0.5615234375
10 0.873046875 0.6328125 0.873046875 0.650390625 0.830078125 0.65234375 0.8291015625 0.6337890625
10 0.9345703125 0.626953125 0.9287109375 0.5986328125 0.98046875 0.595703125 0.9794921875 0.6240234375
10 0.4541015625 0.5849609375 0.455078125 0.6123046875 0.3974609375 0.6142578125 0.3994140625 0.5859375
9 0.1923828125 0.3203125 0.2001953125 0.302734375 0.267578125 0.328125 0.2578125 0.3466796875
