10 0.4560546875 0.462890625 0.47265625 0.4638671875 0.4697265625 0.4931640625 0.455078125 0.4931640625
10 0.4765625 0.46484375 0.4921875 0.46484375 0.4912109375 0.4970703125 0.4755859375 0.49609375
10 0.5283203125 0.328125 0.5439453125 0.328125 0.5419921875 0.3583984375 0.5283203125 0.357421875
10 0.48828125 0.3251953125 0.50390625 0.3251953125 0.50390625 0.359375 0.490234375 0.359375
10 0.3935546875 0.3232421875 0.41015625 0.3232421875 0.408203125 0.357421875 0.392578125 0.3564453125
10 0.3330078125 0.3232421875 0.3505859375 0.3232421875 0.34765625 0.3564453125 0.3310546875 0.3564453125
10 0.15625 0.30859375 0.1572265625 0.291015625 0.1962890625 0.291015625 0.1943359375 0.30859375
10 0.15625 0.2880859375 0.15625 0.2724609375 0.1923828125 0.271484375 0.1923828125 0.2880859375
10 0.28515625 0.2470703125 0.2841796875 0.2666015625 0.25 0.265625 0.25 0.2470703125
10 0.2890625 0.2099609375 0.2890625 0.2265625 0.2509765625 0.224609375 0.251953125 0.20703125
4 0.34375 0.0625 0.4208984375 0.0654296875 0.4169921875 0.228515625 0.3408203125 0.228515625
4 0.470703125 0.0654296875 0.548828125 0.06640625 0.54296875 0.2314453125 0.46484375 0.228515625
4 0.59765625 0.068359375 0.6748046875 0.0703125 0.669921875 0.2353515625 0.5908203125 0.234375
4 0.76953125 0.3994140625 0.8486328125 0.40234375 0.8447265625 0.56640625 0.76953125 0.564453125
4 0.8984375 0.40234375 0.9765625 0.4033203125 0.97265625 0.5703125 0.8935546875 0.5673828125
4 0.6376953125 0.681640625 0.716796875 0.6845703125 0.7119140625 0.84765625 0.6357421875 0.8466796875
4 0.763671875 0.68359375 0.8427734375 0.685546875 0.837890625 0.8515625 0.7607421875 0.849609375
4 0.8916015625 0.6865234375 0.96875 0.6884765625 0.96484375 0.853515625 0.890625 0.8525390625
14 0.228515625 1.0205078125 0.38671875 1.14453125 0.2890625 1.27734375 0.1279296875 1.1572265625
10 0.6083984375 0.3349609375 0.6240234375 0.3349609375 0.6220703125 0.3701171875 0.6064453125 0.3701171875
10 0.4970703125 0.462890625 0.513671875 0.462890625 0.5126953125 0.4951171875 0.4970703125 0.4951171875
10 0.537109375 0.599609375 0.5771484375 0.6005859375 0.5771484375 0.6142578125 0.53515625 0.6142578125
10 0.4365234375 0.46484375 0.4521484375 0.46484375 0.451171875 0.5 0.435546875 0.498046875
10 0.3134765625 0.546875 0.330078125 0.546875 0.3291015625 0.5849609375 0.3125 0.583984375
10 0.25 0.3076171875 0.2861328125 0.30859375 0.28515625 0.322265625 0.25 0.322265625
10 0.1572265625 0.3125 0.193359375 0.3134765625 0.19140625 0.328125 0.15625 0.328125
10 0.251953125 0.1435546875 0.2880859375 0.14453125 0.287109375 0.16015625 0.2509765625 0.158203125
10 0.162109375 0.146484375 0.1953125 0.146484375 0.1953125 0.1611328125 0.162109375 0.1611328125
10 0.5703125 0.6435546875 0.5712890625 0.66015625 0.53515625 0.6591796875 0.53515625 0.6416015625
10 0.4228515625 0.6162109375 0.4228515625 0.599609375 0.4560546875 0.6005859375 0.455078125 0.6181640625
10 0.4248046875 0.63671875 0.4248046875 0.6201171875 0.4580078125 0.62109375 0.45703125 0.6376953125
10 0.42578125 0.677734375 0.42578125 0.6611328125 0.4599609375 0.6611328125 0.4599609375 0.6787109375
10 0.421875 0.6591796875 0.423828125 0.640625 0.4609375 0.6416015625 0.4609375 0.66015625
10 0.3076171875 0.5849609375 0.291015625 0.583984375 0.2919921875 0.548828125 0.30859375 0.55078125
10 0.251953125 0.544921875 0.251953125 0.52734375 0.2900390625 0.52734375 0.2890625 0.544921875
10 0.2548828125 0.5224609375 0.2548828125 0.5068359375 0.2900390625 0.5068359375 0.291015625 0.5244140625
10 0.2529296875 0.505859375 0.25390625 0.48828125 0.2880859375 0.4892578125 0.2880859375 0.5068359375
10 0.251953125 0.4853515625 0.251953125 0.466796875 0.291015625 0.4677734375 0.291015625 0.486328125
10 0.376953125 0.45703125 0.396484375 0.45703125 0.39453125 0.494140625 0.376953125 0.494140625
10 0.3984375 0.4599609375 0.4150390625 0.4609375 0.412109375 0.4951171875 0.3974609375 0.4931640625
14 0.0302734375 1.212890625 0.1513671875 1.1796875 0.173828125 1.263671875 0.052734375 1.29296875
