10 0.369140625 0.7236328125 0.4091796875 0.7294921875 0.40625 0.7490234375 0.3662109375 0.7412109375
10 0.029296875 0.267578125 0.029296875 0.2529296875 0.0625 0.25390625 0.0615234375 0.26953125
10 0.1533203125 0.61328125 0.15234375 0.6298828125 0.1142578125 0.62890625 0.115234375 0.6123046875
10 0.154296875 0.5947265625 0.15234375 0.6103515625 0.115234375 0.609375 0.1171875 0.5927734375
10 0.1552734375 0.5625 0.15625 0.5791015625 0.119140625 0.578125 0.1201171875 0.5615234375
10 0.0244140625 0.5341796875 0.025390625 0.51953125 0.0576171875 0.5166015625 0.056640625 0.5322265625
10 0.021484375 0.515625 0.021484375 0.5 0.056640625 0.5009765625 0.0556640625 0.517578125
10 0.1552734375 0.5029296875 0.154296875 0.51953125 0.115234375 0.51953125 0.1162109375 0.5029296875
10 0.15625 0.486328125 0.1552734375 0.5029296875 0.1181640625 0.5029296875 0.119140625 0.486328125
10 0.1533203125 0.4482421875 0.15234375 0.46484375 0.119140625 0.46484375 0.1181640625 0.4482421875
10 0.154296875 0.384765625 0.154296875 0.3994140625 0.12109375 0.3984375 0.1220703125 0.3828125
10 0.15625 0.42578125 0.15625 0.4443359375 0.1171875 0.443359375 0.1181640625 0.42578125
10 0.0224609375 0.4609375 0.0234375 0.4443359375 0.0576171875 0.443359375 0.056640625 0.4609375
10 0.0244140625 0.44140625 0.025390625 0.423828125 0.0595703125 0.421875 0.0595703125 0.4375
10 0.0244140625 0.3486328125 0.025390625 0.3330078125 0.060546875 0.33203125 0.0595703125 0.349609375
10 0.0263671875 0.2900390625 0.025390625 0.2734375 0.060546875 0.271484375 0.060546875 0.287109375
10 0.0302734375 0.25 0.03125 0.2333984375 0.064453125 0.232421875 0.0634765625 0.25
10 0.0234375 0.634765625 0.0234375 0.619140625 0.060546875 0.6162109375 0.060546875 0.6328125
10 0.1240234375 0.1640625 0.123046875 0.150390625 0.1611328125 0.150390625 0.1611328125 0.1640625
10 0.1240234375 0.1826171875 0.1240234375 0.16796875 0.162109375 0.1669921875 0.1611328125 0.18359375
10 0.03125 0.158203125 0.0322265625 0.14453125 0.0673828125 0.14453125 0.06640625 0.16015625
10 0.033203125 0.201171875 0.0322265625 0.1845703125 0.0654296875 0.181640625 0.06640625 0.1962890625
10 0.16015625 0.189453125 0.16015625 0.20703125 0.12109375 0.20703125 0.123046875 0.1875
4 0.7392578125 0.4462890625 0.8193359375 0.447265625 0.818359375 0.6162109375 0.736328125 0.615234375
4 0.8662109375 0.1591796875 0.9453125 0.16015625 0.94140625 0.330078125 0.8603515625 0.328125
4 0.73828125 0.15625 0.8173828125 0.1591796875 0.814453125 0.326171875 0.7333984375 0.3251953125
4 0.6123046875 0.15234375 0.6923828125 0.15625 0.6875 0.32421875 0.609375 0.322265625
4 0.484375 0.150390625 0.5654296875 0.15234375 0.5615234375 0.3212890625 0.4833984375 0.3212890625
4 0.216796875 0.1455078125 0.2978515625 0.1474609375 0.2939453125 0.318359375 0.2138671875 0.314453125
4 0.34375 0.1484375 0.4208984375 0.150390625 0.4169921875 0.3212890625 0.3388671875 0.3173828125
4 0.615234375 0.4443359375 0.6943359375 0.4453125 0.69140625 0.6142578125 0.6123046875 0.61328125
4 0.490234375 0.44140625 0.5703125 0.4443359375 0.5654296875 0.6123046875 0.484375 0.611328125
10 0.15234375 0.6318359375 0.1513671875 0.650390625 0.11328125 0.6494140625 0.115234375 0.6328125
10 0.0224609375 0.615234375 0.021484375 0.5986328125 0.0537109375 0.5966796875 0.0537109375 0.61328125
10 0.369140625 0.7431640625 0.40625 0.75 0.40234375 0.767578125 0.3662109375 0.759765625
10 0.1181640625 0.4658203125 0.1552734375 0.466796875 0.154296875 0.4853515625 0.1181640625 0.484375
10 0.3623046875 0.7626953125 0.396484375 0.76953125 0.392578125 0.7861328125 0.3583984375 0.779296875
10 0.2744140625 0.755859375 0.3046875 0.7646484375 0.30078125 0.78125 0.2705078125 0.7734375
10 0.2705078125 0.734375 0.3056640625 0.7421875 0.3017578125 0.7578125 0.267578125 0.75
10 0.109375 0.5234375 0.15234375 0.521484375 0.15234375 0.5390625 0.109375 0.541015625
10 0.119140625 0.541015625 0.1572265625 0.5390625 0.15625 0.560546875 0.1181640625 0.55859375
10 0.115234375 0.6494140625 0.154296875 0.6494140625 0.1513671875 0.6650390625 0.1162109375 0.666015625
10 0.115234375 0.669921875 0.1513671875 0.6689453125 0.1513671875 0.6875 0.11328125 0.685546875
10 0.115234375 0.7080078125 0.15234375 0.7109375 0.1513671875 0.728515625 0.1123046875 0.7236328125
10 0.017578125 0.677734375 0.0537109375 0.677734375 0.052734375 0.6923828125 0.015625 0.69140625
10 0.015625 0.6376953125 0.05078125 0.638671875 0.05078125 0.65234375 0.017578125 0.65234375
10 0.01953125 0.5791015625 0.0537109375 0.578125 0.052734375 0.5947265625 0.0185546875 0.59375
10 0.01953125 0.55859375 0.0537109375 0.5556640625 0.0546875 0.5703125 0.0185546875 0.572265625
10 0.0205078125 0.48046875 0.05859375 0.48046875 0.056640625 0.49609375 0.0205078125 0.4970703125
10 0.021484375 0.4638671875 0.060546875 0.4619140625 0.0595703125 0.4775390625 0.0224609375 0.48046875
10 0.119140625 0.404296875 0.16015625 0.4052734375 0.1591796875 0.421875 0.1171875 0.419921875
10 0.0205078125 0.671875 0.021484375 0.6552734375 0.0517578125 0.6572265625 0.0498046875 0.6728515625
10 0.0244140625 0.404296875 0.0615234375 0.4033203125 0.0595703125 0.41796875 0.0234375 0.4189453125
10 0.025390625 0.3837890625 0.060546875 0.3828125 0.060546875 0.3984375 0.0263671875 0.400390625
10 0.125 0.2958984375 0.1640625 0.294921875 0.1611328125 0.3115234375 0.125 0.310546875
10 0.0244140625 0.314453125 0.0625 0.3134765625 0.060546875 0.326171875 0.0244140625 0.3271484375
10 0.025390625 0.29296875 0.064453125 0.2919921875 0.064453125 0.30859375 0.025390625 0.30859375
10 0.0322265625 0.1640625 0.06640625 0.1611328125 0.06640625 0.17578125 0.033203125 0.1796875
10 0.0263671875 0.2001953125 0.05859375 0.2041015625 0.0546875 0.2197265625 0.0244140625 0.2158203125
10 0.125 0.1279296875 0.1640625 0.12890625 0.162109375 0.14453125 0.125 0.14453125
10 0.0263671875 0.1240234375 0.0634765625 0.123046875 0.0625 0.1396484375 0.025390625 0.1416015625
10 0.1083984375 0.001953125 0.125 0.0029296875 0.119140625 0.0380859375 0.103515625 0.0361328125
10 0.0703125 0.0009765625 0.0849609375 0.001953125 0.0859375 0.03125 0.0703125 0.03125
10 0.27734375 0.732421875 0.279296875 0.71875 0.3154296875 0.7265625 0.3115234375 0.7412109375
10 0.1552734375 0.7294921875 0.154296875 0.74609375 0.1181640625 0.7431640625 0.1201171875 0.7265625
10 0.154296875 0.6904296875 0.154296875 0.70703125 0.115234375 0.7060546875 0.1162109375 0.6904296875
4 0.318359375 0.4384765625 0.3984375 0.4404296875 0.39453125 0.6103515625 0.314453125 0.6103515625
