0 0.3037109375 1.037109375 0.296875 1.080078125 0.2646484375 1.07421875 0.2705078125 1.033203125
0 0.2568359375 1.0439453125 0.259765625 1.0078125 0.287109375 1.0107421875 0.283203125 1.046875
0 0.7109375 0.2060546875 0.685546875 0.2265625 0.6640625 0.201171875 0.6923828125 0.1806640625
0 0.671875 0.234375 0.642578125 0.2626953125 0.623046875 0.240234375 0.6533203125 0.21484375
0 0.6298828125 0.26953125 0.6005859375 0.29296875 0.583984375 0.26953125 0.615234375 0.2470703125
0 0.5869140625 0.302734375 0.55078125 0.3212890625 0.5390625 0.29296875 0.57421875 0.2763671875
0 0.6005859375 0.373046875 0.6240234375 0.3564453125 0.6396484375 0.3779296875 0.6171875 0.3974609375
0 0.55859375 0.408203125 0.5869140625 0.3896484375 0.6025390625 0.412109375 0.57421875 0.4296875
0 0.49609375 0.470703125 0.501953125 0.431640625 0.52734375 0.435546875 0.5224609375 0.4755859375
0 0.4873046875 0.5205078125 0.494140625 0.4814453125 0.5185546875 0.486328125 0.51171875 0.5244140625
0 0.6416015625 0.34765625 0.673828125 0.326171875 0.6884765625 0.3515625 0.658203125 0.373046875
0 0.685546875 0.318359375 0.7138671875 0.296875 0.728515625 0.3154296875 0.7021484375 0.33984375
0 0.724609375 0.2861328125 0.7568359375 0.2626953125 0.771484375 0.2861328125 0.7421875 0.306640625
0 0.755859375 0.2451171875 0.7822265625 0.2236328125 0.8125 0.2607421875 0.78515625 0.2822265625
0 0.33203125 0.517578125 0.267578125 0.5966796875 0.2138671875 0.552734375 0.27734375 0.4765625
0 0.2529296875 0.6220703125 0.251953125 0.66015625 0.2265625 0.6591796875 0.2265625 0.6201171875
0 0.2470703125 0.67578125 0.2412109375 0.7099609375 0.21484375 0.7060546875 0.2197265625 0.669921875
0 0.3583984375 0.6416015625 0.349609375 0.6806640625 0.3251953125 0.6748046875 0.333984375 0.634765625
0 0.3505859375 0.6884765625 0.3447265625 0.728515625 0.314453125 0.72265625 0.3212890625 0.6826171875
0 0.33984375 0.7373046875 0.333984375 0.775390625 0.310546875 0.771484375 0.3154296875 0.732421875
0 0.232421875 0.771484375 0.23046875 0.8125 0.201171875 0.8115234375 0.203125 0.7705078125
0 0.28125 0.8466796875 0.287109375 0.806640625 0.3154296875 0.8115234375 0.3095703125 0.8515625
0 0.3310546875 0.8408203125 0.326171875 0.876953125 0.302734375 0.873046875 0.306640625 0.837890625
0 0.2333984375 0.8232421875 0.2255859375 0.8642578125 0.193359375 0.857421875 0.201171875 0.8173828125
0 0.2666015625 0.9443359375 0.2705078125 0.90625 0.2978515625 0.908203125 0.294921875 0.947265625
0 0.7490234375 0.1748046875 0.728515625 0.1923828125 0.7158203125 0.1748046875 0.736328125 0.1591796875
