0 2.224609375 0.611328125 2.130859375 0.61328125 2.134765625 0.55078125 2.224609375 0.5498046875
0 2.20703125 0.498046875 2.2822265625 0.4951171875 2.2841796875 0.552734375 2.20703125 0.55859375
0 0.8671875 0.431640625 0.767578125 0.4638671875 0.7275390625 0.3359375 0.8193359375 0.306640625
0 0.95703125 0.5185546875 0.958984375 0.4541015625 1.005859375 0.4560546875 1.00390625 0.5234375
0 0.953125 0.4462890625 0.9541015625 0.3544921875 1.0244140625 0.353515625 1.025390625 0.44921875
0 1.078125 0.3125 1.080078125 0.404296875 1.0185546875 0.404296875 1.013671875 0.3134765625
0 1.5654296875 0.3603515625 1.4853515625 0.357421875 1.4873046875 0.302734375 1.56640625 0.3037109375
0 1.6845703125 0.361328125 1.595703125 0.359375 1.599609375 0.298828125 1.6865234375 0.2998046875
0 1.802734375 0.3564453125 1.7109375 0.3505859375 1.71484375 0.291015625 1.8037109375 0.2958984375
0 1.9208984375 0.365234375 1.8291015625 0.3623046875 1.830078125 0.296875 1.9189453125 0.2998046875
0 1.8349609375 0.4990234375 1.9248046875 0.501953125 1.9228515625 0.5576171875 1.8330078125 0.5546875
0 1.9873046875 0.6044921875 1.89453125 0.60546875 1.8916015625 0.5439453125 1.984375 0.54296875
0 1.75 0.609375 1.6650390625 0.611328125 1.6630859375 0.5390625 1.7470703125 0.537109375
0 1.5947265625 0.490234375 1.671875 0.486328125 1.6748046875 0.55078125 1.599609375 0.5556640625
0 1.6220703125 0.609375 1.5341796875 0.6083984375 1.5380859375 0.5439453125 1.625 0.546875
0 1.3583984375 0.474609375 1.453125 0.4853515625 1.4453125 0.5654296875 1.3515625 0.5556640625
0 1.3544921875 0.7373046875 1.4404296875 0.7373046875 1.4404296875 0.8046875 1.35546875 0.80078125
0 1.5927734375 0.744140625 1.6826171875 0.7431640625 1.685546875 0.8046875 1.5947265625 0.80859375
0 1.720703125 0.740234375 1.794921875 0.7421875 1.7919921875 0.8046875 1.7197265625 0.8017578125
0 1.8349609375 0.740234375 1.9248046875 0.7490234375 1.919921875 0.8115234375 1.8291015625 0.802734375
0 1.94921875 0.740234375 2.041015625 0.7392578125 2.0419921875 0.8046875 1.951171875 0.8076171875
0 0.2421875 0.9462890625 0.15234375 0.94140625 0.15625 0.880859375 0.248046875 0.884765625
0 0.6943359375 0.923828125 0.603515625 0.9169921875 0.6103515625 0.8515625 0.6962890625 0.8603515625
0 0.515625 0.6982421875 0.6279296875 0.7099609375 0.6171875 0.810546875 0.5068359375 0.796875
0 0.666015625 0.7177734375 0.7626953125 0.73046875 0.7529296875 0.80859375 0.65625 0.7978515625
0 0.8447265625 0.8671875 0.7529296875 0.8740234375 0.75 0.8125 0.8388671875 0.806640625
0 0.810546875 0.7392578125 0.8984375 0.73828125 0.900390625 0.8095703125 0.8134765625 0.8125
0 0.9306640625 0.7470703125 1.021484375 0.744140625 1.0224609375 0.8095703125 0.931640625 0.810546875
0 2.3203125 0.740234375 2.3955078125 0.7431640625 2.39453125 0.8056640625 2.3173828125 0.798828125
0 2.3056640625 0.4794921875 2.41015625 0.474609375 2.412109375 0.5546875 2.3095703125 0.556640625
0 2.3447265625 0.6171875 2.2529296875 0.60546875 2.26171875 0.5361328125 2.3525390625 0.55078125
0 0.751953125 0.43359375 0.669921875 0.544921875 0.578125 0.4697265625 0.666015625 0.3662109375
