10 2.1640625 0.0166015625 2.181640625 0.021484375 2.1689453125 0.0625 2.1513671875 0.0576171875
0 1.734375 0.859375 1.81640625 0.888671875 1.80078125 0.9384765625 1.71484375 0.908203125
10 1.7890625 0.2294921875 1.794921875 0.2138671875 1.828125 0.224609375 1.8212890625 0.2412109375
10 1.7890625 0.205078125 1.7939453125 0.189453125 1.8271484375 0.2021484375 1.822265625 0.216796875
10 1.984375 0.2294921875 1.978515625 0.24609375 1.9365234375 0.234375 1.9404296875 0.216796875
10 2.009765625 0.1552734375 2.0048828125 0.1728515625 1.962890625 0.16015625 1.9677734375 0.142578125
0 2.357421875 0.466796875 2.3291015625 0.541015625 2.271484375 0.5166015625 2.298828125 0.443359375
0 2.2587890625 0.484375 2.1953125 0.5390625 2.1591796875 0.4931640625 2.2216796875 0.439453125
0 1.236328125 0.70703125 1.318359375 0.7333984375 1.302734375 0.78125 1.21875 0.7548828125
0 1.5390625 0.80078125 1.6123046875 0.82421875 1.5947265625 0.87109375 1.521484375 0.845703125
0 1.6298828125 0.83203125 1.7119140625 0.8544921875 1.6962890625 0.9072265625 1.615234375 0.8837890625
0 1.7080078125 0.6064453125 1.7744140625 0.625 1.759765625 0.677734375 1.6943359375 0.658203125
10 1.7783203125 0.232421875 1.818359375 0.2451171875 1.814453125 0.2607421875 1.7744140625 0.248046875
0 1.5986328125 0.5810546875 1.67578125 0.6005859375 1.6650390625 0.65234375 1.5859375 0.6318359375
0 1.5048828125 0.5400390625 1.5830078125 0.5712890625 1.5634765625 0.623046875 1.4853515625 0.59375
0 1.41015625 0.5107421875 1.490234375 0.53515625 1.474609375 0.5888671875 1.39453125 0.564453125
0 1.3193359375 0.4765625 1.384765625 0.5 1.3662109375 0.5546875 1.2958984375 0.529296875
0 1.21484375 0.4541015625 1.2802734375 0.4716796875 1.2666015625 0.5224609375 1.201171875 0.5068359375
0 1.1171875 0.421875 1.1962890625 0.4501953125 1.181640625 0.4990234375 1.0986328125 0.470703125
0 1.33984375 0.294921875 1.3642578125 0.197265625 1.4384765625 0.220703125 1.4111328125 0.318359375
0 1.171875 0.2431640625 1.1982421875 0.16796875 1.2548828125 0.19140625 1.2294921875 0.265625
0 0.625 0.259765625 0.697265625 0.283203125 0.6748046875 0.345703125 0.60546875 0.3212890625
10 1.81640625 0.1201171875 1.8212890625 0.10546875 1.8603515625 0.1162109375 1.8564453125 0.1328125
10 1.822265625 0.1005859375 1.826171875 0.0859375 1.8662109375 0.09765625 1.861328125 0.11328125
10 1.869140625 0.0771484375 1.861328125 0.095703125 1.82421875 0.08203125 1.8310546875 0.064453125
10 1.83984375 0.0380859375 1.8447265625 0.021484375 1.888671875 0.037109375 1.8828125 0.0537109375
10 1.9228515625 0.27734375 1.9609375 0.2919921875 1.9541015625 0.30859375 1.91796875 0.2939453125
10 1.951171875 0.1962890625 1.9892578125 0.208984375 1.9833984375 0.2255859375 1.9462890625 0.212890625
10 1.955078125 0.173828125 1.9951171875 0.1845703125 1.9912109375 0.2041015625 1.951171875 0.19140625
10 1.9765625 0.1025390625 2.0244140625 0.1171875 2.01953125 0.134765625 1.97265625 0.119140625
10 1.9794921875 0.125 2.0166015625 0.13671875 2.0126953125 0.15234375 1.9755859375 0.140625
10 2.0 0.04296875 2.0400390625 0.0546875 2.03515625 0.0703125 1.99609375 0.0595703125
10 1.8447265625 0.0146484375 1.8505859375 0.001953125 1.8896484375 0.015625 1.884765625 0.02734375
10 1.8349609375 0.05859375 1.8388671875 0.04296875 1.8740234375 0.0546875 1.869140625 0.0693359375
10 1.60546875 0.03125 1.599609375 0.044921875 1.568359375 0.033203125 1.57421875 0.0185546875
10 1.5205078125 0.20703125 1.5146484375 0.22265625 1.482421875 0.2109375 1.490234375 0.1962890625
10 2.1484375 0.4462890625 2.1435546875 0.4638671875 2.10546875 0.453125 2.1103515625 0.4345703125
10 2.1533203125 0.4228515625 2.1494140625 0.4404296875 2.111328125 0.4306640625 2.1162109375 0.4140625
10 2.1640625 0.3974609375 2.1591796875 0.4140625 2.11328125 0.404296875 2.1171875 0.3876953125
10 1.9716796875 0.2685546875 1.966796875 0.287109375 1.9248046875 0.2744140625 1.9306640625 0.255859375
10 1.9775390625 0.251953125 1.97265625 0.267578125 1.9365234375 0.2548828125 1.9423828125 0.2392578125
10 2.12109375 0.0126953125 2.138671875 0.017578125 2.1279296875 0.05078125 2.111328125 0.044921875
10 2.0302734375 0.09765625 2.0263671875 0.1142578125 1.9892578125 0.10546875 1.9931640625 0.0888671875
10 1.990234375 0.080078125 1.9951171875 0.0625 2.029296875 0.07421875 2.025390625 0.0908203125
10 2.0009765625 0.0380859375 2.0068359375 0.01953125 2.048828125 0.0341796875 2.0419921875 0.05078125
0 0.251953125 0.408203125 0.3330078125 0.423828125 0.3232421875 0.486328125 0.2431640625 0.470703125
