10 0.6005859375 0.7783203125 0.6240234375 0.7734375 0.626953125 0.8134765625 0.6025390625 0.8173828125
10 0.611328125 0.1240234375 0.6328125 0.12109375 0.640625 0.16015625 0.619140625 0.166015625
10 0.2177734375 0.771484375 0.21484375 0.7900390625 0.18359375 0.7890625 0.18359375 0.7734375
10 0.2177734375 0.748046875 0.216796875 0.765625 0.1796875 0.7685546875 0.1787109375 0.751953125
10 0.220703125 0.7255859375 0.2197265625 0.74609375 0.1728515625 0.75 0.1767578125 0.7294921875
10 0.2138671875 0.7060546875 0.2138671875 0.7236328125 0.1767578125 0.7294921875 0.1748046875 0.7138671875
10 0.212890625 0.6806640625 0.2138671875 0.7041015625 0.1728515625 0.7060546875 0.17578125 0.68359375
10 0.04296875 0.587890625 0.0634765625 0.5869140625 0.064453125 0.6455078125 0.041015625 0.6494140625
9 0.0625 0.0390625 0.072265625 0.013671875 0.1376953125 0.0390625 0.12890625 0.0634765625
9 0.3037109375 0.2099609375 0.3291015625 0.224609375 0.291015625 0.2958984375 0.2646484375 0.2841796875
10 0.0146484375 0.6015625 0.0361328125 0.59765625 0.0380859375 0.6494140625 0.015625 0.65234375
10 0.0673828125 0.6064453125 0.087890625 0.607421875 0.08984375 0.6376953125 0.0693359375 0.6396484375
10 0.58203125 0.130859375 0.607421875 0.125 0.6142578125 0.1640625 0.5908203125 0.16796875
10 0.5595703125 0.7841796875 0.5791015625 0.7802734375 0.5859375 0.8232421875 0.5673828125 0.826171875
10 0.5361328125 0.1298828125 0.556640625 0.126953125 0.5625 0.1650390625 0.544921875 0.169921875
10 0.513671875 0.1396484375 0.5380859375 0.1357421875 0.544921875 0.1787109375 0.5234375 0.18359375
10 0.4931640625 0.1435546875 0.5126953125 0.13671875 0.5205078125 0.17578125 0.501953125 0.1806640625
10 0.4736328125 0.1435546875 0.4921875 0.1376953125 0.4990234375 0.1806640625 0.4814453125 0.181640625
9 0.35546875 0.48046875 0.33203125 0.48046875 0.328125 0.404296875 0.353515625 0.40234375
9 0.4501953125 0.5634765625 0.4462890625 0.5810546875 0.375 0.5673828125 0.3779296875 0.5458984375
9 0.349609375 0.5400390625 0.3505859375 0.5634765625 0.28125 0.5732421875 0.2763671875 0.5537109375
9 0.34765625 0.2080078125 0.3662109375 0.2216796875 0.3369140625 0.2783203125 0.314453125 0.267578125
9 0.2783203125 0.216796875 0.2958984375 0.228515625 0.263671875 0.2861328125 0.2421875 0.27734375
9 0.208984375 0.23046875 0.2294921875 0.24609375 0.1904296875 0.3017578125 0.16796875 0.2900390625
10 0.23046875 0.8173828125 0.2353515625 0.833984375 0.1962890625 0.84375 0.1904296875 0.828125
10 0.2998046875 0.6904296875 0.3173828125 0.6904296875 0.3173828125 0.7265625 0.2998046875 0.7265625
10 0.318359375 0.6884765625 0.3330078125 0.6865234375 0.33984375 0.720703125 0.3251953125 0.7265625
10 0.3369140625 0.681640625 0.35546875 0.6767578125 0.3603515625 0.7158203125 0.3427734375 0.7216796875
10 0.5205078125 0.7841796875 0.541015625 0.78125 0.546875 0.8154296875 0.52734375 0.8193359375
10 0.4892578125 0.794921875 0.5048828125 0.79296875 0.5068359375 0.8271484375 0.4921875 0.830078125
10 0.4677734375 0.798828125 0.486328125 0.794921875 0.490234375 0.83203125 0.4736328125 0.8359375
10 0.4462890625 0.7998046875 0.4677734375 0.796875 0.4677734375 0.833984375 0.4482421875 0.8359375
10 0.412109375 0.8056640625 0.431640625 0.80078125 0.435546875 0.841796875 0.4140625 0.8427734375
10 0.3740234375 0.810546875 0.3955078125 0.8076171875 0.3974609375 0.8427734375 0.3798828125 0.845703125
10 0.576171875 0.7353515625 0.595703125 0.734375 0.5966796875 0.77734375 0.58203125 0.7802734375
10 0.5556640625 0.740234375 0.5732421875 0.736328125 0.578125 0.7783203125 0.5595703125 0.7841796875
10 0.5341796875 0.7470703125 0.552734375 0.744140625 0.55859375 0.779296875 0.541015625 0.7822265625
10 0.5 0.748046875 0.5205078125 0.74609375 0.5234375 0.7841796875 0.5048828125 0.7861328125
10 0.478515625 0.7431640625 0.4990234375 0.73828125 0.5048828125 0.78125 0.4873046875 0.78515625
10 0.45703125 0.7548828125 0.4775390625 0.75 0.484375 0.794921875 0.4658203125 0.796875
10 0.4267578125 0.7470703125 0.4443359375 0.74609375 0.4482421875 0.794921875 0.4296875 0.796875
10 0.330078125 0.7724609375 0.349609375 0.76953125 0.353515625 0.8115234375 0.333984375 0.814453125
10 0.310546875 0.77734375 0.3271484375 0.7744140625 0.3359375 0.8115234375 0.31640625 0.8173828125
10 0.4755859375 0.654296875 0.4951171875 0.6513671875 0.498046875 0.703125 0.48046875 0.7041015625
10 0.451171875 0.66796875 0.47265625 0.6650390625 0.478515625 0.70703125 0.458984375 0.7099609375
10 0.4140625 0.67578125 0.4326171875 0.6748046875 0.435546875 0.7109375 0.4169921875 0.7138671875
10 0.396484375 0.677734375 0.412109375 0.6767578125 0.416015625 0.7158203125 0.3994140625 0.7177734375
10 0.376953125 0.6806640625 0.39453125 0.677734375 0.396484375 0.716796875 0.380859375 0.7197265625
10 0.3583984375 0.67578125 0.373046875 0.67578125 0.376953125 0.71484375 0.361328125 0.7158203125
9 0.1728515625 0.236328125 0.19140625 0.2490234375 0.1533203125 0.3046875 0.1328125 0.2919921875
