0 2.849609375 2.39453125 2.646484375 2.2353515625 2.8251953125 2.009765625 3.0439453125 2.1748046875
0 2.626953125 2.2216796875 2.4375 2.0595703125 2.611328125 1.826171875 2.822265625 1.99609375
0 2.4140625 2.0537109375 2.2060546875 1.875 2.376953125 1.6513671875 2.59375 1.8232421875
0 2.1796875 1.8671875 1.9794921875 1.708984375 2.1513671875 1.474609375 2.3671875 1.6435546875
0 1.9658203125 1.693359375 1.75390625 1.5341796875 1.912109375 1.296875 2.134765625 1.453125
0 1.7333984375 1.521484375 1.5234375 1.3583984375 1.693359375 1.125 1.912109375 1.283203125
0 1.5009765625 1.3515625 1.296875 1.1806640625 1.474609375 0.951171875 1.6953125 1.1142578125
0 1.2783203125 1.16796875 1.076171875 1.0068359375 1.2392578125 0.7841796875 1.4638671875 0.939453125
0 1.0693359375 1.0029296875 0.8583984375 0.830078125 1.033203125 0.599609375 1.228515625 0.7578125
0 0.81640625 0.81640625 0.6220703125 0.6494140625 0.798828125 0.4208984375 1.015625 0.583984375
0 0.6259765625 0.634765625 0.400390625 0.4833984375 0.5546875 0.26171875 0.7724609375 0.408203125
0 0.375 0.4169921875 0.21484375 0.27734375 0.33984375 0.119140625 0.5068359375 0.2529296875
