0 1.0087890625 1.0693359375 0.9619140625 1.1123046875 0.88671875 1.03515625 0.94140625 0.990234375
0 1.189453125 1.08203125 1.142578125 1.126953125 1.068359375 1.0419921875 1.119140625 0.998046875
0 0.7080078125 0.2431640625 0.6494140625 0.2998046875 0.5712890625 0.2138671875 0.630859375 0.16015625
0 0.52734375 0.2275390625 0.466796875 0.28515625 0.390625 0.203125 0.4501953125 0.146484375
0 1.2392578125 0.2587890625 1.1845703125 0.314453125 1.1015625 0.2265625 1.1630859375 0.1748046875
0 1.59375 0.2626953125 1.5380859375 0.326171875 1.4541015625 0.2421875 1.513671875 0.1865234375
0 1.76953125 0.271484375 1.7158203125 0.3330078125 1.6328125 0.2529296875 1.689453125 0.193359375
0 1.9453125 0.279296875 1.8896484375 0.3388671875 1.8076171875 0.2548828125 1.869140625 0.1982421875
0 2.3271484375 0.291015625 2.25 0.37109375 2.1357421875 0.259765625 2.2177734375 0.1796875
0 0.625 0.521484375 0.666015625 0.5693359375 0.595703125 0.6376953125 0.5517578125 0.58984375
0 0.80078125 0.525390625 0.8466796875 0.5712890625 0.7734375 0.64453125 0.728515625 0.59765625
0 0.970703125 0.533203125 1.01953125 0.58203125 0.951171875 0.6533203125 0.90625 0.60546875
0 1.5234375 0.5380859375 1.5732421875 0.59375 1.4931640625 0.66796875 1.4443359375 0.6142578125
0 1.7060546875 0.5517578125 1.7490234375 0.607421875 1.666015625 0.681640625 1.625 0.625
0 2.234375 0.5478515625 2.30078125 0.6220703125 2.1982421875 0.728515625 2.125 0.6513671875
0 2.408203125 0.5595703125 2.4794921875 0.6328125 2.3798828125 0.7333984375 2.3125 0.6591796875
0 2.587890625 0.5625 2.66015625 0.634765625 2.5576171875 0.740234375 2.48828125 0.6611328125
0 2.7705078125 0.5732421875 2.8369140625 0.6494140625 2.7333984375 0.7490234375 2.6650390625 0.666015625
0 2.9404296875 0.583984375 3.0146484375 0.6552734375 2.9169921875 0.7578125 2.8447265625 0.677734375
0 2.4970703125 0.2939453125 2.431640625 0.365234375 2.3271484375 0.26953125 2.39453125 0.1923828125
0 2.8212890625 1.1484375 2.7431640625 1.2177734375 2.646484375 1.111328125 2.72265625 1.03515625
0 2.4697265625 1.1328125 2.392578125 1.2099609375 2.291015625 1.09765625 2.3671875 1.0234375
0 2.2900390625 1.1220703125 2.20703125 1.1953125 2.1103515625 1.08984375 2.189453125 1.0166015625
0 1.888671875 1.0947265625 1.837890625 1.146484375 1.7568359375 1.056640625 1.8125 1.0087890625
0 1.7333984375 1.1083984375 1.6796875 1.1640625 1.5986328125 1.083984375 1.6572265625 1.02734375
0 1.5576171875 1.103515625 1.5 1.1591796875 1.42578125 1.0751953125 1.48046875 1.0205078125
0 1.380859375 1.0947265625 1.3203125 1.15625 1.24609375 1.0673828125 1.3056640625 1.013671875
0 0.8828125 0.244140625 0.826171875 0.306640625 0.7470703125 0.2236328125 0.806640625 0.166015625
