0 0.689453125 1.0576171875 0.64453125 1.068359375 0.63671875 1.029296875 0.6806640625 1.017578125
0 1.19140625 0.634765625 1.1494140625 0.64453125 1.1435546875 0.609375 1.185546875 0.6005859375
0 1.302734375 0.609375 1.2607421875 0.6201171875 1.2529296875 0.5888671875 1.294921875 0.578125
0 1.271484375 0.544921875 1.314453125 0.5341796875 1.3212890625 0.568359375 1.2802734375 0.578125
0 1.2158203125 0.556640625 1.259765625 0.548828125 1.265625 0.5830078125 1.2216796875 0.5888671875
0 1.162109375 0.5703125 1.203125 0.5595703125 1.2109375 0.5927734375 1.169921875 0.6044921875
0 1.1064453125 0.58203125 1.1513671875 0.5712890625 1.158203125 0.6044921875 1.11328125 0.6142578125
0 1.06640625 0.42578125 1.1142578125 0.4140625 1.119140625 0.4482421875 1.072265625 0.458984375
0 1.1533203125 0.474609375 1.1103515625 0.4853515625 1.1044921875 0.453125 1.1474609375 0.443359375
0 1.3232421875 0.4375 1.28125 0.447265625 1.2734375 0.416015625 1.31640625 0.40625
0 1.18359375 0.3984375 1.224609375 0.3896484375 1.228515625 0.419921875 1.1884765625 0.427734375
0 1.29296875 0.373046875 1.33203125 0.3603515625 1.341796875 0.3896484375 1.302734375 0.4033203125
0 1.2763671875 0.2802734375 1.236328125 0.2900390625 1.2294921875 0.2607421875 1.2685546875 0.2490234375
0 1.21875 0.2919921875 1.1806640625 0.3017578125 1.173828125 0.2744140625 1.2119140625 0.2646484375
0 1.1630859375 0.310546875 1.1259765625 0.318359375 1.119140625 0.2890625 1.15625 0.2802734375
0 1.0546875 0.33203125 1.009765625 0.3408203125 1.00390625 0.30859375 1.048828125 0.298828125
11 0.7529296875 0.2900390625 0.7490234375 0.2431640625 0.8037109375 0.2373046875 0.8095703125 0.2841796875
0 0.3603515625 0.60546875 0.318359375 0.6142578125 0.3134765625 0.58203125 0.3544921875 0.572265625
0 0.603515625 0.5498046875 0.537109375 0.5673828125 0.5263671875 0.517578125 0.5888671875 0.5009765625
0 1.24609375 0.6201171875 1.203125 0.6318359375 1.1953125 0.5966796875 1.2373046875 0.5869140625
0 1.4130859375 0.5830078125 1.3740234375 0.591796875 1.3662109375 0.55859375 1.4072265625 0.548828125
0 0.80078125 1.03125 0.7607421875 1.0390625 0.75390625 1.005859375 0.79296875 0.9970703125
0 1.4716796875 0.5703125 1.4287109375 0.5810546875 1.419921875 0.548828125 1.462890625 0.537109375
0 1.0830078125 0.96875 1.0400390625 0.9765625 1.03515625 0.947265625 1.076171875 0.9384765625
0 1.2314453125 0.888671875 1.2744140625 0.876953125 1.28125 0.9111328125 1.2373046875 0.921875
0 1.4365234375 0.4130859375 1.3916015625 0.419921875 1.38671875 0.38671875 1.4306640625 0.37890625
0 1.5478515625 0.3857421875 1.50390625 0.3974609375 1.4951171875 0.3642578125 1.5390625 0.3515625
0 1.462890625 0.3310546875 1.50390625 0.322265625 1.51171875 0.3525390625 1.46875 0.361328125
0 1.5537109375 0.2177734375 1.517578125 0.2265625 1.5107421875 0.1943359375 1.5458984375 0.185546875
0 1.501953125 0.228515625 1.458984375 0.23828125 1.4501953125 0.2060546875 1.49609375 0.1943359375
0 1.2265625 0.7900390625 1.1826171875 0.8017578125 1.1728515625 0.7685546875 1.2177734375 0.7568359375
0 1.197265625 0.7275390625 1.2421875 0.7158203125 1.248046875 0.75 1.203125 0.759765625
0 1.3388671875 0.7685546875 1.2939453125 0.7783203125 1.2890625 0.7451171875 1.333984375 0.736328125
0 1.3076171875 0.7021484375 1.3525390625 0.6923828125 1.3583984375 0.7265625 1.3134765625 0.7373046875
0 1.39453125 0.7548828125 1.357421875 0.7646484375 1.349609375 0.7294921875 1.38671875 0.7197265625
0 1.4501953125 0.7421875 1.4091796875 0.7509765625 1.404296875 0.72265625 1.4443359375 0.7138671875
0 1.4189453125 0.6787109375 1.4638671875 0.66796875 1.470703125 0.7021484375 1.42578125 0.7109375
0 1.478515625 0.6669921875 1.5205078125 0.65234375 1.5302734375 0.6865234375 1.4873046875 0.6982421875
0 1.4951171875 0.4931640625 1.5390625 0.482421875 1.5478515625 0.517578125 1.50390625 0.52734375
0 1.4404296875 0.505859375 1.48828125 0.4951171875 1.4970703125 0.529296875 1.4482421875 0.5400390625
0 0.439453125 0.5791015625 0.3955078125 0.591796875 0.3876953125 0.560546875 0.4306640625 0.5478515625
