10 0.029296875 1.333984375 0.048828125 1.328125 0.0576171875 1.3623046875 0.0380859375 1.3681640625
4 0.75 0.4794921875 0.822265625 0.435546875 0.916015625 0.5908203125 0.84375 0.634765625
10 0.9521484375 1.3203125 0.9580078125 1.3369140625 0.9248046875 1.349609375 0.91796875 1.333984375
10 0.119140625 1.3505859375 0.103515625 1.35546875 0.0947265625 1.3193359375 0.111328125 1.3154296875
4 0.36328125 0.75390625 0.4345703125 0.7080078125 0.5283203125 0.8642578125 0.4541015625 0.9111328125
4 0.45703125 0.697265625 0.52734375 0.65234375 0.6220703125 0.80859375 0.5498046875 0.8544921875
4 0.40234375 0.298828125 0.474609375 0.255859375 0.5625 0.4111328125 0.4892578125 0.4560546875
4 0.5703125 0.197265625 0.6435546875 0.15234375 0.734375 0.3095703125 0.6640625 0.3525390625
4 0.6552734375 0.5341796875 0.728515625 0.490234375 0.8212890625 0.6474609375 0.7470703125 0.69140625
4 0.845703125 0.421875 0.91796875 0.3779296875 1.0107421875 0.5341796875 0.939453125 0.578125
10 1.0498046875 0.62109375 1.0654296875 0.6103515625 1.0830078125 0.642578125 1.06640625 0.6533203125
4 0.9404296875 0.3642578125 1.013671875 0.3212890625 1.107421875 0.4775390625 1.0341796875 0.5205078125
4 0.87109375 0.775390625 0.9453125 0.73046875 1.0361328125 0.88671875 0.962890625 0.9306640625
4 0.771484375 0.8330078125 0.84375 0.7890625 0.9375 0.9453125 0.8642578125 0.9892578125
4 0.673828125 0.8916015625 0.7451171875 0.8486328125 0.8369140625 1.0029296875 0.7646484375 1.0478515625
4 0.57421875 0.951171875 0.646484375 0.90625 0.7392578125 1.064453125 0.6669921875 1.1083984375
4 0.4697265625 1.013671875 0.5419921875 0.9677734375 0.63671875 1.125 0.5634765625 1.1689453125
4 0.365234375 1.0751953125 0.4365234375 1.033203125 0.529296875 1.1875 0.458984375 1.2314453125
10 1.03125 0.6318359375 1.048828125 0.62109375 1.068359375 0.654296875 1.0498046875 0.6630859375
10 1.1064453125 0.5908203125 1.1220703125 0.580078125 1.1396484375 0.6103515625 1.1240234375 0.6201171875
10 1.134765625 0.84375 1.150390625 0.83203125 1.16796875 0.86328125 1.154296875 0.87109375
10 1.0849609375 0.59765625 1.1005859375 0.5888671875 1.1201171875 0.6240234375 1.1064453125 0.630859375
10 1.16796875 0.8125 1.1865234375 0.8037109375 1.203125 0.8349609375 1.189453125 0.8466796875
10 1.0830078125 0.7587890625 1.1005859375 0.748046875 1.12109375 0.783203125 1.1044921875 0.7919921875
10 1.078125 0.7060546875 1.09375 0.6953125 1.1142578125 0.732421875 1.099609375 0.740234375
10 1.0947265625 0.6943359375 1.11328125 0.685546875 1.134765625 0.7216796875 1.119140625 0.7314453125
10 1.1376953125 0.7275390625 1.1552734375 0.7177734375 1.1748046875 0.75 1.1572265625 0.759765625
10 1.1923828125 0.6982421875 1.208984375 0.6884765625 1.228515625 0.7216796875 1.2119140625 0.7314453125
10 1.1708984375 0.66015625 1.1865234375 0.6494140625 1.2060546875 0.6845703125 1.1923828125 0.693359375
10 1.0703125 0.611328125 1.0849609375 0.6025390625 1.1044921875 0.6328125 1.08984375 0.642578125
10 1.126953125 0.580078125 1.1416015625 0.572265625 1.162109375 0.6044921875 1.1455078125 0.6142578125
10 0.978515625 0.6572265625 0.994140625 0.6474609375 1.0146484375 0.681640625 1.0 0.6904296875
10 0.998046875 0.6484375 1.0107421875 0.6396484375 1.033203125 0.673828125 1.0185546875 0.6806640625
10 1.208984375 0.7314453125 1.19140625 0.7412109375 1.1728515625 0.7080078125 1.1904296875 0.697265625
10 1.080078125 0.7578125 1.0625 0.767578125 1.0400390625 0.7314453125 1.060546875 0.720703125
10 1.16796875 0.7021484375 1.1533203125 0.712890625 1.1357421875 0.6806640625 1.150390625 0.6708984375
10 1.15625 0.763671875 1.1435546875 0.771484375 1.123046875 0.73828125 1.1376953125 0.728515625
10 1.1376953125 0.7705078125 1.1220703125 0.7802734375 1.099609375 0.7451171875 1.1171875 0.734375
4 0.26953125 0.8095703125 0.3408203125 0.767578125 0.43359375 0.921875 0.3603515625 0.9658203125
