0 1.0205078125 0.7216796875 0.9951171875 0.6884765625 1.015625 0.6708984375 1.041015625 0.7041015625
0 1.0234375 1.607421875 1.01171875 1.5673828125 1.03515625 1.560546875 1.048828125 1.6005859375
0 0.990234375 0.978515625 1.0185546875 1.0078125 1.0009765625 1.02734375 0.9716796875 0.998046875
0 0.9951171875 1.0615234375 0.96875 1.0322265625 0.984375 1.015625 1.0107421875 1.04296875
0 0.8818359375 1.0654296875 0.904296875 1.0888671875 0.8857421875 1.10546875 0.8642578125 1.08203125
0 0.916015625 1.095703125 0.94140625 1.1240234375 0.91796875 1.14453125 0.892578125 1.1181640625
0 0.9482421875 1.1357421875 0.974609375 1.1611328125 0.9541015625 1.181640625 0.927734375 1.154296875
0 1.0166015625 1.20703125 1.044921875 1.236328125 1.0244140625 1.2578125 0.994140625 1.2275390625
0 0.9169921875 1.4560546875 0.880859375 1.46875 0.873046875 1.443359375 0.91015625 1.431640625
0 0.83984375 1.4404296875 0.8720703125 1.4306640625 0.8779296875 1.453125 0.84765625 1.4638671875
0 0.8857421875 1.57421875 0.8486328125 1.5869140625 0.8388671875 1.560546875 0.8779296875 1.546875
0 0.8310546875 1.591796875 0.7919921875 1.603515625 0.78515625 1.5732421875 0.82421875 1.5634765625
0 1.0341796875 1.6396484375 1.025390625 1.611328125 1.0458984375 1.6064453125 1.0556640625 1.634765625
0 1.0595703125 0.7568359375 1.033203125 0.7275390625 1.05078125 0.7080078125 1.080078125 0.7353515625
0 1.046875 1.6826171875 1.0380859375 1.6474609375 1.0595703125 1.6416015625 1.0693359375 1.6787109375
0 1.064453125 1.72265625 1.0498046875 1.6884765625 1.0732421875 1.6796875 1.0869140625 1.712890625
0 0.9345703125 1.7177734375 0.9453125 1.7568359375 0.9189453125 1.7646484375 0.9072265625 1.7255859375
0 0.802734375 1.74609375 0.7919921875 1.705078125 0.8212890625 1.6962890625 0.83203125 1.7373046875
0 0.818359375 1.7900390625 0.8046875 1.7509765625 0.8330078125 1.7392578125 0.84765625 1.779296875
0 0.8291015625 1.8291015625 0.8212890625 1.7900390625 0.84765625 1.7841796875 0.8564453125 1.8232421875
0 0.8427734375 1.875 0.8330078125 1.8349609375 0.8564453125 1.8271484375 0.8681640625 1.865234375
0 0.9970703125 1.8759765625 1.03515625 1.8623046875 1.0439453125 1.8916015625 1.0068359375 1.9052734375
0 1.0546875 1.904296875 1.04296875 1.8623046875 1.0712890625 1.853515625 1.083984375 1.896484375
0 0.7919921875 1.873046875 0.802734375 1.9091796875 0.7685546875 1.919921875 0.7578125 1.8837890625
0 0.958984375 1.0244140625 0.9326171875 0.99609375 0.94921875 0.9775390625 0.9765625 1.0078125
0 0.048828125 0.8271484375 0.0556640625 0.85546875 0.033203125 0.8623046875 0.025390625 0.833984375
0 0.05859375 0.822265625 0.02734375 0.828125 0.0234375 0.80078125 0.0556640625 0.794921875
0 0.060546875 0.7880859375 0.01953125 0.7998046875 0.013671875 0.7734375 0.0537109375 0.7607421875
0 0.4375 0.390625 0.46484375 0.41796875 0.4482421875 0.435546875 0.4208984375 0.41015625
0 0.49609375 0.453125 0.5244140625 0.484375 0.5048828125 0.501953125 0.4765625 0.4736328125
0 0.560546875 0.517578125 0.583984375 0.55078125 0.55859375 0.5703125 0.533203125 0.5361328125
0 0.431640625 0.74609375 0.4208984375 0.7060546875 0.4443359375 0.69921875 0.45703125 0.740234375
0 0.6083984375 0.826171875 0.6328125 0.857421875 0.61328125 0.87109375 0.5888671875 0.8427734375
0 0.513671875 0.978515625 0.552734375 0.9677734375 0.55859375 0.994140625 0.521484375 1.0048828125
0 0.4677734375 0.9736328125 0.5087890625 0.9677734375 0.5126953125 0.9970703125 0.4716796875 1.0029296875
0 0.4208984375 0.9873046875 0.458984375 0.9755859375 0.466796875 1.00390625 0.4287109375 1.015625
0 0.3779296875 1.0078125 0.4130859375 0.9912109375 0.4248046875 1.017578125 0.38671875 1.033203125
0 0.337890625 1.0126953125 0.3759765625 1.0 0.384765625 1.033203125 0.345703125 1.044921875
0 0.29296875 1.029296875 0.3310546875 1.017578125 0.3369140625 1.044921875 0.2998046875 1.056640625
0 0.8134765625 0.98828125 0.8408203125 1.0166015625 0.822265625 1.0361328125 0.7939453125 1.0078125
0 0.748046875 0.9140625 0.7734375 0.94140625 0.7568359375 0.958984375 0.7294921875 0.9326171875
0 0.8203125 0.796875 0.849609375 0.822265625 0.8330078125 0.8427734375 0.8037109375 0.81640625
0 0.8564453125 0.83203125 0.8828125 0.861328125 0.8642578125 0.8779296875 0.8388671875 0.8505859375
0 0.888671875 0.8681640625 0.9150390625 0.8994140625 0.8974609375 0.916015625 0.869140625 0.884765625
0 0.923828125 0.90234375 0.94921875 0.93359375 0.9306640625 0.951171875 0.9033203125 0.921875
0 0.923828125 0.98828125 0.8984375 0.9609375 0.9169921875 0.943359375 0.943359375 0.9716796875
0 0.84765625 1.0244140625 0.873046875 1.05078125 0.8525390625 1.0703125 0.828125 1.0439453125
0 0.091796875 0.78125 0.1298828125 0.767578125 0.140625 0.8017578125 0.1025390625 0.814453125
0 0.0888671875 0.806640625 0.052734375 0.8212890625 0.0439453125 0.7958984375 0.080078125 0.78125
0 0.7724609375 1.8310546875 0.783203125 1.87109375 0.759765625 1.87890625 0.7470703125 1.83984375
0 0.7626953125 1.7900390625 0.7734375 1.8271484375 0.7451171875 1.8349609375 0.736328125 1.7998046875
0 0.75 1.75 0.759765625 1.7822265625 0.7353515625 1.791015625 0.7255859375 1.7578125
0 0.7001953125 1.3681640625 0.736328125 1.3564453125 0.7470703125 1.3857421875 0.708984375 1.396484375
0 0.7041015625 0.3349609375 0.736328125 0.37109375 0.71875 0.3876953125 0.6875 0.353515625
0 0.65625 0.2841796875 0.6962890625 0.3291015625 0.6767578125 0.3525390625 0.63671875 0.30859375
0 0.6103515625 0.232421875 0.6474609375 0.2783203125 0.625 0.2978515625 0.587890625 0.2548828125
0 0.787109375 0.677734375 0.7626953125 0.6611328125 0.7734375 0.6435546875 0.796875 0.658203125
0 0.9033203125 0.775390625 0.876953125 0.7421875 0.904296875 0.716796875 0.93359375 0.7490234375
0 0.943359375 0.8056640625 0.91796875 0.77734375 0.9384765625 0.7578125 0.962890625 0.7861328125
0 0.9716796875 0.857421875 0.9404296875 0.814453125 0.9677734375 0.7890625 1.0009765625 0.830078125
0 1.0048828125 0.873046875 0.9873046875 0.8525390625 1.0029296875 0.837890625 1.021484375 0.8583984375
0 1.0791015625 0.9521484375 1.052734375 0.921875 1.0712890625 0.90234375 1.099609375 0.931640625
0 1.111328125 0.984375 1.08984375 0.958984375 1.1064453125 0.943359375 1.126953125 0.9677734375
0 1.1484375 1.025390625 1.1201171875 0.99609375 1.134765625 0.978515625 1.1640625 1.0078125
0 1.0263671875 1.0166015625 1.048828125 1.0439453125 1.02734375 1.0625 1.005859375 1.03515625
0 1.05859375 1.05078125 1.0859375 1.078125 1.068359375 1.09765625 1.0419921875 1.072265625
0 1.0947265625 1.1728515625 1.068359375 1.1416015625 1.0869140625 1.123046875 1.1142578125 1.1533203125
0 1.1240234375 1.125 1.1513671875 1.15625 1.1328125 1.1748046875 1.10546875 1.14453125
0 1.275390625 0.9931640625 1.2470703125 0.9609375 1.265625 0.9423828125 1.294921875 0.9716796875
0 1.23828125 0.955078125 1.208984375 0.9228515625 1.2265625 0.904296875 1.2568359375 0.9345703125
0 1.203125 0.9150390625 1.1728515625 0.88671875 1.19140625 0.8662109375 1.22265625 0.8935546875
0 1.1650390625 0.875 1.1396484375 0.84765625 1.158203125 0.830078125 1.181640625 0.8583984375
0 1.1259765625 0.8427734375 1.09765625 0.810546875 1.12109375 0.7890625 1.1484375 0.8212890625
0 1.0966796875 0.7958984375 1.06640625 0.7666015625 1.0849609375 0.74609375 1.115234375 0.775390625
0 0.8486328125 0.48828125 0.8837890625 0.5322265625 0.8603515625 0.5517578125 0.8271484375 0.5078125
0 0.654296875 1.380859375 0.6943359375 1.3671875 0.7041015625 1.3974609375 0.6640625 1.4091796875
0 0.7392578125 1.7060546875 0.7470703125 1.7470703125 0.7197265625 1.751953125 0.7119140625 1.7099609375
0 0.6748046875 0.6533203125 0.6982421875 0.6787109375 0.6806640625 0.697265625 0.6572265625 0.671875
0 0.7060546875 1.6162109375 0.7197265625 1.65625 0.6953125 1.66796875 0.6806640625 1.62890625
0 0.6767578125 1.541015625 0.6435546875 1.5478515625 0.6396484375 1.51953125 0.6728515625 1.5126953125
0 0.65625 1.48828125 0.6953125 1.4765625 0.703125 1.5078125 0.6630859375 1.51953125
0 0.615234375 1.5576171875 0.58984375 1.5673828125 0.5830078125 1.5458984375 0.6083984375 1.5361328125
0 0.537109375 1.517578125 0.57421875 1.505859375 0.580078125 1.53125 0.54296875 1.54296875
0 0.5634765625 1.5751953125 0.5244140625 1.5888671875 0.5185546875 1.5615234375 0.5546875 1.5498046875
0 0.4814453125 1.5302734375 0.5107421875 1.5234375 0.5166015625 1.55078125 0.484375 1.5576171875
0 0.4970703125 1.59375 0.4736328125 1.603515625 0.4658203125 1.58203125 0.490234375 1.57421875
0 0.4931640625 1.7724609375 0.48046875 1.73046875 0.5078125 1.720703125 0.5234375 1.76171875
0 0.5078125 1.8134765625 0.4970703125 1.7724609375 0.5234375 1.765625 0.53515625 1.8056640625
0 0.521484375 1.857421875 0.5078125 1.8173828125 0.5341796875 1.8095703125 0.5458984375 1.8505859375
0 0.4697265625 1.8525390625 0.48046875 1.892578125 0.453125 1.9013671875 0.44140625 1.86328125
0 0.48046875 1.8955078125 0.4921875 1.9345703125 0.466796875 1.9443359375 0.455078125 1.904296875
0 0.45703125 1.8125 0.4677734375 1.849609375 0.439453125 1.859375 0.4296875 1.8212890625
0 0.404296875 1.841796875 0.3984375 1.802734375 0.423828125 1.798828125 0.4306640625 1.837890625
0 0.5576171875 1.9814453125 0.546875 1.94140625 0.572265625 1.9345703125 0.5849609375 1.9755859375
0 0.505859375 1.9814453125 0.517578125 2.0205078125 0.4912109375 2.029296875 0.4794921875 1.990234375
0 0.4052734375 1.7109375 0.4306640625 1.7412109375 0.4130859375 1.759765625 0.3876953125 1.73046875
0 1.033203125 1.9541015625 1.0361328125 1.9169921875 1.060546875 1.919921875 1.0576171875 1.95703125
0 1.0849609375 1.947265625 1.07421875 1.912109375 1.09765625 1.9033203125 1.109375 1.9404296875
0 0.634765625 0.7138671875 0.6123046875 0.68359375 0.6298828125 0.6689453125 0.65234375 0.6962890625
0 0.47265625 0.1455078125 0.4443359375 0.17578125 0.421875 0.1513671875 0.451171875 0.1220703125
