0 0.9384765625 0.4287109375 0.9755859375 0.408203125 0.990234375 0.4404296875 0.955078125 0.458984375
0 0.833984375 1.30859375 0.8408203125 1.2265625 0.9248046875 1.2333984375 0.9189453125 1.3125
0 0.640625 1.046875 0.5810546875 1.0810546875 0.55078125 1.0166015625 0.6083984375 0.986328125
0 0.720703125 0.7939453125 0.6689453125 0.8212890625 0.6484375 0.7822265625 0.7001953125 0.7548828125
0 0.6767578125 0.8603515625 0.6181640625 0.8916015625 0.5908203125 0.8349609375 0.6484375 0.8037109375
0 0.5126953125 0.93359375 0.45703125 0.9697265625 0.4375 0.93359375 0.494140625 0.8994140625
0 0.435546875 0.80859375 0.3974609375 0.8310546875 0.3818359375 0.80078125 0.4208984375 0.7783203125
0 0.4873046875 0.78125 0.453125 0.802734375 0.4345703125 0.7705078125 0.4697265625 0.748046875
0 0.5380859375 0.751953125 0.505859375 0.7666015625 0.494140625 0.7431640625 0.52734375 0.7255859375
0 0.595703125 0.720703125 0.5546875 0.7451171875 0.541015625 0.71875 0.5810546875 0.6943359375
0 0.4970703125 0.69921875 0.53515625 0.6748046875 0.55078125 0.7041015625 0.513671875 0.728515625
0 0.4453125 0.728515625 0.4853515625 0.70703125 0.5 0.7392578125 0.4619140625 0.7587890625
0 0.39453125 0.75390625 0.4326171875 0.732421875 0.4462890625 0.763671875 0.4091796875 0.7822265625
0 0.3408203125 0.787109375 0.3798828125 0.7646484375 0.39453125 0.791015625 0.35546875 0.8134765625
0 0.3291015625 0.6806640625 0.291015625 0.7001953125 0.2763671875 0.6708984375 0.314453125 0.6494140625
0 0.35546875 0.5625 0.408203125 0.5380859375 0.4345703125 0.59375 0.3828125 0.619140625
11 0.1591796875 0.4765625 0.201171875 0.4609375 0.2197265625 0.51171875 0.1796875 0.5283203125
0 0.7900390625 1.1318359375 0.720703125 1.1728515625 0.67578125 1.09375 0.744140625 1.056640625
0 1.2392578125 1.115234375 1.2373046875 1.1640625 1.2080078125 1.162109375 1.208984375 1.11328125
0 0.75390625 0.4091796875 0.732421875 0.3671875 0.7568359375 0.3515625 0.78125 0.39453125
0 1.2373046875 1.173828125 1.236328125 1.21875 1.20703125 1.21875 1.20703125 1.1728515625
0 0.6025390625 0.5458984375 0.5810546875 0.505859375 0.609375 0.490234375 0.630859375 0.5302734375
0 0.5830078125 0.5029296875 0.5615234375 0.4638671875 0.5888671875 0.44921875 0.609375 0.48828125
0 0.6162109375 0.4130859375 0.6337890625 0.453125 0.6015625 0.4658203125 0.5849609375 0.4248046875
0 0.466796875 0.40234375 0.525390625 0.3759765625 0.546875 0.4287109375 0.486328125 0.4541015625
11 0.1494140625 0.037109375 0.126953125 0.0810546875 0.076171875 0.0458984375 0.1044921875 0.0048828125
0 1.4892578125 1.3125 1.4873046875 1.271484375 1.5166015625 1.2705078125 1.51953125 1.310546875
0 1.490234375 1.25 1.4912109375 1.212890625 1.51953125 1.2138671875 1.51953125 1.2509765625
0 1.4921875 1.1923828125 1.4912109375 1.1484375 1.5224609375 1.1474609375 1.5234375 1.193359375
0 1.5107421875 0.919921875 1.5380859375 0.9482421875 1.5185546875 0.9716796875 1.490234375 0.9423828125
0 1.4951171875 0.939453125 1.4609375 0.9619140625 1.443359375 0.9345703125 1.4794921875 0.9111328125
0 1.453125 0.982421875 1.4208984375 1.0166015625 1.4013671875 0.994140625 1.431640625 0.9638671875
0 1.3994140625 1.0888671875 1.3974609375 1.1337890625 1.3681640625 1.1318359375 1.369140625 1.0859375
0 1.396484375 1.1484375 1.3974609375 1.1904296875 1.3623046875 1.189453125 1.36328125 1.1474609375
0 1.328125 1.158203125 1.330078125 1.1142578125 1.3623046875 1.1162109375 1.3603515625 1.162109375
0 1.3232421875 1.28515625 1.3232421875 1.2353515625 1.3564453125 1.2353515625 1.35546875 1.2861328125
0 0.2158203125 0.423828125 0.326171875 0.3701171875 0.3798828125 0.486328125 0.26953125 0.5380859375
