4 0.5458984375 1.228515625 0.5908203125 1.2236328125 0.5947265625 1.3154296875 0.5517578125 1.3203125
4 0.1396484375 1.1826171875 0.2060546875 1.2490234375 0.1767578125 1.2802734375 0.109375 1.2138671875
4 1.07421875 0.21875 1.1162109375 0.2158203125 1.119140625 0.3076171875 1.076171875 0.310546875
4 1.1318359375 0.2138671875 1.1748046875 0.2138671875 1.177734375 0.3056640625 1.134765625 0.30859375
4 1.1904296875 0.212890625 1.2333984375 0.2099609375 1.2373046875 0.3037109375 1.193359375 0.3037109375
4 1.078125 0.3583984375 1.1220703125 0.3564453125 1.1259765625 0.44921875 1.0810546875 0.451171875
4 1.1376953125 0.35546875 1.1796875 0.3544921875 1.1845703125 0.447265625 1.140625 0.4482421875
4 1.1953125 0.353515625 1.2392578125 0.3515625 1.2431640625 0.4453125 1.19921875 0.4462890625
4 1.083984375 0.4990234375 1.126953125 0.498046875 1.1318359375 0.5908203125 1.087890625 0.5927734375
4 1.142578125 0.4970703125 1.1865234375 0.49609375 1.1904296875 0.5888671875 1.146484375 0.5888671875
4 1.201171875 0.4951171875 1.2451171875 0.4931640625 1.25 0.5859375 1.2060546875 0.5869140625
5 1.056640625 0.6806640625 1.1435546875 0.6787109375 1.146484375 0.724609375 1.05859375 0.7255859375
4 1.1708984375 1.080078125 1.2158203125 1.078125 1.220703125 1.169921875 1.1748046875 1.1728515625
4 0.1552734375 1.16796875 0.185546875 1.1376953125 0.2509765625 1.203125 0.220703125 1.234375
4 0.658203125 0.62890625 0.7021484375 0.62890625 0.7021484375 0.720703125 0.658203125 0.7216796875
4 0.23046875 1.0908203125 0.296875 1.1572265625 0.267578125 1.1884765625 0.19921875 1.1220703125
4 0.2763671875 1.0458984375 0.34375 1.111328125 0.3125 1.142578125 0.24609375 1.0771484375
4 0.3046875 1.0185546875 0.3359375 0.986328125 0.4013671875 1.052734375 0.3701171875 1.083984375
4 0.3798828125 0.94140625 0.4462890625 1.0068359375 0.416015625 1.0390625 0.349609375 0.97265625
4 0.423828125 0.8974609375 0.490234375 0.962890625 0.458984375 0.994140625 0.3935546875 0.9287109375
4 0.509765625 0.76953125 0.552734375 0.76953125 0.5537109375 0.8623046875 0.5087890625 0.8623046875
4 0.5712890625 0.7705078125 0.615234375 0.76953125 0.6142578125 0.8623046875 0.5712890625 0.8623046875
4 0.6328125 0.7705078125 0.6767578125 0.76953125 0.6767578125 0.8623046875 0.6318359375 0.861328125
14 0.7529296875 0.75390625 0.779296875 0.783203125 0.724609375 0.8408203125 0.6953125 0.8154296875
4 0.7783203125 0.6279296875 0.8232421875 0.6279296875 0.8232421875 0.720703125 0.779296875 0.720703125
4 0.71875 0.62890625 0.76171875 0.62890625 0.7626953125 0.720703125 0.71875 0.7216796875
14 1.103515625 1.0986328125 1.123046875 1.078125 1.1572265625 1.1171875 1.13671875 1.13671875
