10 0.1455078125 1.126953125 0.1494140625 1.111328125 0.1845703125 1.1240234375 0.1806640625 1.13671875
10 0.13671875 1.1513671875 0.140625 1.1357421875 0.1728515625 1.140625 0.169921875 1.15625
4 0.4267578125 1.1298828125 0.515625 1.1279296875 0.51953125 1.3154296875 0.43359375 1.318359375
4 0.544921875 1.126953125 0.6337890625 1.123046875 0.6396484375 1.3115234375 0.5546875 1.3134765625
4 0.6650390625 1.123046875 0.75390625 1.119140625 0.7607421875 1.3095703125 0.671875 1.310546875
4 0.4248046875 0.755859375 0.513671875 0.7529296875 0.5224609375 0.9423828125 0.4326171875 0.9462890625
4 0.5703125 0.7529296875 0.6572265625 0.748046875 0.6650390625 0.9375 0.576171875 0.94140625
4 0.712890625 0.7490234375 0.80078125 0.744140625 0.8076171875 0.9345703125 0.7197265625 0.9365234375
4 0.9765625 0.7412109375 1.0654296875 0.7353515625 1.072265625 0.923828125 0.9833984375 0.9267578125
4 1.1201171875 0.7353515625 1.2109375 0.7314453125 1.21484375 0.9208984375 1.126953125 0.923828125
4 1.2646484375 0.7314453125 1.353515625 0.7294921875 1.359375 0.9169921875 1.271484375 0.919921875
4 1.4052734375 0.724609375 1.4990234375 0.72265625 1.501953125 0.9140625 1.4140625 0.916015625
4 1.20703125 1.1044921875 1.294921875 1.103515625 1.30078125 1.2900390625 1.2119140625 1.2939453125
4 1.349609375 1.1025390625 1.4375 1.09765625 1.4443359375 1.28515625 1.35546875 1.2890625
4 1.0625 1.1083984375 1.15234375 1.1064453125 1.158203125 1.294921875 1.0693359375 1.30078125
4 0.9208984375 1.11328125 1.009765625 1.111328125 1.015625 1.298828125 0.927734375 1.3037109375
4 1.2529296875 0.357421875 1.341796875 0.3544921875 1.3486328125 0.5439453125 1.2587890625 0.5478515625
4 1.1103515625 0.3623046875 1.19921875 0.361328125 1.205078125 0.5498046875 1.115234375 0.5517578125
4 0.96484375 0.3681640625 1.0546875 0.3642578125 1.060546875 0.552734375 0.97265625 0.5556640625
4 0.8154296875 0.37109375 0.9013671875 0.3701171875 0.908203125 0.556640625 0.818359375 0.560546875
4 0.6728515625 0.376953125 0.7607421875 0.3740234375 0.765625 0.560546875 0.6787109375 0.5634765625
10 0.28515625 1.134765625 0.2861328125 1.1533203125 0.25 1.15625 0.2490234375 1.138671875
10 0.287109375 1.2666015625 0.287109375 1.2861328125 0.25 1.28515625 0.25 1.2666015625
10 0.130859375 1.1728515625 0.1337890625 1.15625 0.1708984375 1.1640625 0.16796875 1.1806640625
10 0.2861328125 1.2421875 0.2890625 1.259765625 0.25 1.2626953125 0.248046875 1.2451171875
10 0.28515625 1.158203125 0.2861328125 1.17578125 0.24609375 1.177734375 0.24609375 1.16015625
10 0.2880859375 1.3720703125 0.2900390625 1.3916015625 0.2529296875 1.3935546875 0.2509765625 1.376953125
9 0.1376953125 1.3759765625 0.1376953125 1.35546875 0.1904296875 1.3515625 0.19140625 1.3740234375
10 0.134765625 1.2421875 0.1357421875 1.2255859375 0.1748046875 1.2255859375 0.1748046875 1.244140625
4 0.3046875 1.1357421875 0.39453125 1.1328125 0.400390625 1.318359375 0.3125 1.3232421875
