4 0.755859375 0.12109375 0.80078125 0.1162109375 0.810546875 0.2109375 0.7666015625 0.21484375
4 0.6884765625 0.44140625 0.7333984375 0.4375 0.744140625 0.533203125 0.69921875 0.5361328125
4 0.2900390625 0.21484375 0.3349609375 0.208984375 0.3447265625 0.3046875 0.2998046875 0.30859375
4 0.3623046875 0.20703125 0.40625 0.201171875 0.4169921875 0.2958984375 0.3720703125 0.30078125
4 0.2265625 0.3896484375 0.271484375 0.384765625 0.28125 0.478515625 0.2373046875 0.482421875
4 0.2998046875 0.3818359375 0.3447265625 0.376953125 0.353515625 0.4716796875 0.30859375 0.4765625
4 0.39453125 0.373046875 0.4384765625 0.3681640625 0.4482421875 0.462890625 0.404296875 0.466796875
4 0.19140625 0.830078125 0.24609375 0.8251953125 0.248046875 0.8505859375 0.1943359375 0.85546875
4 0.6044921875 0.451171875 0.6484375 0.4453125 0.658203125 0.5400390625 0.6142578125 0.544921875
4 0.6865234375 0.1279296875 0.73046875 0.123046875 0.7392578125 0.21875 0.6943359375 0.22265625
4 0.533203125 0.4580078125 0.5771484375 0.4541015625 0.5869140625 0.5478515625 0.5419921875 0.5517578125
4 0.5185546875 0.3134765625 0.5634765625 0.3095703125 0.5732421875 0.4033203125 0.5283203125 0.408203125
4 0.58984375 0.3056640625 0.634765625 0.3017578125 0.64453125 0.396484375 0.6005859375 0.400390625
4 0.67578125 0.298828125 0.71875 0.29296875 0.728515625 0.3876953125 0.6845703125 0.3916015625
4 0.529296875 0.142578125 0.57421875 0.1376953125 0.583984375 0.2333984375 0.5390625 0.23828125
4 0.6015625 0.1357421875 0.6474609375 0.1318359375 0.654296875 0.2265625 0.6123046875 0.23046875
14 0.322265625 0.03125 0.3681640625 0.046875 0.36328125 0.0634765625 0.31640625 0.0498046875
