14 0.03125 1.107421875 0.0771484375 1.087890625 0.083984375 1.1103515625 0.037109375 1.12890625
4 1.7275390625 0.6875 1.771484375 0.6708984375 1.802734375 0.7646484375 1.7587890625 0.779296875
4 1.6005859375 0.7314453125 1.64453125 0.7158203125 1.6767578125 0.80859375 1.6337890625 0.82421875
4 1.533203125 0.75390625 1.5771484375 0.73828125 1.609375 0.83203125 1.5654296875 0.84765625
4 1.4677734375 0.77734375 1.51171875 0.76171875 1.54296875 0.8544921875 1.5 0.869140625
4 1.40234375 0.7998046875 1.4462890625 0.7841796875 1.478515625 0.8759765625 1.4345703125 0.892578125
4 0.5087890625 0.5361328125 0.5458984375 0.5087890625 0.6025390625 0.5888671875 0.564453125 0.6171875
4 0.568359375 0.4921875 0.60546875 0.46484375 0.662109375 0.5458984375 0.625 0.572265625
4 0.6298828125 0.44921875 0.66796875 0.4228515625 0.724609375 0.5029296875 0.6865234375 0.529296875
4 0.7158203125 0.5712890625 0.7529296875 0.5439453125 0.810546875 0.6240234375 0.7734375 0.650390625
4 0.6552734375 0.615234375 0.69140625 0.5869140625 0.748046875 0.66796875 0.712890625 0.6953125
4 0.5947265625 0.658203125 0.630859375 0.6318359375 0.6875 0.7109375 0.650390625 0.73828125
4 0.3828125 0.80859375 0.4208984375 0.78125 0.4765625 0.8623046875 0.439453125 0.888671875
4 0.322265625 0.8515625 0.359375 0.8251953125 0.416015625 0.9052734375 0.37890625 0.931640625
4 0.259765625 0.896484375 0.2978515625 0.8681640625 0.35546875 0.9482421875 0.31640625 0.9765625
4 0.2958984375 0.6875 0.333984375 0.6591796875 0.390625 0.7392578125 0.353515625 0.765625
4 0.236328125 0.73046875 0.2734375 0.703125 0.330078125 0.783203125 0.2919921875 0.810546875
4 1.6640625 0.708984375 1.7060546875 0.6943359375 1.7373046875 0.787109375 1.6953125 0.8017578125
14 1.84765625 0.54296875 1.88671875 0.529296875 1.908203125 0.5908203125 1.8671875 0.603515625
14 0.1376953125 1.056640625 0.1650390625 1.0439453125 0.1865234375 1.0986328125 0.16015625 1.1083984375
4 1.73828125 0.400390625 1.78125 0.3818359375 1.8173828125 0.4736328125 1.7734375 0.490234375
4 1.41015625 0.220703125 1.4541015625 0.2041015625 1.4853515625 0.296875 1.4404296875 0.3125
4 1.3388671875 0.244140625 1.3828125 0.2275390625 1.4140625 0.3203125 1.37109375 0.3359375
4 1.255859375 0.271484375 1.298828125 0.255859375 1.3310546875 0.3486328125 1.287109375 0.36328125
4 1.1884765625 0.294921875 1.232421875 0.2783203125 1.2626953125 0.3720703125 1.21875 0.38671875
4 1.12109375 0.3173828125 1.1650390625 0.3017578125 1.1962890625 0.39453125 1.15234375 0.4111328125
4 1.2041015625 0.4677734375 1.248046875 0.451171875 1.2802734375 0.544921875 1.236328125 0.55859375
4 1.2685546875 0.4443359375 1.3115234375 0.4287109375 1.34375 0.521484375 1.2998046875 0.5380859375
4 1.3525390625 0.4169921875 1.39453125 0.400390625 1.42578125 0.4912109375 1.3837890625 0.5078125
4 1.4228515625 0.3916015625 1.4638671875 0.3759765625 1.498046875 0.46875 1.453125 0.484375
4 1.3037109375 0.63671875 1.3447265625 0.6171875 1.3837890625 0.70703125 1.33984375 0.7265625
4 1.37109375 0.6064453125 1.4130859375 0.587890625 1.4521484375 0.677734375 1.41015625 0.6962890625
4 1.451171875 0.572265625 1.4921875 0.5517578125 1.5322265625 0.6416015625 1.490234375 0.6611328125
4 1.5146484375 0.54296875 1.556640625 0.5244140625 1.595703125 0.6142578125 1.5537109375 0.6318359375
4 1.580078125 0.5146484375 1.62109375 0.49609375 1.66015625 0.5849609375 1.6171875 0.6044921875
4 1.669921875 0.42578125 1.712890625 0.4091796875 1.748046875 0.5009765625 1.705078125 0.517578125
4 0.173828125 0.775390625 0.2109375 0.7470703125 0.267578125 0.8271484375 0.23046875 0.853515625
