10 0.5126953125 0.3857421875 0.4951171875 0.3916015625 0.4873046875 0.357421875 0.50390625 0.353515625
10 0.478515625 0.2578125 0.4951171875 0.2548828125 0.501953125 0.2939453125 0.486328125 0.296875
10 0.1650390625 0.2724609375 0.1806640625 0.2685546875 0.1875 0.3046875 0.171875 0.30859375
10 0.0751953125 0.291015625 0.09375 0.2900390625 0.0947265625 0.328125 0.076171875 0.3291015625
10 0.150390625 0.3193359375 0.169921875 0.3154296875 0.173828125 0.3564453125 0.1552734375 0.359375
10 0.2333984375 0.255859375 0.2490234375 0.251953125 0.2578125 0.29296875 0.2421875 0.2978515625
10 0.3330078125 0.2861328125 0.349609375 0.28125 0.357421875 0.318359375 0.3408203125 0.322265625
10 0.263671875 0.30078125 0.2822265625 0.2958984375 0.2890625 0.337890625 0.2705078125 0.3408203125
10 0.26953125 0.154296875 0.2861328125 0.1513671875 0.29296875 0.19140625 0.2763671875 0.1953125
10 0.2451171875 0.1552734375 0.2646484375 0.150390625 0.26953125 0.1953125 0.2509765625 0.1982421875
10 0.2001953125 0.1630859375 0.216796875 0.16015625 0.2236328125 0.1943359375 0.2060546875 0.19921875
10 0.1748046875 0.1650390625 0.1904296875 0.162109375 0.1982421875 0.201171875 0.1845703125 0.2060546875
4 0.427734375 0.4755859375 0.51953125 0.45703125 0.560546875 0.65234375 0.466796875 0.6728515625
4 0.3046875 0.5009765625 0.3994140625 0.4794921875 0.439453125 0.6767578125 0.3466796875 0.6982421875
4 0.5478515625 0.4501953125 0.6396484375 0.431640625 0.6787109375 0.6279296875 0.5869140625 0.6484375
4 0.6669921875 0.42578125 0.7587890625 0.4072265625 0.7998046875 0.603515625 0.7080078125 0.623046875
4 0.787109375 0.4013671875 0.87890625 0.380859375 0.919921875 0.580078125 0.828125 0.5986328125
4 1.94921875 0.2021484375 2.0439453125 0.1806640625 2.0849609375 0.3779296875 1.9921875 0.3984375
4 1.830078125 0.2265625 1.923828125 0.20703125 1.9658203125 0.4033203125 1.873046875 0.4228515625
4 1.7109375 0.2529296875 1.802734375 0.2314453125 1.845703125 0.4287109375 1.751953125 0.4501953125
4 1.591796875 0.2783203125 1.6845703125 0.2578125 1.7255859375 0.453125 1.6328125 0.4755859375
4 1.3330078125 0.501953125 1.4443359375 0.48046875 1.455078125 0.5302734375 1.3447265625 0.5546875
4 1.3115234375 0.3935546875 1.4248046875 0.3701171875 1.4345703125 0.4208984375 1.3212890625 0.4453125
4 1.1220703125 0.333984375 1.21484375 0.3134765625 1.2548828125 0.5107421875 1.162109375 0.529296875
4 0.9931640625 0.3603515625 1.0859375 0.341796875 1.125 0.5361328125 1.0322265625 0.55859375
10 0.1728515625 0.3134765625 0.189453125 0.3095703125 0.1962890625 0.34375 0.1796875 0.34765625
10 0.5029296875 0.255859375 0.521484375 0.251953125 0.5302734375 0.291015625 0.5126953125 0.294921875
10 0.4248046875 0.412109375 0.408203125 0.416015625 0.3984375 0.376953125 0.4150390625 0.3740234375
10 0.32421875 0.2451171875 0.3427734375 0.2421875 0.349609375 0.275390625 0.3310546875 0.2783203125
10 0.3740234375 0.3798828125 0.3916015625 0.3759765625 0.396484375 0.41015625 0.3828125 0.4140625
10 0.1962890625 0.455078125 0.177734375 0.4580078125 0.1728515625 0.41796875 0.1904296875 0.4140625
10 0.1240234375 0.462890625 0.1083984375 0.466796875 0.103515625 0.431640625 0.119140625 0.4287109375
10 0.0771484375 0.462890625 0.060546875 0.4658203125 0.0546875 0.431640625 0.0712890625 0.427734375
10 0.2412109375 0.30078125 0.2587890625 0.2958984375 0.2646484375 0.3359375 0.2490234375 0.337890625
10 0.451171875 0.306640625 0.43359375 0.310546875 0.42578125 0.2724609375 0.4443359375 0.26953125
10 0.2177734375 0.3046875 0.236328125 0.30078125 0.24609375 0.33984375 0.2275390625 0.3427734375
10 0.208984375 0.2578125 0.2265625 0.251953125 0.236328125 0.2939453125 0.21875 0.2998046875
10 0.671875 0.3525390625 0.6513671875 0.357421875 0.642578125 0.31640625 0.662109375 0.3125
10 0.625 0.3662109375 0.6064453125 0.369140625 0.5947265625 0.3203125 0.61328125 0.31640625
10 0.4697265625 0.3984375 0.453125 0.40234375 0.443359375 0.3671875 0.4609375 0.3623046875
10 0.4482421875 0.4033203125 0.4306640625 0.40625 0.421875 0.369140625 0.439453125 0.365234375
10 0.3759765625 0.4189453125 0.359375 0.421875 0.3525390625 0.3828125 0.369140625 0.3798828125
10 0.35546875 0.4228515625 0.3359375 0.4267578125 0.3291015625 0.3857421875 0.34765625 0.3828125
10 0.33203125 0.4287109375 0.314453125 0.431640625 0.3046875 0.390625 0.3232421875 0.38671875
10 0.3095703125 0.4326171875 0.291015625 0.435546875 0.279296875 0.3955078125 0.2978515625 0.3916015625
10 0.265625 0.44140625 0.2451171875 0.4453125 0.2353515625 0.400390625 0.2548828125 0.3955078125
10 0.240234375 0.44140625 0.22265625 0.4453125 0.212890625 0.4033203125 0.2314453125 0.3994140625
10 0.21875 0.4521484375 0.2001953125 0.4560546875 0.193359375 0.416015625 0.2099609375 0.4130859375
10 0.150390625 0.4208984375 0.1669921875 0.4169921875 0.1728515625 0.45703125 0.15625 0.4580078125
10 0.150390625 0.4638671875 0.1318359375 0.4677734375 0.125 0.4267578125 0.1416015625 0.4228515625
10 0.0771484375 0.4287109375 0.095703125 0.423828125 0.1025390625 0.46484375 0.083984375 0.4677734375
10 0.3046875 0.2890625 0.28515625 0.29296875 0.27734375 0.248046875 0.2958984375 0.2451171875
4 0.185546875 0.525390625 0.279296875 0.5048828125 0.31640625 0.7021484375 0.224609375 0.724609375
