9 0.7021484375 0.8603515625 0.7236328125 0.8720703125 0.6962890625 0.9287109375 0.671875 0.91796875
9 0.857421875 0.7392578125 0.8388671875 0.7275390625 0.875 0.666015625 0.89453125 0.67578125
9 0.330078125 0.607421875 0.3134765625 0.5908203125 0.353515625 0.5400390625 0.37109375 0.556640625
9 0.47265625 0.697265625 0.494140625 0.708984375 0.4443359375 0.775390625 0.4248046875 0.763671875
9 0.625 0.8046875 0.642578125 0.8134765625 0.6025390625 0.8759765625 0.5830078125 0.86328125
9 0.5751953125 0.7646484375 0.5947265625 0.7802734375 0.5595703125 0.837890625 0.537109375 0.826171875
9 0.6630859375 0.8291015625 0.6826171875 0.841796875 0.6435546875 0.9013671875 0.6240234375 0.88671875
9 0.8115234375 0.7421875 0.83203125 0.75 0.8173828125 0.8212890625 0.7978515625 0.814453125
9 0.2890625 0.36328125 0.2724609375 0.35546875 0.3076171875 0.30078125 0.3251953125 0.3115234375
9 0.388671875 0.4228515625 0.3720703125 0.412109375 0.4072265625 0.3623046875 0.421875 0.373046875
9 0.5068359375 0.5078125 0.4912109375 0.4990234375 0.529296875 0.44140625 0.5458984375 0.451171875
10 0.2021484375 0.0576171875 0.2099609375 0.0390625 0.25390625 0.060546875 0.2431640625 0.0771484375
10 0.1728515625 0.66796875 0.1806640625 0.65234375 0.212890625 0.671875 0.2041015625 0.685546875
10 0.2578125 0.6962890625 0.24609375 0.7119140625 0.21875 0.689453125 0.23046875 0.673828125
10 0.3408203125 0.751953125 0.33203125 0.7666015625 0.2958984375 0.744140625 0.306640625 0.7265625
10 0.3828125 0.7783203125 0.3740234375 0.7939453125 0.3427734375 0.7705078125 0.3515625 0.75390625
10 0.421875 0.8017578125 0.4130859375 0.8173828125 0.37890625 0.796875 0.388671875 0.779296875
9 0.8779296875 0.75390625 0.8623046875 0.7421875 0.9013671875 0.685546875 0.9189453125 0.6962890625
9 0.8291015625 0.7197265625 0.810546875 0.70703125 0.8515625 0.650390625 0.869140625 0.6591796875
10 0.951171875 0.796875 0.962890625 0.78515625 1.0 0.8056640625 0.9912109375 0.8203125
9 0.8017578125 0.7041015625 0.78515625 0.69140625 0.8193359375 0.6328125 0.8408203125 0.642578125
9 0.265625 0.4521484375 0.25 0.44140625 0.3330078125 0.318359375 0.3505859375 0.326171875
9 0.2998046875 0.4609375 0.279296875 0.4462890625 0.359375 0.3310546875 0.376953125 0.3408203125
9 0.32421875 0.474609375 0.3056640625 0.4638671875 0.3828125 0.349609375 0.400390625 0.357421875
9 0.3623046875 0.51953125 0.3427734375 0.5087890625 0.431640625 0.3759765625 0.4501953125 0.3896484375
9 0.455078125 0.4814453125 0.4375 0.470703125 0.4765625 0.40625 0.498046875 0.4189453125
9 0.4833984375 0.4931640625 0.466796875 0.482421875 0.505859375 0.4248046875 0.5234375 0.435546875
9 0.5771484375 0.5263671875 0.55859375 0.515625 0.583984375 0.478515625 0.599609375 0.486328125
9 0.591796875 0.568359375 0.5732421875 0.5546875 0.609375 0.49609375 0.62890625 0.5048828125
9 0.6171875 0.5830078125 0.6005859375 0.5712890625 0.63671875 0.51171875 0.6552734375 0.5244140625
9 0.6513671875 0.5927734375 0.630859375 0.5830078125 0.6640625 0.5263671875 0.681640625 0.5390625
9 0.66796875 0.6181640625 0.650390625 0.6083984375 0.693359375 0.5419921875 0.708984375 0.556640625
9 0.697265625 0.6337890625 0.6806640625 0.623046875 0.7158203125 0.5625 0.734375 0.572265625
9 0.7255859375 0.6494140625 0.7060546875 0.640625 0.7421875 0.578125 0.7607421875 0.58984375
9 0.7470703125 0.66796875 0.73046875 0.65625 0.7685546875 0.5966796875 0.787109375 0.6103515625
9 0.77734375 0.6796875 0.7587890625 0.666015625 0.796875 0.6123046875 0.8134765625 0.623046875
10 0.357421875 0.8525390625 0.373046875 0.8642578125 0.353515625 0.8984375 0.3359375 0.8876953125
10 0.3017578125 0.8232421875 0.31640625 0.8310546875 0.294921875 0.865234375 0.28125 0.8544921875
10 0.2822265625 0.8134765625 0.296875 0.8212890625 0.2783203125 0.8525390625 0.2646484375 0.8427734375
10 0.267578125 0.796875 0.2841796875 0.806640625 0.263671875 0.8408203125 0.248046875 0.830078125
10 0.8916015625 0.9580078125 0.9072265625 0.9697265625 0.8837890625 1.0048828125 0.8701171875 0.9921875
10 0.92578125 0.9853515625 0.939453125 0.99609375 0.9189453125 1.02734375 0.9033203125 1.0146484375
10 0.9375 1.0029296875 0.951171875 1.0107421875 0.93359375 1.0380859375 0.9208984375 1.029296875
10 0.955078125 1.01171875 0.96875 1.01953125 0.951171875 1.048828125 0.939453125 1.041015625
10 0.76171875 1.0224609375 0.74609375 1.041015625 0.712890625 1.01953125 0.7255859375 0.998046875
10 1.080078125 1.154296875 1.060546875 1.140625 1.0830078125 1.1064453125 1.1015625 1.1162109375
10 1.0859375 0.9658203125 1.0927734375 0.953125 1.1259765625 0.9736328125 1.12109375 0.986328125
10 1.0361328125 0.9365234375 0.9951171875 0.9169921875 1.0107421875 0.896484375 1.052734375 0.919921875
10 1.009765625 0.890625 1.0205078125 0.875 1.052734375 0.896484375 1.04296875 0.9130859375
10 1.05859375 0.896484375 1.0234375 0.8740234375 1.029296875 0.859375 1.06640625 0.8828125
10 1.0400390625 0.8447265625 1.0517578125 0.826171875 1.0927734375 0.849609375 1.0810546875 0.8681640625
10 1.056640625 0.82421875 1.0654296875 0.8076171875 1.103515625 0.8310546875 1.09375 0.8466796875
10 1.08984375 0.7734375 1.1015625 0.755859375 1.1318359375 0.7783203125 1.125 0.79296875
10 0.9404296875 0.8349609375 0.94921875 0.8232421875 0.974609375 0.83984375 0.966796875 0.8525390625
10 0.951171875 0.818359375 0.9638671875 0.8046875 0.9931640625 0.82421875 0.9775390625 0.8369140625
10 0.8701171875 0.951171875 0.88671875 0.9619140625 0.8662109375 0.9931640625 0.8525390625 0.9833984375
10 0.81640625 0.9140625 0.8359375 0.92578125 0.8115234375 0.9599609375 0.796875 0.9482421875
10 0.7783203125 0.935546875 0.765625 0.92578125 0.7841796875 0.8994140625 0.7998046875 0.908203125
10 0.546875 0.982421875 0.5625 0.9931640625 0.541015625 1.0244140625 0.525390625 1.0126953125
10 0.216796875 0.763671875 0.23046875 0.7744140625 0.2109375 0.8046875 0.1982421875 0.79296875
10 0.544921875 0.888671875 0.5810546875 0.9091796875 0.5732421875 0.92578125 0.537109375 0.904296875
10 0.4794921875 0.9404296875 0.4951171875 0.9501953125 0.4736328125 0.9814453125 0.458984375 0.9736328125
10 0.498046875 0.951171875 0.5126953125 0.9609375 0.4912109375 0.990234375 0.4775390625 0.982421875
10 0.5146484375 0.9599609375 0.529296875 0.9716796875 0.5087890625 1.001953125 0.494140625 0.994140625
10 0.56640625 0.9921875 0.580078125 1.0009765625 0.5615234375 1.0361328125 0.5458984375 1.0283203125
10 0.5810546875 1.01171875 0.5947265625 1.0234375 0.572265625 1.05078125 0.55859375 1.04296875
10 0.759765625 0.9267578125 0.7451171875 0.916015625 0.76953125 0.884765625 0.7861328125 0.8955078125
10 0.59765625 1.025390625 0.6142578125 1.03515625 0.591796875 1.064453125 0.5771484375 1.0546875
10 0.6337890625 1.0419921875 0.6484375 1.05078125 0.630859375 1.08203125 0.6142578125 1.072265625
10 0.658203125 0.9892578125 0.669921875 0.9716796875 0.712890625 1.0009765625 0.703125 1.017578125
10 0.619140625 0.95703125 0.6298828125 0.94140625 0.662109375 0.9658203125 0.65234375 0.9814453125
10 0.923828125 0.7080078125 0.9365234375 0.724609375 0.91015625 0.74609375 0.8994140625 0.7294921875
10 0.740234375 0.9189453125 0.7265625 0.908203125 0.75390625 0.8779296875 0.7685546875 0.890625
9 0.220703125 0.419921875 0.201171875 0.4072265625 0.28515625 0.2802734375 0.3046875 0.2890625
