10 1.033203125 0.404296875 1.013671875 0.3984375 1.0234375 0.3623046875 1.041015625 0.3681640625
10 0.203125 1.021484375 0.1865234375 1.01171875 0.2080078125 0.98046875 0.22265625 0.9892578125
10 0.1220703125 0.919921875 0.138671875 0.9306640625 0.115234375 0.962890625 0.1005859375 0.953125
10 0.1533203125 0.9462890625 0.1669921875 0.9580078125 0.1474609375 0.986328125 0.130859375 0.9765625
10 0.1923828125 0.962890625 0.20703125 0.9716796875 0.1904296875 1.0029296875 0.17578125 0.994140625
10 0.228515625 0.8701171875 0.2421875 0.87890625 0.224609375 0.9091796875 0.2099609375 0.90234375
10 0.212890625 0.8603515625 0.2265625 0.87109375 0.20703125 0.8974609375 0.1943359375 0.888671875
10 0.1943359375 0.8486328125 0.208984375 0.8564453125 0.1904296875 0.8876953125 0.1767578125 0.8798828125
10 0.1611328125 0.82421875 0.1767578125 0.833984375 0.15625 0.865234375 0.1416015625 0.85546875
4 1.314453125 0.9375 1.384765625 0.9814453125 1.2919921875 1.1357421875 1.220703125 1.0888671875
4 1.2138671875 0.873046875 1.2861328125 0.9189453125 1.189453125 1.072265625 1.119140625 1.0263671875
4 1.1142578125 0.8095703125 1.1826171875 0.8544921875 1.0888671875 1.0068359375 1.0185546875 0.9619140625
4 1.0126953125 0.7470703125 1.083984375 0.7919921875 0.9873046875 0.943359375 0.916015625 0.8994140625
4 0.9111328125 0.6826171875 0.982421875 0.728515625 0.8876953125 0.8798828125 0.8154296875 0.833984375
4 1.052734375 1.1298828125 1.1240234375 1.173828125 1.0283203125 1.3251953125 0.95703125 1.2802734375
4 1.154296875 1.19140625 1.224609375 1.23828125 1.1298828125 1.3896484375 1.0576171875 1.3447265625
5 0.951171875 1.357421875 1.0908203125 1.4482421875 1.0341796875 1.5380859375 0.8935546875 1.4453125
4 0.9521484375 1.0654296875 1.0234375 1.1103515625 0.927734375 1.2626953125 0.8564453125 1.21875
4 0.8505859375 1.001953125 0.921875 1.046875 0.826171875 1.1982421875 0.7548828125 1.154296875
4 0.75 0.9384765625 0.8232421875 0.984375 0.724609375 1.1337890625 0.6552734375 1.08984375
12 0.376953125 0.9736328125 0.5419921875 0.9736328125 0.5419921875 1.1171875 0.376953125 1.1171875
4 0.7373046875 0.404296875 0.8076171875 0.447265625 0.7138671875 0.6005859375 0.6435546875 0.5556640625
4 0.626953125 0.3330078125 0.6982421875 0.3779296875 0.6005859375 0.5302734375 0.5302734375 0.486328125
4 0.5263671875 0.271484375 0.59765625 0.314453125 0.5 0.4658203125 0.4287109375 0.4208984375
4 0.4248046875 0.20703125 0.498046875 0.2509765625 0.3974609375 0.4033203125 0.328125 0.357421875
10 0.111328125 0.787109375 0.126953125 0.796875 0.1064453125 0.83203125 0.08984375 0.8212890625
10 0.056640625 0.7587890625 0.072265625 0.7705078125 0.05078125 0.7998046875 0.037109375 0.7900390625
10 0.0205078125 0.7373046875 0.037109375 0.748046875 0.017578125 0.779296875 0.0009765625 0.76953125
10 0.9951171875 0.3642578125 0.9765625 0.3603515625 0.986328125 0.3203125 1.0029296875 0.32421875
10 0.1748046875 0.953125 0.1904296875 0.9609375 0.169921875 0.998046875 0.154296875 0.98828125
10 0.2626953125 0.8935546875 0.2744140625 0.900390625 0.2578125 0.93359375 0.2451171875 0.9267578125
10 0.244140625 0.880859375 0.2578125 0.8896484375 0.240234375 0.9208984375 0.2255859375 0.912109375
10 0.1435546875 0.8115234375 0.1591796875 0.8193359375 0.140625 0.8505859375 0.126953125 0.84375
10 0.087890625 0.7822265625 0.103515625 0.7900390625 0.0869140625 0.8212890625 0.0712890625 0.8125
10 0.0732421875 0.7666015625 0.0888671875 0.779296875 0.0732421875 0.8076171875 0.0546875 0.7978515625
9 1.0654296875 0.4560546875 1.046875 0.44921875 1.0625 0.4052734375 1.0810546875 0.4130859375
9 1.0498046875 0.427734375 1.0322265625 0.4208984375 1.04296875 0.3798828125 1.0615234375 0.3857421875
9 1.08203125 0.4794921875 1.0625 0.47265625 1.076171875 0.4306640625 1.0927734375 0.4375
9 1.015625 0.3818359375 0.9951171875 0.376953125 1.005859375 0.333984375 1.0234375 0.33984375
10 0.974609375 0.3447265625 0.9609375 0.33984375 0.9697265625 0.302734375 0.9853515625 0.306640625
10 0.23828125 1.0419921875 0.22265625 1.033203125 0.2412109375 1.0009765625 0.2587890625 1.0107421875
10 0.9599609375 0.3251953125 0.943359375 0.32421875 0.9453125 0.29296875 0.9609375 0.29296875
10 0.9404296875 0.3125 0.923828125 0.3115234375 0.9248046875 0.2744140625 0.9423828125 0.275390625
10 0.919921875 0.296875 0.90234375 0.298828125 0.8994140625 0.2626953125 0.9169921875 0.259765625
10 0.89453125 0.27734375 0.8759765625 0.279296875 0.87109375 0.244140625 0.8896484375 0.2421875
10 0.8701171875 0.267578125 0.8515625 0.26953125 0.845703125 0.23046875 0.86328125 0.228515625
10 0.8486328125 0.255859375 0.8291015625 0.2587890625 0.8251953125 0.2236328125 0.8427734375 0.220703125
10 0.8232421875 0.2353515625 0.8056640625 0.2431640625 0.7939453125 0.212890625 0.8115234375 0.2041015625
10 0.7978515625 0.23046875 0.779296875 0.23828125 0.765625 0.201171875 0.783203125 0.193359375
10 0.767578125 0.2265625 0.751953125 0.234375 0.7353515625 0.2001953125 0.751953125 0.19140625
10 0.58203125 1.2177734375 0.572265625 1.2294921875 0.544921875 1.2060546875 0.5546875 1.193359375
4 0.3232421875 0.142578125 0.39453125 0.1865234375 0.294921875 0.3369140625 0.2255859375 0.2939453125
