4 1.0703125 0.7490234375 1.1083984375 0.7705078125 1.0634765625 0.849609375 1.0263671875 0.8291015625
4 0.3876953125 0.646484375 0.4306640625 0.6455078125 0.4296875 0.734375 0.38671875 0.7353515625
14 0.4326171875 0.8837890625 0.544921875 0.88671875 0.537109375 1.0634765625 0.423828125 1.0576171875
14 0.66015625 0.94921875 0.71875 0.96875 0.6748046875 1.091796875 0.6220703125 1.068359375
4 0.8017578125 1.068359375 0.8427734375 1.078125 0.822265625 1.166015625 0.7802734375 1.15625
4 0.8515625 1.080078125 0.892578125 1.0888671875 0.873046875 1.177734375 0.8310546875 1.16796875
5 0.8359375 0.607421875 0.8896484375 0.6103515625 0.8828125 0.720703125 0.8271484375 0.7177734375
4 0.7421875 0.626953125 0.78515625 0.626953125 0.7841796875 0.716796875 0.7421875 0.716796875
4 0.6884765625 0.6259765625 0.7314453125 0.6259765625 0.7294921875 0.716796875 0.685546875 0.7158203125
4 0.5595703125 0.646484375 0.6015625 0.650390625 0.5927734375 0.740234375 0.5498046875 0.734375
4 0.50390625 0.6416015625 0.546875 0.6455078125 0.5380859375 0.7353515625 0.49609375 0.73046875
4 0.333984375 0.6455078125 0.3759765625 0.646484375 0.3759765625 0.736328125 0.3310546875 0.736328125
4 1.025390625 0.724609375 1.0625 0.7451171875 1.017578125 0.82421875 0.9794921875 0.802734375
4 0.560546875 0.4423828125 0.603515625 0.4384765625 0.611328125 0.5283203125 0.5673828125 0.5322265625
4 0.693359375 0.41796875 0.736328125 0.4130859375 0.744140625 0.5029296875 0.701171875 0.5078125
4 0.7451171875 0.412109375 0.7890625 0.40625 0.796875 0.4970703125 0.7548828125 0.5009765625
4 0.865234375 0.4013671875 0.908203125 0.396484375 0.9150390625 0.4873046875 0.873046875 0.4931640625
4 0.919921875 0.396484375 0.9638671875 0.3916015625 0.970703125 0.482421875 0.9287109375 0.486328125
4 0.9765625 0.3916015625 1.01953125 0.3857421875 1.0263671875 0.4765625 0.984375 0.478515625
4 1.052734375 0.583984375 1.08984375 0.60546875 1.0439453125 0.68359375 1.0068359375 0.662109375
4 1.0966796875 0.607421875 1.1328125 0.6298828125 1.0888671875 0.708984375 1.05078125 0.6875
4 1.1396484375 0.6337890625 1.1767578125 0.654296875 1.1318359375 0.734375 1.0947265625 0.7119140625
14 0.40234375 1.0732421875 0.5078125 1.0791015625 0.5048828125 1.146484375 0.4013671875 1.1435546875
