10 0.7412109375 1.3251953125 0.7255859375 1.3330078125 0.7099609375 1.302734375 0.724609375 1.294921875
10 0.6904296875 1.3154296875 0.705078125 1.306640625 0.72265625 1.337890625 0.7080078125 1.3447265625
4 0.3759765625 0.9189453125 0.4580078125 0.908203125 0.4765625 1.0859375 0.39453125 1.095703125
4 0.5068359375 0.90234375 0.5908203125 0.89453125 0.6123046875 1.0703125 0.529296875 1.0791015625
4 0.6455078125 0.890625 0.728515625 0.880859375 0.74609375 1.0546875 0.6640625 1.064453125
4 0.6123046875 0.6015625 0.6953125 0.5927734375 0.712890625 0.76953125 0.6298828125 0.7783203125
4 0.4765625 0.6171875 0.560546875 0.607421875 0.578125 0.7822265625 0.49609375 0.7919921875
4 0.341796875 0.630859375 0.4248046875 0.6220703125 0.443359375 0.7978515625 0.36328125 0.8076171875
4 0.580078125 0.3154296875 0.6611328125 0.3056640625 0.6806640625 0.478515625 0.599609375 0.4873046875
4 0.4443359375 0.330078125 0.525390625 0.3203125 0.5478515625 0.494140625 0.462890625 0.50390625
4 0.30859375 0.3427734375 0.392578125 0.3349609375 0.412109375 0.5107421875 0.330078125 0.51953125
