10 1.0458984375 0.73828125 1.05078125 0.755859375 1.0166015625 0.771484375 1.0087890625 0.755859375
10 0.921875 0.8515625 0.9072265625 0.861328125 0.8857421875 0.8291015625 0.90234375 0.818359375
10 0.7470703125 0.802734375 0.7626953125 0.79296875 0.7861328125 0.8291015625 0.7734375 0.837890625
10 0.67578125 0.865234375 0.689453125 0.85546875 0.7060546875 0.8798828125 0.6943359375 0.888671875
10 0.275390625 0.7939453125 0.2646484375 0.779296875 0.29296875 0.7587890625 0.302734375 0.7724609375
10 0.681640625 1.0361328125 0.6650390625 1.0498046875 0.6416015625 1.017578125 0.6591796875 1.0048828125
4 0.6591796875 0.7177734375 0.806640625 0.607421875 0.8564453125 0.6767578125 0.7109375 0.7861328125
4 0.58984375 0.623046875 0.7353515625 0.5126953125 0.7880859375 0.5830078125 0.640625 0.69140625
4 0.5185546875 0.5283203125 0.6640625 0.419921875 0.71875 0.4873046875 0.5712890625 0.599609375
4 0.435546875 0.4140625 0.58203125 0.3056640625 0.6328125 0.375 0.4873046875 0.484375
4 0.3662109375 0.3212890625 0.5126953125 0.2119140625 0.5625 0.28125 0.4169921875 0.3896484375
4 0.15234375 0.4765625 0.298828125 0.3681640625 0.3525390625 0.4384765625 0.2041015625 0.548828125
4 0.2216796875 0.572265625 0.3681640625 0.462890625 0.4208984375 0.5322265625 0.2734375 0.640625
4 0.3046875 0.685546875 0.455078125 0.576171875 0.505859375 0.6455078125 0.3564453125 0.755859375
4 0.3779296875 0.7783203125 0.5234375 0.6708984375 0.5771484375 0.7412109375 0.4296875 0.8505859375
4 0.447265625 0.8740234375 0.59375 0.7646484375 0.64453125 0.833984375 0.4970703125 0.943359375
