0 0.0927734375 0.8515625 0.12890625 0.85546875 0.1259765625 0.880859375 0.0888671875 0.876953125
0 0.1767578125 0.86328125 0.21875 0.8720703125 0.2138671875 0.8984375 0.1708984375 0.890625
0 0.220703125 0.8671875 0.26171875 0.875 0.2548828125 0.90625 0.21484375 0.8974609375
0 0.306640625 0.8828125 0.34765625 0.892578125 0.3408203125 0.9228515625 0.30078125 0.9140625
0 0.3515625 0.89453125 0.390625 0.9033203125 0.3837890625 0.931640625 0.3447265625 0.9228515625
0 0.3447265625 0.0419921875 0.3056640625 0.029296875 0.314453125 0.005859375 0.353515625 0.017578125
0 0.5703125 0.185546875 0.564453125 0.224609375 0.5390625 0.220703125 0.5439453125 0.1806640625
0 0.5615234375 0.2294921875 0.5556640625 0.267578125 0.5283203125 0.2626953125 0.53515625 0.224609375
0 0.5537109375 0.2724609375 0.546875 0.3134765625 0.521484375 0.3076171875 0.52734375 0.267578125
0 0.5478515625 0.3173828125 0.5390625 0.357421875 0.513671875 0.349609375 0.521484375 0.310546875
0 0.484375 0.2841796875 0.5068359375 0.3212890625 0.482421875 0.3359375 0.4599609375 0.2978515625
0 0.4697265625 0.259765625 0.46484375 0.2919921875 0.443359375 0.2880859375 0.4482421875 0.255859375
