9 0.724609375 0.1455078125 0.7294921875 0.1708984375 0.64453125 0.1884765625 0.6376953125 0.1611328125
9 0.6181640625 0.6806640625 0.6142578125 0.662109375 0.6806640625 0.6435546875 0.6845703125 0.6630859375
9 0.8623046875 0.5244140625 0.8564453125 0.5 1.0029296875 0.4736328125 1.005859375 0.4990234375
9 0.962890625 0.568359375 0.9580078125 0.546875 1.015625 0.533203125 1.0205078125 0.5556640625
9 0.6240234375 0.7333984375 0.6162109375 0.7138671875 0.685546875 0.693359375 0.693359375 0.71484375
9 0.4384765625 0.7041015625 0.4140625 0.7080078125 0.3974609375 0.6416015625 0.421875 0.634765625
9 0.630859375 0.7626953125 0.6279296875 0.740234375 0.6953125 0.732421875 0.6962890625 0.7548828125
9 0.548828125 0.2900390625 0.5458984375 0.271484375 0.603515625 0.263671875 0.607421875 0.283203125
9 0.1044921875 0.763671875 0.1064453125 0.783203125 0.0361328125 0.796875 0.033203125 0.7763671875
9 0.337890625 0.8154296875 0.3408203125 0.8359375 0.1884765625 0.8671875 0.185546875 0.84765625
9 0.8203125 0.66796875 0.83984375 0.6650390625 0.85546875 0.7412109375 0.8349609375 0.74609375
10 0.7109375 0.3037109375 0.7177734375 0.3271484375 0.6689453125 0.3369140625 0.662109375 0.310546875
9 0.8369140625 0.388671875 0.833984375 0.3642578125 0.9775390625 0.3359375 0.9814453125 0.3623046875
10 0.7509765625 0.5517578125 0.7578125 0.5703125 0.7080078125 0.587890625 0.701171875 0.5703125
10 0.7734375 0.59375 0.7783203125 0.6181640625 0.7138671875 0.6298828125 0.70703125 0.60546875
10 0.8466796875 0.6728515625 0.873046875 0.6669921875 0.8857421875 0.7236328125 0.859375 0.732421875
10 0.8759765625 0.6650390625 0.8974609375 0.662109375 0.91015625 0.7138671875 0.88671875 0.72265625
10 0.8994140625 0.662109375 0.9208984375 0.6552734375 0.9375 0.7080078125 0.9150390625 0.71484375
10 0.404296875 0.6806640625 0.3759765625 0.6875 0.365234375 0.623046875 0.3955078125 0.6162109375
10 0.8486328125 0.1455078125 0.833984375 0.1640625 0.7978515625 0.1259765625 0.814453125 0.10546875
10 0.5087890625 0.3984375 0.51171875 0.4140625 0.470703125 0.419921875 0.470703125 0.400390625
10 0.515625 0.4150390625 0.517578125 0.435546875 0.474609375 0.443359375 0.46875 0.423828125
9 0.8115234375 0.259765625 0.8056640625 0.240234375 0.9453125 0.208984375 0.951171875 0.23046875
