0 1.1318359375 0.9833984375 1.0654296875 0.9345703125 1.115234375 0.8701171875 1.1796875 0.9189453125
0 0.609375 1.3564453125 0.5751953125 1.3232421875 0.599609375 1.2978515625 0.6328125 1.326171875
0 0.5234375 1.35546875 0.556640625 1.3837890625 0.5341796875 1.412109375 0.498046875 1.384765625
0 0.5556640625 1.4443359375 0.521484375 1.4208984375 0.537109375 1.3974609375 0.572265625 1.4228515625
0 0.583984375 1.4052734375 0.6220703125 1.431640625 0.6015625 1.462890625 0.5625 1.435546875
0 0.533203125 1.5791015625 0.4912109375 1.5478515625 0.521484375 1.5107421875 0.55859375 1.5400390625
0 0.5107421875 1.4892578125 0.541015625 1.513671875 0.5224609375 1.53515625 0.490234375 1.5087890625
0 0.486328125 1.5400390625 0.443359375 1.5107421875 0.46484375 1.4775390625 0.5078125 1.5078125
0 0.4443359375 1.6455078125 0.4111328125 1.619140625 0.427734375 1.5966796875 0.4619140625 1.6201171875
0 0.4873046875 1.673828125 0.451171875 1.6455078125 0.4677734375 1.625 0.501953125 1.650390625
0 1.56640625 0.3251953125 1.533203125 0.2939453125 1.5546875 0.2724609375 1.5869140625 0.2998046875
0 1.5986328125 0.353515625 1.568359375 0.326171875 1.5849609375 0.306640625 1.615234375 0.33203125
0 1.4521484375 0.453125 1.404296875 0.3984375 1.466796875 0.3447265625 1.5126953125 0.4013671875
0 1.4677734375 0.494140625 1.421875 0.4521484375 1.4619140625 0.4111328125 1.505859375 0.451171875
0 1.5302734375 0.5107421875 1.4912109375 0.478515625 1.5126953125 0.455078125 1.548828125 0.4873046875
0 1.5234375 0.4794921875 1.4755859375 0.4384765625 1.5078125 0.4013671875 1.5546875 0.439453125
0 1.5751953125 0.5234375 1.5263671875 0.4794921875 1.5595703125 0.4404296875 1.607421875 0.484375
0 1.6201171875 0.572265625 1.5712890625 0.5302734375 1.603515625 0.4931640625 1.650390625 0.533203125
0 1.4462890625 0.6640625 1.3681640625 0.6767578125 1.3583984375 0.6005859375 1.43359375 0.5908203125
0 1.3818359375 0.6953125 1.3515625 0.66796875 1.3681640625 0.6474609375 1.3984375 0.673828125
0 1.3603515625 0.7216796875 1.33203125 0.6923828125 1.3505859375 0.67578125 1.3779296875 0.7021484375
0 1.3974609375 0.7333984375 1.353515625 0.73046875 1.35546875 0.7060546875 1.4013671875 0.7099609375
0 1.427734375 0.771484375 1.392578125 0.7392578125 1.412109375 0.716796875 1.4482421875 0.75
0 0.57421875 1.3173828125 0.5390625 1.2890625 0.5615234375 1.26171875 0.5966796875 1.2890625
0 0.6435546875 1.375 0.62109375 1.3583984375 0.63671875 1.3369140625 0.66015625 1.3525390625
0 1.3447265625 0.8115234375 1.369140625 0.8369140625 1.3505859375 0.8564453125 1.326171875 0.830078125
0 0.681640625 1.31640625 0.6787109375 1.2412109375 0.7548828125 1.2353515625 0.7607421875 1.3134765625
0 0.2392578125 0.146484375 0.2783203125 0.171875 0.2578125 0.203125 0.2197265625 0.1787109375
0 0.1552734375 0.44140625 0.1044921875 0.4130859375 0.123046875 0.3798828125 0.17578125 0.4052734375
0 0.1005859375 0.4765625 0.134765625 0.5009765625 0.1171875 0.5244140625 0.0830078125 0.5009765625
0 0.0595703125 0.451171875 0.0947265625 0.4736328125 0.080078125 0.4970703125 0.0458984375 0.4755859375
0 0.091796875 0.5478515625 0.03515625 0.5166015625 0.046875 0.494140625 0.1044921875 0.5244140625
0 0.0380859375 0.5849609375 0.076171875 0.6083984375 0.0576171875 0.634765625 0.0205078125 0.611328125
0 1.029296875 1.130859375 0.9794921875 1.08984375 1.0087890625 1.05078125 1.060546875 1.087890625
0 0.9775390625 1.087890625 0.9287109375 1.0400390625 0.9677734375 1.0 1.0146484375 1.0419921875
0 0.8857421875 1.0322265625 0.8662109375 0.95703125 0.943359375 0.9375 0.962890625 1.0078125
0 0.8642578125 1.1669921875 0.8271484375 1.14453125 0.83984375 1.1220703125 0.87890625 1.1435546875
0 0.9736328125 1.265625 0.9296875 1.2294921875 0.9609375 1.1875 1.0068359375 1.22265625
0 0.978515625 1.3896484375 0.9765625 1.330078125 1.025390625 1.3271484375 1.0283203125 1.3876953125
0 1.04296875 1.2705078125 1.08984375 1.259765625 1.09765625 1.294921875 1.0537109375 1.30859375
0 1.06640625 1.2685546875 1.0166015625 1.2724609375 1.0146484375 1.248046875 1.0654296875 1.24609375
0 0.9599609375 1.3671875 0.9384765625 1.26171875 1.048828125 1.2373046875 1.0751953125 1.3369140625
0 0.9404296875 1.416015625 0.998046875 1.388671875 1.0146484375 1.4248046875 0.955078125 1.451171875
0 0.8974609375 1.4287109375 0.9677734375 1.408203125 0.9873046875 1.4794921875 0.9169921875 1.4990234375
0 0.8623046875 1.423828125 0.9228515625 1.4150390625 0.9306640625 1.46484375 0.869140625 1.4736328125
0 0.8623046875 1.3427734375 0.9375 1.3251953125 0.9541015625 1.3974609375 0.876953125 1.4150390625
0 0.814453125 1.4384765625 0.8154296875 1.375 0.8818359375 1.3740234375 0.8818359375 1.4384765625
0 0.7705078125 1.4091796875 0.7548828125 1.3212890625 0.859375 1.30078125 0.8759765625 1.388671875
0 1.4072265625 0.7421875 1.4013671875 0.7822265625 1.3740234375 0.779296875 1.3798828125 0.7373046875
0 1.2958984375 0.8271484375 1.28515625 0.7783203125 1.3349609375 0.7685546875 1.3466796875 0.8154296875
0 0.97265625 0.861328125 0.9423828125 0.78125 1.046875 0.75 1.076171875 0.8310546875
0 1.625 0.466796875 1.65234375 0.494140625 1.6337890625 0.5126953125 1.6064453125 0.4853515625
0 1.8427734375 0.076171875 1.8173828125 0.052734375 1.8369140625 0.0341796875 1.8603515625 0.056640625
0 1.8759765625 0.1083984375 1.849609375 0.0810546875 1.8671875 0.064453125 1.89453125 0.087890625
0 1.8232421875 0.1455078125 1.8564453125 0.1708984375 1.8388671875 0.1923828125 1.8056640625 0.166015625
0 1.830078125 0.2294921875 1.80078125 0.2001953125 1.818359375 0.1826171875 1.84765625 0.2109375
0 1.7998046875 0.197265625 1.7646484375 0.171875 1.78125 0.150390625 1.81640625 0.177734375
0 1.8662109375 0.259765625 1.8359375 0.2314453125 1.853515625 0.212890625 1.8837890625 0.240234375
0 1.896484375 0.283203125 1.87109375 0.26171875 1.8876953125 0.2431640625 1.9111328125 0.2646484375
0 1.8896484375 0.205078125 1.919921875 0.2314453125 1.9013671875 0.251953125 1.87109375 0.224609375
0 1.923828125 0.2353515625 1.953125 0.263671875 1.9365234375 0.2822265625 1.9052734375 0.2548828125
0 1.9560546875 0.2666015625 1.9873046875 0.29296875 1.96875 0.3125 1.9384765625 0.287109375
0 1.9658203125 0.3515625 1.931640625 0.322265625 1.9501953125 0.2998046875 1.984375 0.3291015625
0 1.9921875 0.294921875 2.01953125 0.3212890625 2.001953125 0.341796875 1.97265625 0.314453125
0 1.7900390625 0.115234375 1.822265625 0.1416015625 1.8037109375 0.1611328125 1.7724609375 0.1376953125
0 1.763671875 0.1689453125 1.7353515625 0.1416015625 1.75390625 0.1220703125 1.783203125 0.1484375
0 1.7314453125 0.1416015625 1.6982421875 0.1123046875 1.7158203125 0.0908203125 1.75 0.1220703125
0 2.0146484375 0.2294921875 1.98046875 0.2021484375 1.9970703125 0.1826171875 2.029296875 0.2080078125
0 2.078125 0.291015625 2.0478515625 0.259765625 2.06640625 0.2412109375 2.09765625 0.271484375
0 0.3212890625 1.7099609375 0.2783203125 1.671875 0.3095703125 1.6396484375 0.3515625 1.67578125
0 0.265625 1.6826171875 0.228515625 1.64453125 0.2666015625 1.6064453125 0.302734375 1.6396484375
0 0.2548828125 1.564453125 0.296875 1.599609375 0.2666015625 1.6337890625 0.224609375 1.59765625
0 0.224609375 1.6435546875 0.1904296875 1.6103515625 0.2158203125 1.5849609375 0.2490234375 1.6171875
0 1.591796875 0.435546875 1.623046875 0.4638671875 1.60546875 0.482421875 1.57421875 0.455078125
0 1.6591796875 0.498046875 1.6875 0.5234375 1.6708984375 0.54296875 1.640625 0.5166015625
0 1.259765625 0.8662109375 1.216796875 0.8232421875 1.25390625 0.78515625 1.296875 0.8271484375
0 1.6943359375 0.53125 1.7216796875 0.5556640625 1.7041015625 0.57421875 1.677734375 0.55078125
0 1.251953125 0.7421875 1.310546875 0.7470703125 1.306640625 0.7958984375 1.25 0.791015625
0 1.1884765625 0.822265625 1.1767578125 0.7578125 1.2412109375 0.74609375 1.2529296875 0.8076171875
0 1.21875 0.70703125 1.2841796875 0.71484375 1.2763671875 0.76953125 1.212890625 0.7607421875
0 1.173828125 0.765625 1.1298828125 0.7236328125 1.16796875 0.6845703125 1.2138671875 0.724609375
0 1.0849609375 0.7197265625 1.0615234375 0.6318359375 1.162109375 0.6015625 1.189453125 0.68359375
0 1.349609375 0.66796875 1.3173828125 0.6376953125 1.333984375 0.6171875 1.3681640625 0.6455078125
0 1.3916015625 0.6298828125 1.3125 0.6220703125 1.3212890625 0.546875 1.3984375 0.552734375
0 1.3115234375 0.447265625 1.365234375 0.490234375 1.33203125 0.5302734375 1.2802734375 0.486328125
0 1.8173828125 0.3828125 1.7841796875 0.3515625 1.8017578125 0.3310546875 1.8359375 0.3603515625
0 1.783203125 0.3505859375 1.7509765625 0.32421875 1.7685546875 0.3046875 1.7998046875 0.330078125
0 1.68359375 0.2607421875 1.6494140625 0.236328125 1.6640625 0.21484375 1.6982421875 0.240234375
0 1.6767578125 0.1767578125 1.70703125 0.2060546875 1.6865234375 0.2275390625 1.6572265625 0.1982421875
0 1.7109375 0.20703125 1.7412109375 0.236328125 1.72265625 0.2568359375 1.6923828125 0.2294921875
0 1.7431640625 0.2392578125 1.7685546875 0.2626953125 1.75390625 0.2802734375 1.7275390625 0.255859375
0 1.7763671875 0.26953125 1.80078125 0.29296875 1.787109375 0.3095703125 1.76171875 0.2880859375
0 1.8076171875 0.30078125 1.833984375 0.3212890625 1.8193359375 0.337890625 1.794921875 0.318359375
0 1.8427734375 0.3291015625 1.8681640625 0.3525390625 1.8515625 0.3681640625 1.828125 0.3447265625
0 1.876953125 0.359375 1.9033203125 0.3837890625 1.88671875 0.4033203125 1.859375 0.3798828125
0 1.8828125 0.443359375 1.849609375 0.412109375 1.8701171875 0.3916015625 1.9033203125 0.419921875
0 1.927734375 0.439453125 1.9609375 0.4404296875 1.958984375 0.4599609375 1.9267578125 0.4580078125
0 1.7265625 0.5615234375 1.7548828125 0.5869140625 1.73828125 0.6044921875 1.7099609375 0.5810546875
0 0.2958984375 0.052734375 0.3369140625 0.076171875 0.3173828125 0.111328125 0.2744140625 0.0869140625
