10 1.818359375 1.16796875 1.8251953125 1.18359375 1.7958984375 1.19921875 1.787109375 1.1865234375
4 0.580078125 0.4375 0.66015625 0.4169921875 0.703125 0.5888671875 0.6201171875 0.6103515625
4 0.3828125 0.4384765625 0.4638671875 0.4169921875 0.5068359375 0.587890625 0.4248046875 0.6103515625
4 0.2216796875 0.7880859375 0.3017578125 0.7666015625 0.345703125 0.9365234375 0.2666015625 0.9580078125
4 0.3525390625 0.7529296875 0.43359375 0.732421875 0.4765625 0.9033203125 0.396484375 0.9248046875
4 0.2939453125 1.0732421875 0.3759765625 1.0517578125 0.419921875 1.2236328125 0.3388671875 1.2451171875
4 0.4267578125 1.0400390625 0.5068359375 1.0166015625 0.5498046875 1.189453125 0.470703125 1.2119140625
4 0.6630859375 1.08203125 0.7451171875 1.060546875 0.787109375 1.2333984375 0.7080078125 1.2529296875
4 0.794921875 1.0498046875 0.875 1.0302734375 0.9189453125 1.2021484375 0.8388671875 1.220703125
4 0.58984375 0.7734375 0.669921875 0.7529296875 0.7099609375 0.9267578125 0.630859375 0.9453125
4 0.7197265625 0.740234375 0.7998046875 0.7216796875 0.8427734375 0.892578125 0.76171875 0.9130859375
4 0.7119140625 0.404296875 0.79296875 0.3857421875 0.8349609375 0.556640625 0.7548828125 0.5771484375
10 1.7392578125 0.9716796875 1.7470703125 0.990234375 1.7041015625 1.0107421875 1.6953125 0.9931640625
4 0.92578125 0.392578125 1.005859375 0.3720703125 1.0478515625 0.5439453125 0.9677734375 0.5634765625
4 1.056640625 0.359375 1.13671875 0.33984375 1.1806640625 0.5126953125 1.0986328125 0.5322265625
4 1.052734375 0.7177734375 1.1318359375 0.697265625 1.17578125 0.869140625 1.0947265625 0.8896484375
4 0.9951171875 1.0947265625 1.07421875 1.07421875 1.1171875 1.24609375 1.0380859375 1.2666015625
4 1.12890625 1.0634765625 1.2080078125 1.04296875 1.248046875 1.2138671875 1.169921875 1.234375
4 1.314453125 1.0146484375 1.39453125 0.994140625 1.4365234375 1.1669921875 1.357421875 1.1875
4 1.4453125 0.984375 1.5263671875 0.962890625 1.568359375 1.13671875 1.48828125 1.1552734375
14 1.3115234375 0.298828125 1.4765625 0.2607421875 1.5009765625 0.373046875 1.3349609375 0.4072265625
5 1.619140625 0.2060546875 1.7216796875 0.181640625 1.76171875 0.3359375 1.6591796875 0.3603515625
4 0.25 0.47265625 0.3330078125 0.44921875 0.3759765625 0.6220703125 0.2958984375 0.6435546875
