0 0.689453125 0.181640625 0.6611328125 0.1552734375 0.6787109375 0.13671875 0.70703125 0.1630859375
0 0.5830078125 0.3857421875 0.55078125 0.3623046875 0.5693359375 0.3427734375 0.59765625 0.3662109375
0 0.349609375 0.87890625 0.326171875 0.9150390625 0.302734375 0.9013671875 0.3251953125 0.865234375
0 0.3330078125 0.921875 0.3125 0.9580078125 0.287109375 0.9443359375 0.3076171875 0.90625
0 0.1953125 0.9560546875 0.2158203125 0.919921875 0.240234375 0.9326171875 0.220703125 0.9697265625
0 0.4345703125 0.716796875 0.40234375 0.6875 0.41796875 0.669921875 0.4501953125 0.697265625
0 0.494140625 0.6171875 0.4599609375 0.5849609375 0.4775390625 0.564453125 0.5126953125 0.5947265625
0 0.365234375 0.576171875 0.3916015625 0.599609375 0.3740234375 0.6220703125 0.3466796875 0.59765625
0 0.3330078125 0.55078125 0.3583984375 0.57421875 0.33984375 0.5947265625 0.3134765625 0.5703125
0 0.2529296875 0.5029296875 0.283203125 0.5322265625 0.263671875 0.5517578125 0.234375 0.5234375
0 0.357421875 0.4189453125 0.384765625 0.4423828125 0.3671875 0.462890625 0.33984375 0.4404296875
0 0.423828125 0.3974609375 0.3955078125 0.373046875 0.412109375 0.3544921875 0.44140625 0.37890625
0 0.4560546875 0.4287109375 0.42578125 0.40234375 0.4453125 0.3828125 0.474609375 0.4091796875
0 0.515625 0.3310546875 0.4853515625 0.302734375 0.50390625 0.2841796875 0.5322265625 0.310546875
0 0.5146484375 0.4013671875 0.546875 0.4287109375 0.5263671875 0.44921875 0.4951171875 0.4228515625
0 0.6318359375 0.125 0.6015625 0.1005859375 0.6162109375 0.08203125 0.6484375 0.1064453125
0 0.548828125 0.43359375 0.572265625 0.45703125 0.5546875 0.474609375 0.529296875 0.4521484375
0 0.5234375 0.4755859375 0.4990234375 0.4560546875 0.5126953125 0.4404296875 0.5361328125 0.4609375
0 0.60546875 0.3291015625 0.634765625 0.3564453125 0.6142578125 0.3798828125 0.583984375 0.3515625
0 0.572265625 0.302734375 0.6015625 0.3291015625 0.583984375 0.34765625 0.5537109375 0.3212890625
0 0.5390625 0.275390625 0.5703125 0.3017578125 0.552734375 0.3203125 0.5205078125 0.2939453125
0 0.5107421875 0.248046875 0.5361328125 0.2734375 0.51953125 0.2890625 0.494140625 0.265625
0 0.53515625 0.193359375 0.5107421875 0.1689453125 0.5263671875 0.1533203125 0.552734375 0.1748046875
0 0.6298828125 0.279296875 0.60546875 0.259765625 0.619140625 0.244140625 0.6435546875 0.2666015625
0 0.6298828125 0.203125 0.65625 0.228515625 0.6396484375 0.2451171875 0.6123046875 0.220703125
0 0.59765625 0.171875 0.6259765625 0.1982421875 0.60546875 0.2177734375 0.578125 0.19140625
0 0.564453125 0.142578125 0.5947265625 0.16796875 0.5751953125 0.1875 0.546875 0.1630859375
0 0.5322265625 0.1171875 0.5654296875 0.1376953125 0.55078125 0.1611328125 0.5166015625 0.138671875
0 0.251953125 0.8564453125 0.26953125 0.82421875 0.294921875 0.837890625 0.27734375 0.87109375
