10 0.8603515625 0.9501953125 0.849609375 0.96875 0.7978515625 0.943359375 0.8134765625 0.927734375
9 0.4541015625 0.5908203125 0.5517578125 0.564453125 0.556640625 0.578125 0.4609375 0.607421875
9 0.455078125 0.2587890625 0.5537109375 0.2265625 0.5595703125 0.240234375 0.4638671875 0.275390625
9 0.4453125 0.28515625 0.5478515625 0.2587890625 0.5498046875 0.275390625 0.451171875 0.3017578125
9 0.4453125 0.3115234375 0.548828125 0.2890625 0.552734375 0.3056640625 0.4541015625 0.3310546875
9 0.4501953125 0.341796875 0.5517578125 0.3115234375 0.5556640625 0.3291015625 0.45703125 0.3583984375
9 0.4482421875 0.36328125 0.5458984375 0.337890625 0.5546875 0.3583984375 0.4599609375 0.3837890625
9 0.44921875 0.39453125 0.5498046875 0.3681640625 0.5546875 0.3916015625 0.45703125 0.4140625
9 0.4453125 0.4189453125 0.548828125 0.396484375 0.552734375 0.4111328125 0.4560546875 0.4384765625
9 0.44921875 0.4482421875 0.5537109375 0.431640625 0.556640625 0.4443359375 0.455078125 0.46484375
9 0.4521484375 0.4765625 0.552734375 0.455078125 0.5576171875 0.4716796875 0.4580078125 0.494140625
9 0.455078125 0.5048828125 0.5546875 0.4814453125 0.55859375 0.49609375 0.4638671875 0.5224609375
9 0.4482421875 0.5615234375 0.5478515625 0.533203125 0.5546875 0.552734375 0.4560546875 0.578125
9 0.4462890625 0.6171875 0.5478515625 0.5908203125 0.5556640625 0.6103515625 0.455078125 0.6337890625
9 0.4501953125 0.1337890625 0.5419921875 0.09765625 0.552734375 0.115234375 0.4638671875 0.1552734375
9 0.4423828125 0.642578125 0.54296875 0.6171875 0.548828125 0.6337890625 0.451171875 0.66015625
9 0.453125 0.669921875 0.5537109375 0.6435546875 0.5595703125 0.6611328125 0.4609375 0.6884765625
9 0.443359375 0.7001953125 0.548828125 0.669921875 0.5556640625 0.685546875 0.455078125 0.7177734375
9 0.4501953125 0.724609375 0.5498046875 0.6953125 0.556640625 0.7109375 0.4609375 0.7412109375
9 0.669921875 0.09375 0.76171875 0.1396484375 0.7451171875 0.1533203125 0.66015625 0.11328125
9 0.6708984375 0.173828125 0.7421875 0.2119140625 0.734375 0.228515625 0.6630859375 0.1943359375
9 0.669921875 0.3154296875 0.7587890625 0.359375 0.7470703125 0.3720703125 0.6591796875 0.3310546875
9 0.6767578125 0.4052734375 0.76953125 0.4423828125 0.7578125 0.4599609375 0.6689453125 0.421875
9 0.6826171875 0.458984375 0.7734375 0.5029296875 0.765625 0.51953125 0.6748046875 0.4765625
9 0.6748046875 0.486328125 0.7626953125 0.5244140625 0.7490234375 0.541015625 0.6611328125 0.5009765625
9 0.6748046875 0.5693359375 0.76171875 0.615234375 0.7490234375 0.6298828125 0.6640625 0.583984375
9 0.455078125 0.2314453125 0.55859375 0.1904296875 0.5654296875 0.20703125 0.46484375 0.2451171875
9 0.341796875 0.7802734375 0.4189453125 0.7607421875 0.4228515625 0.775390625 0.349609375 0.7939453125
10 1.1455078125 0.1455078125 1.1171875 0.1435546875 1.1181640625 0.099609375 1.1455078125 0.0986328125
9 0.3330078125 0.3115234375 0.435546875 0.2880859375 0.439453125 0.302734375 0.3408203125 0.3291015625
9 0.1123046875 0.259765625 0.2021484375 0.2177734375 0.21484375 0.2353515625 0.123046875 0.27734375
9 0.1025390625 0.376953125 0.1875 0.3349609375 0.1982421875 0.3525390625 0.1123046875 0.396484375
9 0.103515625 0.4296875 0.1884765625 0.3876953125 0.201171875 0.404296875 0.1162109375 0.4443359375
9 0.103515625 0.4853515625 0.1884765625 0.4423828125 0.201171875 0.4599609375 0.115234375 0.501953125
9 0.1064453125 0.5126953125 0.189453125 0.4677734375 0.2021484375 0.4873046875 0.1162109375 0.5263671875
9 0.1083984375 0.53515625 0.17578125 0.5048828125 0.189453125 0.5185546875 0.1220703125 0.5546875
9 0.1083984375 0.5625 0.1962890625 0.525390625 0.208984375 0.541015625 0.12109375 0.5810546875
9 0.1220703125 0.5888671875 0.19140625 0.5576171875 0.201171875 0.5732421875 0.1318359375 0.6025390625
9 0.3203125 0.1865234375 0.4150390625 0.1484375 0.4248046875 0.16796875 0.3349609375 0.205078125
9 0.3203125 0.2578125 0.4267578125 0.2333984375 0.43359375 0.2509765625 0.3291015625 0.2783203125
9 0.3212890625 0.28515625 0.4248046875 0.26171875 0.431640625 0.279296875 0.330078125 0.3017578125
9 0.3271484375 0.33984375 0.4306640625 0.31640625 0.435546875 0.33203125 0.3359375 0.3583984375
9 0.328125 0.75390625 0.4228515625 0.728515625 0.4306640625 0.744140625 0.3349609375 0.771484375
9 0.326171875 0.3671875 0.4287109375 0.341796875 0.4345703125 0.3564453125 0.333984375 0.3837890625
9 0.3212890625 0.396484375 0.421875 0.37109375 0.4287109375 0.384765625 0.3291015625 0.4130859375
9 0.3310546875 0.421875 0.4306640625 0.3974609375 0.4375 0.4169921875 0.3388671875 0.4423828125
9 0.3251953125 0.44921875 0.4248046875 0.42578125 0.43359375 0.44140625 0.3330078125 0.4677734375
9 0.3330078125 0.474609375 0.431640625 0.4541015625 0.435546875 0.47265625 0.33984375 0.4951171875
9 0.3349609375 0.505859375 0.4384765625 0.4814453125 0.439453125 0.4990234375 0.3427734375 0.51953125
9 0.33203125 0.529296875 0.4306640625 0.5078125 0.4365234375 0.52734375 0.3388671875 0.548828125
9 0.32421875 0.5859375 0.431640625 0.56640625 0.4326171875 0.587890625 0.33203125 0.6044921875
9 0.3232421875 0.615234375 0.4267578125 0.591796875 0.43359375 0.609375 0.33203125 0.6357421875
9 0.326171875 0.64453125 0.4287109375 0.6181640625 0.435546875 0.638671875 0.3349609375 0.6630859375
9 0.3310546875 0.671875 0.4287109375 0.6494140625 0.4384765625 0.6669921875 0.337890625 0.689453125
9 0.6689453125 0.625 0.7607421875 0.6630859375 0.751953125 0.6806640625 0.6611328125 0.642578125
9 0.671875 0.6533203125 0.755859375 0.6904296875 0.7412109375 0.7099609375 0.6591796875 0.673828125
9 0.6748046875 0.681640625 0.763671875 0.720703125 0.751953125 0.734375 0.658203125 0.6953125
10 0.0009765625 0.3876953125 0.0009765625 0.3720703125 0.0341796875 0.3740234375 0.03515625 0.38671875
9 0.4677734375 0.5458984375 0.4619140625 0.5322265625 0.5400390625 0.509765625 0.5458984375 0.5263671875
9 0.9755859375 0.3896484375 0.9638671875 0.3759765625 1.0537109375 0.3330078125 1.06640625 0.349609375
9 1.0693359375 0.8447265625 1.05859375 0.828125 1.1513671875 0.7900390625 1.162109375 0.8037109375
10 0.0009765625 0.0791015625 0.0009765625 0.064453125 0.0390625 0.0712890625 0.037109375 0.0849609375
10 0.0009765625 0.09765625 0.0029296875 0.083984375 0.0380859375 0.08984375 0.0361328125 0.1044921875
10 0.0 0.2431640625 0.0009765625 0.23046875 0.033203125 0.23046875 0.0322265625 0.2421875
10 0.0009765625 0.169921875 0.0009765625 0.1552734375 0.0283203125 0.15625 0.029296875 0.1689453125
10 0.0 0.279296875 0.0009765625 0.2646484375 0.033203125 0.2666015625 0.0322265625 0.2802734375
10 0.0009765625 0.2958984375 0.0009765625 0.2822265625 0.033203125 0.283203125 0.0322265625 0.2978515625
10 0.001953125 0.314453125 0.0 0.30078125 0.0361328125 0.298828125 0.0361328125 0.3154296875
10 0.0009765625 0.33203125 0.0 0.3173828125 0.03125 0.31640625 0.03125 0.3310546875
10 0.0 0.40625 0.0009765625 0.390625 0.0302734375 0.392578125 0.03125 0.40625
9 0.6787109375 0.7626953125 0.7666015625 0.8076171875 0.75390625 0.8232421875 0.669921875 0.779296875
10 0.0009765625 0.369140625 0.001953125 0.3525390625 0.0390625 0.35546875 0.037109375 0.373046875
10 0.0009765625 0.4921875 0.0009765625 0.4775390625 0.0341796875 0.4765625 0.03515625 0.4912109375
10 0.0 0.5107421875 0.0009765625 0.49609375 0.0361328125 0.4951171875 0.037109375 0.509765625
10 0.03515625 0.5146484375 0.03515625 0.5302734375 0.0009765625 0.529296875 0.0009765625 0.5146484375
10 0.0009765625 0.533203125 0.0341796875 0.5341796875 0.0341796875 0.5498046875 0.0009765625 0.55078125
10 0.0 0.5673828125 0.033203125 0.568359375 0.0322265625 0.5830078125 0.0009765625 0.5830078125
10 0.0009765625 0.6005859375 0.0 0.5869140625 0.0322265625 0.587890625 0.03125 0.6005859375
10 0.001953125 0.6337890625 0.0009765625 0.62109375 0.02734375 0.6201171875 0.0263671875 0.634765625
10 0.0 0.6171875 0.0 0.6025390625 0.033203125 0.6025390625 0.0341796875 0.619140625
10 1.044921875 0.09375 1.0634765625 0.0927734375 1.0634765625 0.130859375 1.0439453125 0.1318359375
10 1.1015625 0.1328125 1.0810546875 0.1328125 1.08203125 0.0966796875 1.1005859375 0.09765625
9 0.96875 0.8466796875 1.060546875 0.8017578125 1.072265625 0.8125 0.9833984375 0.859375
9 0.9619140625 0.818359375 1.0498046875 0.7802734375 1.056640625 0.7939453125 0.9736328125 0.8349609375
9 0.9580078125 0.7890625 1.046875 0.748046875 1.0615234375 0.763671875 0.974609375 0.8056640625
9 1.064453125 0.7421875 1.1552734375 0.701171875 1.1689453125 0.716796875 1.08203125 0.7607421875
9 0.6669921875 0.7900390625 0.7568359375 0.8310546875 0.740234375 0.849609375 0.6552734375 0.8056640625
9 0.75390625 0.1875 0.8408203125 0.228515625 0.828125 0.2412109375 0.7451171875 0.2021484375
9 0.77734375 0.5302734375 0.8681640625 0.572265625 0.8515625 0.5849609375 0.7626953125 0.544921875
9 0.7744140625 0.5869140625 0.8681640625 0.630859375 0.853515625 0.6455078125 0.7646484375 0.607421875
9 0.7763671875 0.6142578125 0.8671875 0.6572265625 0.8564453125 0.6708984375 0.76171875 0.630859375
9 0.775390625 0.6435546875 0.87109375 0.681640625 0.8583984375 0.6953125 0.767578125 0.65625
9 0.7802734375 0.66796875 0.8701171875 0.7119140625 0.859375 0.7265625 0.7724609375 0.6884765625
9 0.7783203125 0.6982421875 0.869140625 0.7412109375 0.8583984375 0.7578125 0.767578125 0.712890625
9 0.771484375 0.748046875 0.859375 0.7880859375 0.849609375 0.8056640625 0.7568359375 0.76171875
9 0.77734375 0.7783203125 0.8671875 0.8212890625 0.8564453125 0.837890625 0.7685546875 0.7939453125
9 0.7841796875 0.8125 0.87109375 0.8544921875 0.861328125 0.869140625 0.7763671875 0.8271484375
9 0.953125 0.4580078125 1.044921875 0.4189453125 1.0537109375 0.435546875 0.9677734375 0.4755859375
9 1.0673828125 0.3251953125 1.15625 0.279296875 1.166015625 0.2998046875 1.080078125 0.33984375
9 1.068359375 0.35546875 1.158203125 0.3115234375 1.169921875 0.3291015625 1.08203125 0.3681640625
9 1.0751953125 0.376953125 1.1669921875 0.33984375 1.1748046875 0.35546875 1.0869140625 0.3955078125
9 1.0498046875 0.51953125 1.140625 0.482421875 1.1484375 0.4990234375 1.0595703125 0.5361328125
9 1.064453125 0.5732421875 1.158203125 0.53125 1.1689453125 0.5537109375 1.08203125 0.5869140625
9 1.06640625 0.60546875 1.1552734375 0.5654296875 1.166015625 0.5771484375 1.0791015625 0.6220703125
9 1.068359375 0.630859375 1.158203125 0.5908203125 1.166015625 0.6103515625 1.0810546875 0.6474609375
9 0.9638671875 0.673828125 1.060546875 0.6318359375 1.0693359375 0.650390625 0.978515625 0.69140625
9 0.958984375 0.708984375 1.0478515625 0.6689453125 1.0595703125 0.6796875 0.97265625 0.724609375
9 1.0654296875 0.6845703125 1.158203125 0.6435546875 1.16796875 0.6630859375 1.076171875 0.7021484375
9 0.9609375 0.7568359375 1.0537109375 0.71484375 1.06640625 0.734375 0.974609375 0.7783203125
9 0.099609375 0.2392578125 0.189453125 0.1962890625 0.201171875 0.2138671875 0.109375 0.2548828125
