9 1.65234375 0.6826171875 1.6708984375 0.6796875 1.6767578125 0.7197265625 1.6591796875 0.7236328125
9 1.603515625 0.7021484375 1.6240234375 0.697265625 1.6298828125 0.736328125 1.6123046875 0.7392578125
0 0.9794921875 0.47265625 0.8974609375 0.48046875 0.8916015625 0.423828125 0.97265625 0.4169921875
0 0.955078125 0.296875 1.0234375 0.2900390625 1.0283203125 0.3369140625 0.9619140625 0.34375
0 0.759765625 0.32421875 0.83984375 0.3095703125 0.849609375 0.3671875 0.771484375 0.3828125
0 0.5908203125 0.361328125 0.671875 0.341796875 0.685546875 0.396484375 0.603515625 0.4150390625
0 0.7060546875 0.515625 0.62890625 0.5185546875 0.62890625 0.466796875 0.705078125 0.4658203125
0 0.802734375 0.712890625 0.783203125 0.630859375 0.837890625 0.6181640625 0.8564453125 0.7021484375
0 0.6630859375 0.642578125 0.6796875 0.7216796875 0.626953125 0.7353515625 0.611328125 0.654296875
0 0.689453125 0.7314453125 0.69921875 0.8154296875 0.6435546875 0.8193359375 0.6337890625 0.7373046875
0 0.599609375 0.8759765625 0.58984375 0.794921875 0.6455078125 0.7861328125 0.65625 0.8701171875
0 0.5947265625 0.9775390625 0.580078125 0.8671875 0.65625 0.8564453125 0.6728515625 0.9697265625
0 0.666015625 1.1640625 0.64453125 1.0849609375 0.703125 1.0703125 0.72265625 1.150390625
0 0.6962890625 1.306640625 0.66796875 1.2294921875 0.7548828125 1.197265625 0.7822265625 1.2744140625
0 0.6123046875 1.3017578125 0.59765625 1.2255859375 0.646484375 1.21484375 0.666015625 1.2880859375
0 0.6787109375 1.3564453125 0.64453125 1.2919921875 0.68359375 1.26953125 0.7197265625 1.3349609375
0 0.6005859375 1.3974609375 0.572265625 1.3125 0.62890625 1.2939453125 0.6552734375 1.37890625
0 0.5 1.4228515625 0.486328125 1.3466796875 0.537109375 1.3388671875 0.5517578125 1.4150390625
0 0.4736328125 1.255859375 0.4580078125 1.171875 0.5126953125 1.162109375 0.533203125 1.2451171875
0 0.4599609375 1.1572265625 0.4580078125 1.0771484375 0.5146484375 1.0771484375 0.5166015625 1.16015625
0 0.46484375 1.0693359375 0.4443359375 0.984375 0.49609375 0.9736328125 0.513671875 1.05859375
0 0.4345703125 0.921875 0.4189453125 0.83984375 0.474609375 0.83203125 0.4873046875 0.9140625
0 0.4140625 0.81640625 0.4111328125 0.736328125 0.466796875 0.736328125 0.46875 0.81640625
0 0.541015625 0.53515625 0.46875 0.546875 0.458984375 0.5 0.5322265625 0.486328125
0 0.4599609375 0.5556640625 0.3818359375 0.5693359375 0.3740234375 0.5166015625 0.4501953125 0.50390625
0 1.064453125 0.455078125 0.982421875 0.4638671875 0.9755859375 0.408203125 1.056640625 0.396484375
0 1.0390625 0.2900390625 1.115234375 0.275390625 1.123046875 0.32421875 1.0478515625 0.3349609375
0 1.1240234375 0.2744140625 1.2041015625 0.2578125 1.21484375 0.3125 1.1328125 0.3271484375
0 1.0634765625 0.62109375 1.08203125 0.7001953125 1.02734375 0.712890625 1.009765625 0.634765625
9 1.513671875 0.7412109375 1.5361328125 0.7392578125 1.541015625 0.78125 1.5185546875 0.783203125
9 1.560546875 0.7177734375 1.5810546875 0.712890625 1.5908203125 0.759765625 1.572265625 0.763671875
9 1.412109375 0.802734375 1.4052734375 0.7822265625 1.4736328125 0.7568359375 1.4814453125 0.7763671875
9 1.392578125 0.720703125 1.388671875 0.7021484375 1.44140625 0.6884765625 1.447265625 0.7080078125
9 1.376953125 0.6318359375 1.3740234375 0.6123046875 1.4287109375 0.6005859375 1.431640625 0.6201171875
9 1.36328125 0.5673828125 1.357421875 0.544921875 1.4208984375 0.5322265625 1.4248046875 0.5537109375
0 1.04296875 0.99609375 1.029296875 0.9140625 1.0859375 0.904296875 1.0986328125 0.9873046875
0 1.0986328125 0.8330078125 1.11328125 0.9208984375 1.0556640625 0.9296875 1.04296875 0.841796875
0 1.0224609375 0.85546875 1.005859375 0.775390625 1.056640625 0.763671875 1.07421875 0.8447265625
0 1.0009765625 0.765625 0.982421875 0.6845703125 1.0380859375 0.671875 1.0576171875 0.7548828125
0 0.98046875 0.677734375 0.9580078125 0.5947265625 1.015625 0.5810546875 1.0361328125 0.662109375
0 1.212890625 0.2568359375 1.2939453125 0.2490234375 1.298828125 0.3046875 1.2197265625 0.3115234375
0 1.1484375 0.916015625 1.19921875 0.8466796875 1.2470703125 0.8798828125 1.1943359375 0.9521484375
0 1.2099609375 0.83984375 1.185546875 0.7607421875 1.2431640625 0.7412109375 1.265625 0.8203125
0 1.265625 0.7080078125 1.2783203125 0.7705078125 1.232421875 0.78125 1.2197265625 0.7197265625
0 1.1943359375 0.7451171875 1.1767578125 0.669921875 1.2255859375 0.6591796875 1.2421875 0.7333984375
0 1.1748046875 0.6533203125 1.1669921875 0.5673828125 1.2255859375 0.5615234375 1.23046875 0.646484375
0 1.486328125 0.2255859375 1.56640625 0.24609375 1.5498046875 0.298828125 1.4716796875 0.275390625
0 1.5830078125 0.345703125 1.509765625 0.3720703125 1.4951171875 0.330078125 1.5654296875 0.3037109375
0 1.5 0.375 1.4296875 0.3935546875 1.416015625 0.3447265625 1.484375 0.3251953125
0 1.32421875 0.4052734375 1.2548828125 0.421875 1.2421875 0.3681640625 1.310546875 0.353515625
0 1.306640625 0.2470703125 1.375 0.2333984375 1.3837890625 0.2861328125 1.318359375 0.296875
0 0.330078125 0.3994140625 0.41015625 0.3857421875 0.419921875 0.4453125 0.3408203125 0.45703125
