0 1.0078125 0.267578125 1.1083984375 0.3203125 1.0673828125 0.4248046875 0.9599609375 0.369140625
0 0.6044921875 1.103515625 0.64453125 1.029296875 0.697265625 1.0576171875 0.658203125 1.1328125
0 0.48828125 0.4462890625 0.45703125 0.513671875 0.4091796875 0.490234375 0.4384765625 0.42578125
0 0.4326171875 0.5341796875 0.3994140625 0.59765625 0.3544921875 0.5703125 0.390625 0.5107421875
0 0.39453125 0.6259765625 0.361328125 0.6884765625 0.31640625 0.662109375 0.349609375 0.6015625
0 0.4599609375 0.83203125 0.4951171875 0.7578125 0.5498046875 0.7841796875 0.5166015625 0.861328125
0 0.4287109375 1.1171875 0.390625 1.1865234375 0.34765625 1.158203125 0.38671875 1.091796875
0 0.365234375 1.5595703125 0.40234375 1.5 0.447265625 1.5263671875 0.4130859375 1.58984375
0 0.6572265625 0.9990234375 0.6962890625 0.927734375 0.7490234375 0.9541015625 0.7119140625 1.029296875
0 0.810546875 0.69921875 0.8486328125 0.6298828125 0.904296875 0.6591796875 0.8701171875 0.7333984375
0 0.6591796875 0.6689453125 0.61328125 0.734375 0.57421875 0.7021484375 0.62109375 0.6416015625
0 0.5517578125 0.6416015625 0.5869140625 0.5751953125 0.6357421875 0.5986328125 0.6015625 0.66796875
0 0.59765625 0.5615234375 0.634765625 0.4873046875 0.69140625 0.5185546875 0.6533203125 0.591796875
0 0.763671875 0.48828125 0.71875 0.5703125 0.658203125 0.5361328125 0.703125 0.455078125
0 0.8330078125 0.322265625 0.77734375 0.4267578125 0.6708984375 0.3720703125 0.724609375 0.2685546875
0 0.859375 0.6015625 0.8955078125 0.53125 0.9482421875 0.5556640625 0.9111328125 0.6318359375
0 0.5361328125 0.3505859375 0.498046875 0.4296875 0.443359375 0.4033203125 0.4775390625 0.32421875
