1 0.7861328125 0.8759765625 0.7822265625 0.86328125 0.8173828125 0.8505859375 0.822265625 0.8642578125
1 0.806640625 0.3330078125 0.8056640625 0.3232421875 0.8271484375 0.322265625 0.8271484375 0.3330078125
1 0.5966796875 0.580078125 0.5966796875 0.5927734375 0.564453125 0.59375 0.564453125 0.58203125
1 0.5498046875 0.5849609375 0.5517578125 0.599609375 0.517578125 0.6015625 0.5166015625 0.587890625
1 0.5595703125 0.5234375 0.5595703125 0.5126953125 0.587890625 0.5087890625 0.5888671875 0.5224609375
1 0.5576171875 0.462890625 0.5576171875 0.451171875 0.587890625 0.44921875 0.5888671875 0.4619140625
1 0.55078125 0.44921875 0.5498046875 0.435546875 0.5859375 0.43359375 0.5869140625 0.447265625
1 0.5498046875 0.4296875 0.5498046875 0.4189453125 0.58203125 0.4169921875 0.5810546875 0.4287109375
1 0.4169921875 0.564453125 0.41796875 0.5771484375 0.37890625 0.5810546875 0.3779296875 0.5673828125
1 0.4296875 0.5224609375 0.4287109375 0.51171875 0.4580078125 0.5087890625 0.458984375 0.5205078125
1 0.42578125 0.5048828125 0.4248046875 0.4921875 0.4580078125 0.490234375 0.458984375 0.5029296875
1 0.419921875 0.48828125 0.4189453125 0.474609375 0.4541015625 0.4716796875 0.455078125 0.4853515625
1 0.4111328125 0.353515625 0.41015625 0.3427734375 0.435546875 0.33984375 0.4365234375 0.3505859375
1 0.4150390625 0.3876953125 0.4150390625 0.376953125 0.4501953125 0.3740234375 0.4501953125 0.3857421875
1 0.6650390625 0.35546875 0.666015625 0.369140625 0.6318359375 0.3720703125 0.630859375 0.359375
1 0.685546875 0.439453125 0.6845703125 0.4287109375 0.7138671875 0.4248046875 0.71484375 0.4365234375
1 0.6884765625 0.478515625 0.6884765625 0.46875 0.71875 0.4658203125 0.71875 0.4765625
1 0.6513671875 0.5927734375 0.650390625 0.5810546875 0.6806640625 0.5791015625 0.681640625 0.5908203125
1 0.66015625 0.6767578125 0.658203125 0.6591796875 0.7216796875 0.6533203125 0.72265625 0.671875
1 0.791015625 0.6640625 0.7890625 0.6455078125 0.85546875 0.640625 0.8564453125 0.66015625
1 0.8291015625 0.6171875 0.828125 0.603515625 0.86328125 0.6015625 0.8642578125 0.6142578125
1 0.830078125 0.580078125 0.8291015625 0.568359375 0.861328125 0.56640625 0.8623046875 0.578125
1 0.822265625 0.55859375 0.8212890625 0.5458984375 0.8583984375 0.5439453125 0.8603515625 0.5576171875
1 0.82421875 0.541015625 0.8232421875 0.5302734375 0.857421875 0.52734375 0.8583984375 0.5380859375
1 0.8154296875 0.5029296875 0.8134765625 0.486328125 0.859375 0.4833984375 0.861328125 0.5
1 0.81640625 0.482421875 0.8154296875 0.46875 0.8525390625 0.466796875 0.853515625 0.4794921875
1 0.8125 0.421875 0.8115234375 0.408203125 0.8486328125 0.40625 0.849609375 0.4208984375
1 0.564453125 0.61328125 0.5634765625 0.6005859375 0.595703125 0.59765625 0.595703125 0.6103515625
1 0.56640625 0.634765625 0.56640625 0.6240234375 0.595703125 0.623046875 0.5966796875 0.634765625
1 0.5693359375 0.650390625 0.5693359375 0.6376953125 0.6025390625 0.63671875 0.603515625 0.650390625
7 1.02734375 0.62109375 0.927734375 0.62890625 0.904296875 0.298828125 0.9990234375 0.2919921875
7 0.24609375 0.447265625 0.2998046875 0.4462890625 0.2958984375 0.681640625 0.2421875 0.681640625
7 0.2421875 0.6826171875 0.326171875 0.681640625 0.32421875 1.109375 0.2412109375 1.1083984375
7 0.447265625 0.9345703125 0.5341796875 0.9072265625 0.62890625 1.2138671875 0.53515625 1.240234375
7 0.5791015625 0.83984375 0.642578125 0.8203125 0.7529296875 1.171875 0.6884765625 1.19140625
7 0.716796875 0.8232421875 0.80078125 0.798828125 0.90234375 1.125 0.8212890625 1.15234375
7 0.87109375 0.794921875 0.9541015625 0.771484375 1.0478515625 1.078125 0.9697265625 1.1025390625
7 1.0400390625 0.767578125 1.14453125 0.73828125 1.2314453125 1.017578125 1.1328125 1.048828125
7 1.2373046875 0.7373046875 1.3466796875 0.7041015625 1.4208984375 0.9619140625 1.3134765625 0.9921875
7 1.212890625 0.59765625 1.1025390625 0.6044921875 1.0771484375 0.27734375 1.1875 0.271484375
7 1.4072265625 0.5693359375 1.296875 0.580078125 1.2724609375 0.28515625 1.3837890625 0.2783203125
7 1.5859375 0.7314453125 1.5185546875 0.7431640625 1.4501953125 0.2734375 1.5146484375 0.2626953125
7 0.8671875 0.640625 0.7841796875 0.6494140625 0.76171875 0.3125 0.84375 0.306640625
1 0.529296875 0.685546875 0.52734375 0.6640625 0.595703125 0.6552734375 0.599609375 0.6767578125
7 0.734375 0.6552734375 0.654296875 0.662109375 0.6318359375 0.3193359375 0.7080078125 0.3154296875
7 0.6025390625 0.6572265625 0.5234375 0.6611328125 0.4990234375 0.330078125 0.578125 0.32421875
14 1.7412109375 0.7451171875 1.7587890625 0.7490234375 1.7548828125 0.7841796875 1.736328125 0.7822265625
1 0.2978515625 0.455078125 0.296875 0.470703125 0.259765625 0.4697265625 0.259765625 0.4541015625
1 0.255859375 0.5361328125 0.255859375 0.521484375 0.296875 0.5205078125 0.296875 0.5361328125
1 0.25390625 0.5791015625 0.25390625 0.5654296875 0.298828125 0.5654296875 0.298828125 0.5791015625
1 0.2568359375 0.6572265625 0.2568359375 0.642578125 0.30078125 0.642578125 0.30078125 0.6572265625
1 0.2578125 0.703125 0.2587890625 0.68359375 0.326171875 0.6845703125 0.326171875 0.7041015625
1 0.2529296875 0.78515625 0.2548828125 0.76171875 0.326171875 0.76171875 0.326171875 0.7841796875
1 0.2578125 0.8369140625 0.2587890625 0.8173828125 0.3251953125 0.8173828125 0.32421875 0.837890625
1 0.611328125 0.841796875 0.6171875 0.85546875 0.583984375 0.869140625 0.578125 0.85546875
1 0.8115234375 0.4013671875 0.810546875 0.3857421875 0.84765625 0.3837890625 0.84765625 0.3994140625
1 0.953125 0.30859375 0.953125 0.296875 0.98046875 0.294921875 0.98046875 0.306640625
1 0.7138671875 0.8232421875 0.708984375 0.8046875 0.7841796875 0.7841796875 0.7890625 0.8046875
1 0.955078125 0.3291015625 0.9541015625 0.3134765625 0.998046875 0.3095703125 1.0 0.3251953125
1 1.3388671875 0.462890625 1.341796875 0.484375 1.2900390625 0.48828125 1.2890625 0.46875
1 1.33203125 0.400390625 1.3349609375 0.41796875 1.2841796875 0.4208984375 1.2841796875 0.404296875
1 1.3896484375 0.37890625 1.390625 0.396484375 1.3486328125 0.3984375 1.3466796875 0.3818359375
1 1.3408203125 0.328125 1.33984375 0.3134765625 1.3828125 0.310546875 1.3828125 0.326171875
1 1.2861328125 0.345703125 1.28515625 0.333984375 1.3154296875 0.3330078125 1.3154296875 0.345703125
1 1.2685546875 0.28515625 1.267578125 0.2685546875 1.322265625 0.263671875 1.3232421875 0.28125
1 1.5205078125 0.3798828125 1.5234375 0.3994140625 1.478515625 0.40625 1.4755859375 0.388671875
1 1.5390625 0.517578125 1.5419921875 0.5322265625 1.5 0.5380859375 1.498046875 0.5234375
1 1.5419921875 0.53515625 1.544921875 0.5498046875 1.501953125 0.556640625 1.4990234375 0.5419921875
1 1.4990234375 0.6064453125 1.49609375 0.58984375 1.544921875 0.5830078125 1.5478515625 0.5986328125
1 1.4921875 0.6357421875 1.48828125 0.615234375 1.5478515625 0.607421875 1.5498046875 0.6259765625
1 1.5625 0.6591796875 1.5673828125 0.67578125 1.5068359375 0.6865234375 1.50390625 0.6689453125
1 1.509765625 0.7099609375 1.505859375 0.69140625 1.5615234375 0.6826171875 1.5634765625 0.701171875
1 1.5087890625 0.736328125 1.5048828125 0.71875 1.5673828125 0.70703125 1.5693359375 0.724609375
1 1.31640625 0.9931640625 1.3115234375 0.9775390625 1.3515625 0.962890625 1.3564453125 0.978515625
1 1.322265625 0.869140625 1.3251953125 0.8779296875 1.2958984375 0.8876953125 1.29296875 0.8779296875
1 1.1123046875 0.73046875 1.1171875 0.7470703125 1.0556640625 0.7646484375 1.0517578125 0.748046875
1 1.130859375 0.8583984375 1.126953125 0.845703125 1.1669921875 0.83203125 1.1708984375 0.8447265625
1 1.09375 0.927734375 1.08984375 0.9140625 1.1279296875 0.9013671875 1.1328125 0.916015625
1 1.1650390625 0.9970703125 1.169921875 1.013671875 1.1328125 1.02734375 1.1279296875 1.0107421875
1 1.1865234375 1.0283203125 1.18359375 1.0166015625 1.2275390625 1.0029296875 1.2314453125 1.015625
1 1.1240234375 1.052734375 1.1201171875 1.0361328125 1.171875 1.021484375 1.1767578125 1.0380859375
1 0.9404296875 0.865234375 0.9375 0.8525390625 0.9794921875 0.837890625 0.9833984375 0.8505859375
1 0.9306640625 0.828125 0.9267578125 0.81640625 0.9677734375 0.8017578125 0.97265625 0.8154296875
1 0.943359375 0.75 0.9501953125 0.775390625 0.873046875 0.796875 0.8671875 0.7724609375
1 1.3525390625 0.5009765625 1.3515625 0.490234375 1.3984375 0.486328125 1.3994140625 0.4970703125
1 1.3564453125 0.5244140625 1.35546875 0.513671875 1.3876953125 0.51171875 1.3876953125 0.5224609375
1 1.3369140625 0.5322265625 1.3388671875 0.546875 1.302734375 0.5498046875 1.3017578125 0.5341796875
1 1.16015625 0.5908203125 1.16015625 0.576171875 1.205078125 0.572265625 1.205078125 0.587890625
1 0.9658203125 0.3720703125 0.96484375 0.357421875 0.9990234375 0.3544921875 0.9990234375 0.3701171875
1 0.9638671875 0.46484375 0.962890625 0.44921875 1.005859375 0.4453125 1.0068359375 0.4619140625
1 0.9716796875 0.52734375 0.9716796875 0.515625 1.0068359375 0.5126953125 1.0078125 0.5244140625
1 0.9560546875 0.509765625 0.9560546875 0.525390625 0.919921875 0.52734375 0.9189453125 0.51171875
1 0.9775390625 0.548828125 0.9765625 0.5361328125 1.015625 0.5322265625 1.015625 0.5478515625
1 0.97265625 0.5751953125 0.970703125 0.5576171875 1.0205078125 0.5537109375 1.021484375 0.5712890625
1 0.923828125 0.5654296875 0.9228515625 0.5517578125 0.95703125 0.5478515625 0.95703125 0.5625
1 0.9619140625 0.5869140625 0.9619140625 0.599609375 0.927734375 0.6025390625 0.9267578125 0.58984375
1 1.021484375 0.59765625 1.0224609375 0.6142578125 0.9814453125 0.6171875 0.98046875 0.6015625
1 0.9404296875 0.6435546875 0.9404296875 0.6259765625 1.0068359375 0.62109375 1.0068359375 0.6396484375
1 1.2001953125 0.595703125 1.203125 0.6259765625 1.1572265625 0.6279296875 1.1552734375 0.59765625
1 1.1611328125 0.5234375 1.16015625 0.51171875 1.197265625 0.5087890625 1.19921875 0.5205078125
1 1.1259765625 0.3427734375 1.1279296875 0.3603515625 1.08984375 0.36328125 1.087890625 0.3466796875
1 1.16015625 0.5029296875 1.1591796875 0.490234375 1.1943359375 0.48828125 1.1953125 0.5
1 1.1396484375 0.494140625 1.1416015625 0.509765625 1.0966796875 0.515625 1.095703125 0.4990234375
1 1.1513671875 0.4853515625 1.150390625 0.4677734375 1.2001953125 0.46484375 1.201171875 0.4814453125
1 1.1513671875 0.45703125 1.150390625 0.443359375 1.1943359375 0.439453125 1.1953125 0.4541015625
1 1.15234375 0.4375 1.150390625 0.4228515625 1.189453125 0.419921875 1.1904296875 0.4345703125
1 1.1357421875 0.4521484375 1.13671875 0.4677734375 1.0927734375 0.4697265625 1.0927734375 0.4541015625
1 1.1513671875 0.4072265625 1.1513671875 0.3935546875 1.19140625 0.3916015625 1.1923828125 0.40625
1 1.1435546875 0.3896484375 1.1435546875 0.3740234375 1.1923828125 0.37109375 1.193359375 0.38671875
1 1.15234375 0.357421875 1.1513671875 0.3466796875 1.181640625 0.3447265625 1.1826171875 0.35546875
1 1.1416015625 0.3388671875 1.140625 0.3232421875 1.1904296875 0.3193359375 1.19140625 0.3369140625
1 1.115234375 0.3046875 1.115234375 0.3173828125 1.080078125 0.318359375 1.080078125 0.306640625
7 0.47265625 0.6591796875 0.38671875 0.66796875 0.359375 0.3408203125 0.447265625 0.3349609375
