10 0.1943359375 0.3046875 0.20703125 0.28515625 0.2421875 0.30859375 0.2294921875 0.328125
9 0.6015625 0.3271484375 0.62109375 0.33984375 0.5634765625 0.4248046875 0.544921875 0.412109375
9 0.30859375 0.2783203125 0.3251953125 0.2744140625 0.34375 0.37109375 0.322265625 0.3740234375
9 0.361328125 0.267578125 0.3876953125 0.2626953125 0.400390625 0.3603515625 0.375 0.3681640625
9 0.400390625 0.26171875 0.421875 0.2587890625 0.4306640625 0.3564453125 0.4091796875 0.3583984375
9 0.4345703125 0.263671875 0.4580078125 0.2646484375 0.4580078125 0.3603515625 0.4384765625 0.359375
9 0.478515625 0.2783203125 0.50390625 0.27734375 0.5048828125 0.3740234375 0.48046875 0.376953125
9 0.5751953125 0.314453125 0.587890625 0.3251953125 0.5361328125 0.408203125 0.517578125 0.396484375
9 0.6572265625 0.3603515625 0.673828125 0.3759765625 0.6123046875 0.4541015625 0.5927734375 0.443359375
10 0.1640625 0.3603515625 0.1748046875 0.34375 0.208984375 0.36328125 0.197265625 0.380859375
9 0.3037109375 0.5380859375 0.3876953125 0.4951171875 0.3955078125 0.5166015625 0.3154296875 0.5546875
10 0.0986328125 0.0947265625 0.0869140625 0.1142578125 0.046875 0.08984375 0.0595703125 0.072265625
10 0.1630859375 0.1767578125 0.1533203125 0.19140625 0.119140625 0.16796875 0.1298828125 0.154296875
10 0.111328125 0.2490234375 0.1015625 0.2666015625 0.064453125 0.2431640625 0.0751953125 0.2265625
10 0.0263671875 0.296875 0.041015625 0.28125 0.0791015625 0.3095703125 0.0654296875 0.326171875
10 0.12890625 0.4111328125 0.138671875 0.3955078125 0.1767578125 0.4169921875 0.166015625 0.4365234375
9 0.279296875 0.298828125 0.3037109375 0.2939453125 0.3095703125 0.3935546875 0.283203125 0.3974609375
