10 0.7705078125 0.2529296875 0.7509765625 0.2509765625 0.7529296875 0.208984375 0.7705078125 0.2099609375
9 0.66015625 0.5771484375 0.6494140625 0.591796875 0.5751953125 0.55859375 0.58203125 0.54296875
9 0.6328125 0.869140625 0.6259765625 0.888671875 0.544921875 0.859375 0.5517578125 0.83984375
9 0.6337890625 0.8095703125 0.62109375 0.8291015625 0.548828125 0.7939453125 0.556640625 0.7763671875
9 0.630859375 0.8359375 0.6181640625 0.853515625 0.5439453125 0.82421875 0.5537109375 0.802734375
9 0.6455078125 0.7021484375 0.6357421875 0.7216796875 0.556640625 0.6904296875 0.56640625 0.671875
9 0.642578125 0.650390625 0.6279296875 0.669921875 0.5556640625 0.6337890625 0.5654296875 0.6142578125
9 0.640625 0.6240234375 0.630859375 0.642578125 0.5556640625 0.60546875 0.564453125 0.58984375
9 0.6513671875 0.6005859375 0.640625 0.6201171875 0.5654296875 0.58203125 0.5751953125 0.5654296875
9 0.7900390625 0.3408203125 0.77734375 0.3212890625 0.8427734375 0.28125 0.85546875 0.298828125
10 0.720703125 0.2421875 0.7021484375 0.2421875 0.7041015625 0.1982421875 0.7216796875 0.19921875
9 0.7802734375 0.369140625 0.7705078125 0.349609375 0.845703125 0.3134765625 0.8525390625 0.3310546875
9 0.7861328125 0.3955078125 0.775390625 0.3779296875 0.845703125 0.341796875 0.8544921875 0.357421875
9 0.7900390625 0.4228515625 0.7783203125 0.40625 0.8515625 0.3681640625 0.861328125 0.388671875
9 0.7861328125 0.484375 0.7705078125 0.46484375 0.8466796875 0.427734375 0.85546875 0.44921875
9 0.78515625 0.5146484375 0.7763671875 0.49609375 0.8486328125 0.458984375 0.8564453125 0.4765625
9 0.7900390625 0.568359375 0.779296875 0.55078125 0.8544921875 0.5126953125 0.8662109375 0.5302734375
9 0.779296875 0.603515625 0.7685546875 0.5859375 0.8427734375 0.546875 0.8525390625 0.5625
9 0.4716796875 0.3798828125 0.4638671875 0.3623046875 0.5234375 0.337890625 0.5302734375 0.359375
9 0.470703125 0.458984375 0.47265625 0.439453125 0.5458984375 0.443359375 0.54296875 0.4619140625
9 0.458984375 0.6943359375 0.4599609375 0.67578125 0.5341796875 0.67578125 0.5341796875 0.6953125
9 0.451171875 0.7177734375 0.4521484375 0.6982421875 0.5263671875 0.7021484375 0.5244140625 0.7216796875
9 0.3408203125 0.845703125 0.3388671875 0.8623046875 0.2548828125 0.859375 0.2568359375 0.83984375
9 0.341796875 0.8173828125 0.341796875 0.837890625 0.2568359375 0.8388671875 0.2548828125 0.81640625
9 0.34375 0.79296875 0.3388671875 0.814453125 0.2568359375 0.810546875 0.2568359375 0.7890625
9 0.3369140625 0.7666015625 0.3369140625 0.783203125 0.25 0.78515625 0.2509765625 0.763671875
9 0.345703125 0.73828125 0.3447265625 0.7587890625 0.2568359375 0.7607421875 0.2578125 0.7392578125
9 0.345703125 0.6357421875 0.34375 0.65625 0.2626953125 0.646484375 0.263671875 0.630859375
9 0.34765625 0.6083984375 0.3466796875 0.6259765625 0.2626953125 0.623046875 0.2626953125 0.60546875
9 0.3486328125 0.5830078125 0.345703125 0.6015625 0.2626953125 0.5966796875 0.2626953125 0.5771484375
9 0.3544921875 0.52734375 0.353515625 0.5458984375 0.26953125 0.548828125 0.26953125 0.5283203125
9 0.35546875 0.5029296875 0.3544921875 0.521484375 0.2705078125 0.51953125 0.2705078125 0.5
9 0.35546875 0.48046875 0.3515625 0.4990234375 0.2685546875 0.4931640625 0.26953125 0.4765625
9 0.3583984375 0.451171875 0.3564453125 0.4716796875 0.2734375 0.4658203125 0.2763671875 0.4462890625
9 0.3515625 0.4013671875 0.3486328125 0.4189453125 0.2646484375 0.4169921875 0.2666015625 0.396484375
9 0.447265625 0.8525390625 0.4482421875 0.8349609375 0.5234375 0.837890625 0.51953125 0.857421875
9 0.44140625 0.82421875 0.4423828125 0.806640625 0.5166015625 0.8076171875 0.5146484375 0.8271484375
9 0.7841796875 0.6572265625 0.771484375 0.6396484375 0.8427734375 0.6005859375 0.8544921875 0.6171875
9 0.783203125 0.6865234375 0.7724609375 0.669921875 0.8447265625 0.6328125 0.8525390625 0.6494140625
9 0.7841796875 0.7138671875 0.7744140625 0.6953125 0.8486328125 0.66015625 0.857421875 0.6767578125
9 0.9716796875 0.36328125 0.9794921875 0.3828125 0.9072265625 0.41796875 0.8994140625 0.4013671875
9 0.9521484375 0.2880859375 0.9599609375 0.30859375 0.8857421875 0.3427734375 0.8759765625 0.3251953125
9 1.0751953125 0.8076171875 1.0810546875 0.79296875 1.1552734375 0.826171875 1.1484375 0.8427734375
9 1.08203125 0.75390625 1.08984375 0.7333984375 1.1669921875 0.76953125 1.158203125 0.7880859375
9 1.0927734375 0.6953125 1.1005859375 0.677734375 1.1767578125 0.7099609375 1.166015625 0.7275390625
9 1.09765625 0.6650390625 1.10546875 0.6484375 1.181640625 0.6826171875 1.1728515625 0.697265625
9 1.08203125 0.630859375 1.087890625 0.6123046875 1.1650390625 0.64453125 1.1572265625 0.662109375
9 1.083984375 0.599609375 1.091796875 0.58203125 1.16796875 0.6162109375 1.158203125 0.6328125
9 1.083984375 0.5732421875 1.08984375 0.55859375 1.169921875 0.5888671875 1.162109375 0.60546875
9 1.08984375 0.5458984375 1.0986328125 0.5283203125 1.17578125 0.5634765625 1.16796875 0.58203125
9 1.09765625 0.4619140625 1.103515625 0.4423828125 1.1806640625 0.4716796875 1.1748046875 0.4873046875
9 1.0966796875 0.4326171875 1.1025390625 0.4169921875 1.1826171875 0.447265625 1.17578125 0.4619140625
9 1.1044921875 0.4013671875 1.1162109375 0.3828125 1.1875 0.4208984375 1.1796875 0.4384765625
9 1.1142578125 0.375 1.12109375 0.3583984375 1.1953125 0.3916015625 1.1875 0.40625
9 1.1162109375 0.349609375 1.1220703125 0.330078125 1.2001953125 0.359375 1.193359375 0.376953125
9 1.099609375 0.279296875 1.109375 0.2626953125 1.1865234375 0.2958984375 1.1767578125 0.3125
9 0.9697265625 0.337890625 0.978515625 0.35546875 0.9072265625 0.392578125 0.8974609375 0.3759765625
9 0.9658203125 0.4267578125 0.97265625 0.4443359375 0.896484375 0.48046875 0.8876953125 0.4619140625
9 0.7802734375 0.7744140625 0.7646484375 0.7578125 0.83984375 0.7216796875 0.8505859375 0.736328125
9 0.96875 0.4560546875 0.9736328125 0.474609375 0.900390625 0.5078125 0.8935546875 0.4931640625
9 0.7744140625 0.8037109375 0.7646484375 0.7890625 0.8359375 0.75390625 0.8447265625 0.7705078125
9 0.7705078125 0.865234375 0.7607421875 0.8466796875 0.833984375 0.8125 0.8447265625 0.830078125
9 0.765625 0.892578125 0.7568359375 0.875 0.8310546875 0.8447265625 0.8369140625 0.86328125
9 0.8037109375 0.91796875 0.8046875 0.8994140625 0.8876953125 0.9013671875 0.8876953125 0.921875
9 0.9619140625 0.83203125 0.96875 0.8515625 0.89453125 0.8857421875 0.88671875 0.8681640625
9 0.9541015625 0.806640625 0.9638671875 0.826171875 0.888671875 0.865234375 0.8798828125 0.8486328125
9 0.9521484375 0.7802734375 0.9609375 0.796875 0.88671875 0.8330078125 0.8779296875 0.81640625
9 0.9482421875 0.7236328125 0.958984375 0.7431640625 0.8857421875 0.779296875 0.8740234375 0.7607421875
9 0.955078125 0.6650390625 0.9638671875 0.6826171875 0.8896484375 0.7177734375 0.8798828125 0.7021484375
9 0.953125 0.6376953125 0.9609375 0.658203125 0.884765625 0.6904296875 0.8759765625 0.673828125
9 0.955078125 0.6064453125 0.9609375 0.625 0.888671875 0.66015625 0.880859375 0.6455078125
9 0.9599609375 0.576171875 0.9697265625 0.59765625 0.8916015625 0.630859375 0.8828125 0.611328125
9 0.9658203125 0.54296875 0.9736328125 0.560546875 0.8984375 0.5966796875 0.8896484375 0.578125
9 0.974609375 0.5087890625 0.982421875 0.529296875 0.90625 0.564453125 0.8955078125 0.5458984375
9 0.970703125 0.4853515625 0.9765625 0.5048828125 0.9033203125 0.533203125 0.8955078125 0.51953125
9 0.1611328125 0.8447265625 0.177734375 0.8330078125 0.2236328125 0.8955078125 0.20703125 0.90625
9 0.1904296875 0.1474609375 0.208984375 0.1455078125 0.21484375 0.2275390625 0.1953125 0.2294921875
9 0.47265625 0.484375 0.4736328125 0.466796875 0.5439453125 0.470703125 0.54296875 0.490234375
10 0.4033203125 0.9814453125 0.41796875 0.98046875 0.4169921875 1.0205078125 0.400390625 1.01953125
10 0.3505859375 0.98046875 0.3623046875 0.98046875 0.3623046875 1.017578125 0.34765625 1.0146484375
10 0.23828125 1.1513671875 0.2333984375 1.1708984375 0.193359375 1.1611328125 0.1982421875 1.1435546875
10 0.21875 0.802734375 0.2333984375 0.802734375 0.23046875 0.8359375 0.21484375 0.8359375
10 0.2197265625 0.7041015625 0.236328125 0.7041015625 0.234375 0.7431640625 0.2197265625 0.74609375
10 0.1669921875 0.685546875 0.1845703125 0.6845703125 0.18359375 0.7158203125 0.1669921875 0.7138671875
10 0.2275390625 0.556640625 0.2451171875 0.556640625 0.2412109375 0.6005859375 0.2236328125 0.6005859375
10 0.2275390625 0.509765625 0.2421875 0.5107421875 0.240234375 0.5498046875 0.224609375 0.5478515625
10 0.2294921875 0.4541015625 0.2470703125 0.4541015625 0.244140625 0.49609375 0.2265625 0.4931640625
10 0.4345703125 0.478515625 0.4541015625 0.478515625 0.44921875 0.52734375 0.431640625 0.525390625
10 0.2314453125 0.3955078125 0.248046875 0.39453125 0.248046875 0.4384765625 0.23046875 0.4384765625
10 0.2333984375 0.333984375 0.25 0.3330078125 0.248046875 0.3798828125 0.2314453125 0.3798828125
10 0.234375 0.2353515625 0.2529296875 0.2333984375 0.251953125 0.2822265625 0.232421875 0.2822265625
10 0.36328125 0.33203125 0.33984375 0.3330078125 0.337890625 0.29296875 0.359375 0.291015625
10 0.2373046875 0.185546875 0.2529296875 0.1826171875 0.2568359375 0.220703125 0.2412109375 0.2197265625
10 0.228515625 0.1201171875 0.2431640625 0.119140625 0.24609375 0.162109375 0.2314453125 0.1640625
10 0.375 0.9794921875 0.388671875 0.978515625 0.3896484375 1.0107421875 0.373046875 1.01171875
10 0.4306640625 0.9833984375 0.4443359375 0.9833984375 0.443359375 1.0234375 0.427734375 1.0234375
10 0.2138671875 0.0244140625 0.232421875 0.01953125 0.23828125 0.060546875 0.220703125 0.064453125
10 0.45703125 0.9765625 0.4736328125 0.9765625 0.4716796875 1.0205078125 0.4541015625 1.01953125
10 0.5009765625 1.11328125 0.5185546875 1.1123046875 0.5166015625 1.154296875 0.4990234375 1.1552734375
10 0.47265625 1.111328125 0.4931640625 1.111328125 0.4912109375 1.158203125 0.47265625 1.158203125
10 0.447265625 1.1162109375 0.4677734375 1.1171875 0.46484375 1.1572265625 0.443359375 1.1572265625
10 0.4208984375 1.1142578125 0.4384765625 1.11328125 0.4375 1.15625 0.419921875 1.1552734375
10 0.396484375 1.115234375 0.412109375 1.11328125 0.41015625 1.1533203125 0.39453125 1.1552734375
10 0.3662109375 1.115234375 0.3828125 1.1142578125 0.3818359375 1.15625 0.3642578125 1.1572265625
10 0.33984375 1.109375 0.3525390625 1.107421875 0.3525390625 1.1484375 0.3369140625 1.1494140625
10 0.341796875 1.0234375 0.36328125 1.0244140625 0.359375 1.0673828125 0.33984375 1.06640625
10 0.37109375 1.025390625 0.388671875 1.0263671875 0.38671875 1.0673828125 0.3701171875 1.068359375
10 0.3994140625 1.025390625 0.41796875 1.025390625 0.4150390625 1.0654296875 0.3955078125 1.0634765625
10 0.423828125 1.025390625 0.443359375 1.0263671875 0.443359375 1.0654296875 0.4228515625 1.06640625
10 0.5107421875 1.0224609375 0.5224609375 1.0224609375 0.5205078125 1.0625 0.5068359375 1.0615234375
10 0.4814453125 1.0283203125 0.4970703125 1.02734375 0.4951171875 1.064453125 0.48046875 1.0634765625
10 0.51171875 0.9765625 0.5302734375 0.9765625 0.52734375 1.0205078125 0.5107421875 1.017578125
10 0.4853515625 0.9833984375 0.4990234375 0.984375 0.4951171875 1.0234375 0.4814453125 1.0234375
10 0.220703125 0.068359375 0.23828125 0.06640625 0.2421875 0.109375 0.2255859375 0.111328125
9 1.033203125 1.111328125 1.009765625 1.099609375 1.0390625 1.017578125 1.0625 1.029296875
9 0.4677734375 0.5107421875 0.46875 0.4931640625 0.5400390625 0.49609375 0.5390625 0.5126953125
10 0.3203125 0.3759765625 0.3212890625 0.39453125 0.271484375 0.39453125 0.2685546875 0.3779296875
10 0.3125 0.333984375 0.3154296875 0.3515625 0.27734375 0.3515625 0.27734375 0.3349609375
10 0.681640625 0.3212890625 0.6669921875 0.3115234375 0.68359375 0.2724609375 0.701171875 0.28125
10 0.794921875 0.2421875 0.77734375 0.2421875 0.7763671875 0.203125 0.794921875 0.2021484375
10 0.5263671875 0.296875 0.5087890625 0.294921875 0.5126953125 0.2509765625 0.529296875 0.25390625
10 0.09765625 0.359375 0.11328125 0.359375 0.11328125 0.400390625 0.09765625 0.400390625
9 1.05859375 0.85546875 1.0673828125 0.84375 1.140625 0.8798828125 1.130859375 0.8974609375
9 1.07421875 0.837890625 1.0830078125 0.822265625 1.1552734375 0.859375 1.146484375 0.8779296875
9 1.0830078125 0.7802734375 1.0908203125 0.7646484375 1.1650390625 0.7958984375 1.1572265625 0.814453125
9 1.0888671875 0.4873046875 1.09765625 0.4697265625 1.1728515625 0.5 1.166015625 0.51953125
9 0.8046875 0.4443359375 0.794921875 0.4287109375 0.865234375 0.3896484375 0.8740234375 0.40625
9 0.599609375 0.4580078125 0.59765625 0.4404296875 0.677734375 0.435546875 0.6787109375 0.4541015625
9 0.599609375 0.400390625 0.599609375 0.3818359375 0.6591796875 0.3798828125 0.6591796875 0.3994140625
9 0.4599609375 0.6416015625 0.4599609375 0.623046875 0.5322265625 0.623046875 0.5322265625 0.642578125
9 0.46484375 0.564453125 0.466796875 0.5458984375 0.537109375 0.546875 0.537109375 0.56640625
9 0.4677734375 0.5361328125 0.46875 0.51953125 0.5380859375 0.521484375 0.5380859375 0.5390625
10 0.31640625 0.353515625 0.3125 0.373046875 0.27734375 0.3720703125 0.279296875 0.3544921875
10 0.1572265625 0.34375 0.158203125 0.3642578125 0.12109375 0.365234375 0.1181640625 0.3486328125
10 0.26953125 1.068359375 0.275390625 1.0830078125 0.24609375 1.1015625 0.23828125 1.0859375
10 0.1533203125 0.37109375 0.1552734375 0.384765625 0.1181640625 0.38671875 0.1171875 0.3720703125
10 0.2666015625 1.0478515625 0.2705078125 1.0654296875 0.236328125 1.078125 0.2294921875 1.0595703125
10 0.265625 1.0234375 0.2724609375 1.041015625 0.2373046875 1.0537109375 0.23046875 1.03515625
10 0.6572265625 0.5439453125 0.64453125 0.560546875 0.6181640625 0.546875 0.626953125 0.5302734375
10 0.14453125 0.650390625 0.1435546875 0.66796875 0.09375 0.6650390625 0.0947265625 0.646484375
10 0.142578125 0.626953125 0.14453125 0.64453125 0.103515625 0.64453125 0.1015625 0.630859375
10 0.1435546875 0.6064453125 0.1435546875 0.6240234375 0.103515625 0.6240234375 0.1044921875 0.609375
10 0.142578125 0.58203125 0.1435546875 0.599609375 0.095703125 0.6015625 0.095703125 0.583984375
10 0.1416015625 0.5576171875 0.1396484375 0.576171875 0.107421875 0.5771484375 0.10546875 0.55859375
10 0.14453125 0.53515625 0.1435546875 0.5537109375 0.107421875 0.55078125 0.10546875 0.53515625
10 0.1435546875 0.50390625 0.142578125 0.51953125 0.10546875 0.5185546875 0.10546875 0.501953125
10 0.142578125 0.482421875 0.140625 0.498046875 0.10546875 0.4931640625 0.107421875 0.4775390625
10 0.1123046875 0.3505859375 0.09375 0.3544921875 0.08984375 0.31640625 0.107421875 0.314453125
10 0.154296875 0.4580078125 0.1552734375 0.4755859375 0.115234375 0.474609375 0.115234375 0.4560546875
10 0.154296875 0.435546875 0.15234375 0.451171875 0.11328125 0.447265625 0.11328125 0.4306640625
10 0.15234375 0.39453125 0.154296875 0.416015625 0.11328125 0.41796875 0.109375 0.3994140625
9 1.1103515625 0.2568359375 1.1201171875 0.236328125 1.19921875 0.26953125 1.1904296875 0.287109375
