10 0.7490234375 1.1484375 0.755859375 1.1298828125 0.7939453125 1.1435546875 0.7861328125 1.1611328125
9 0.923828125 0.34765625 0.9140625 0.36328125 0.8544921875 0.3291015625 0.861328125 0.3115234375
9 0.896484375 0.3837890625 0.8837890625 0.40234375 0.8271484375 0.36328125 0.837890625 0.3486328125
9 0.8896484375 0.4091796875 0.87890625 0.4248046875 0.8193359375 0.3857421875 0.8291015625 0.369140625
9 0.8759765625 0.46484375 0.8701171875 0.48046875 0.7890625 0.4619140625 0.794921875 0.4404296875
9 0.8876953125 0.4921875 0.8837890625 0.509765625 0.828125 0.49609375 0.8291015625 0.4765625
9 0.796875 0.611328125 0.77734375 0.6044921875 0.7900390625 0.5498046875 0.8134765625 0.552734375
9 0.74609375 0.5966796875 0.724609375 0.591796875 0.734375 0.53515625 0.7587890625 0.533203125
9 0.7177734375 0.587890625 0.7001953125 0.5830078125 0.7080078125 0.525390625 0.7294921875 0.5263671875
9 0.6708984375 0.58984375 0.65234375 0.5869140625 0.662109375 0.521484375 0.685546875 0.5244140625
9 0.6484375 0.603515625 0.625 0.5986328125 0.6396484375 0.517578125 0.6650390625 0.5205078125
9 0.6201171875 0.59765625 0.603515625 0.595703125 0.6162109375 0.517578125 0.6396484375 0.5224609375
9 0.59765625 0.5947265625 0.5771484375 0.591796875 0.59375 0.513671875 0.6181640625 0.515625
9 0.548828125 0.587890625 0.52734375 0.583984375 0.5439453125 0.5068359375 0.5654296875 0.509765625
9 0.521484375 0.5849609375 0.50390625 0.580078125 0.5224609375 0.5 0.54296875 0.5068359375
9 0.5009765625 0.5859375 0.4794921875 0.5830078125 0.4970703125 0.50390625 0.5166015625 0.5068359375
9 0.4775390625 0.576171875 0.4599609375 0.57421875 0.4716796875 0.4931640625 0.490234375 0.49609375
9 0.4541015625 0.57421875 0.4326171875 0.568359375 0.4501953125 0.4921875 0.470703125 0.4921875
9 0.431640625 0.572265625 0.41015625 0.5673828125 0.4296875 0.4853515625 0.4462890625 0.48828125
9 0.900390625 0.36328125 0.888671875 0.3798828125 0.830078125 0.33984375 0.841796875 0.32421875
9 0.919921875 0.2939453125 0.91015625 0.3134765625 0.8515625 0.2734375 0.8642578125 0.2529296875
9 0.6748046875 0.705078125 0.6787109375 0.68359375 0.76171875 0.6982421875 0.759765625 0.7177734375
9 0.9287109375 0.26953125 0.9208984375 0.28515625 0.8583984375 0.2431640625 0.8681640625 0.232421875
9 1.0234375 0.2275390625 1.017578125 0.208984375 1.1025390625 0.1953125 1.1083984375 0.2138671875
9 1.0224609375 0.25 1.017578125 0.2333984375 1.1005859375 0.2197265625 1.10546875 0.236328125
9 1.0185546875 0.2783203125 1.0126953125 0.259765625 1.099609375 0.248046875 1.1025390625 0.2646484375
9 1.009765625 0.318359375 1.0048828125 0.298828125 1.0908203125 0.2919921875 1.0927734375 0.310546875
9 1.0009765625 0.3662109375 0.998046875 0.3447265625 1.0830078125 0.337890625 1.0859375 0.359375
9 0.9931640625 0.431640625 0.9912109375 0.4111328125 1.0791015625 0.408203125 1.0791015625 0.427734375
9 0.9931640625 0.455078125 0.990234375 0.4375 1.076171875 0.4326171875 1.076171875 0.4482421875
9 0.9853515625 0.4765625 0.9794921875 0.4609375 1.06640625 0.453125 1.06640625 0.4716796875
9 0.984375 0.50390625 0.982421875 0.4814453125 1.0703125 0.4794921875 1.0703125 0.501953125
9 0.9931640625 0.521484375 0.9931640625 0.5068359375 1.078125 0.50390625 1.0771484375 0.521484375
9 0.98828125 0.5517578125 0.9853515625 0.533203125 1.0703125 0.5283203125 1.072265625 0.546875
9 0.978515625 0.587890625 0.982421875 0.5703125 1.0693359375 0.5732421875 1.06640625 0.5966796875
9 0.9775390625 0.6162109375 0.978515625 0.59765625 1.064453125 0.6005859375 1.0625 0.6220703125
9 0.974609375 0.6416015625 0.978515625 0.6201171875 1.06640625 0.630859375 1.060546875 0.6494140625
9 0.9560546875 0.201171875 0.9404296875 0.2197265625 0.8818359375 0.1787109375 0.892578125 0.1611328125
9 0.943359375 0.224609375 0.9345703125 0.2373046875 0.873046875 0.1982421875 0.8818359375 0.18359375
9 0.9326171875 0.2451171875 0.921875 0.259765625 0.8603515625 0.220703125 0.8681640625 0.2060546875
9 0.3193359375 0.537109375 0.3017578125 0.5458984375 0.2666015625 0.474609375 0.28515625 0.462890625
9 0.9921875 0.658203125 0.986328125 0.6708984375 0.9267578125 0.6572265625 0.9296875 0.638671875
10 0.7041015625 1.1337890625 0.7099609375 1.1181640625 0.751953125 1.130859375 0.7451171875 1.146484375
10 0.7802734375 0.875 0.7998046875 0.8779296875 0.787109375 0.923828125 0.7685546875 0.9189453125
10 0.9912109375 0.9267578125 1.009765625 0.9287109375 1.0048828125 0.9619140625 0.9873046875 0.9599609375
10 0.9482421875 1.03515625 0.9677734375 1.0400390625 0.9580078125 1.076171875 0.9404296875 1.0712890625
10 0.923828125 1.0234375 0.943359375 1.03125 0.9267578125 1.0634765625 0.908203125 1.056640625
10 0.84765625 1.00390625 0.8662109375 1.0078125 0.8564453125 1.046875 0.8388671875 1.0419921875
10 0.822265625 0.9912109375 0.8408203125 0.994140625 0.83203125 1.0322265625 0.8134765625 1.0283203125
10 0.802734375 0.986328125 0.818359375 0.9892578125 0.8115234375 1.025390625 0.7958984375 1.0244140625
10 0.77734375 0.9775390625 0.7958984375 0.9814453125 0.7890625 1.01953125 0.7705078125 1.0166015625
10 0.7509765625 0.9716796875 0.771484375 0.9736328125 0.765625 1.0126953125 0.748046875 1.0107421875
10 0.734375 1.03125 0.740234375 1.015625 0.7744140625 1.0263671875 0.76953125 1.041015625
10 0.779296875 1.044921875 0.7841796875 1.0283203125 0.82421875 1.037109375 0.8193359375 1.0556640625
10 0.7744140625 1.064453125 0.7802734375 1.048828125 0.81640625 1.05859375 0.810546875 1.076171875
10 0.7265625 1.048828125 0.73046875 1.033203125 0.7734375 1.044921875 0.76953125 1.0595703125
10 0.7255859375 1.068359375 0.7333984375 1.0537109375 0.76953125 1.0693359375 0.76171875 1.083984375
10 0.767578125 1.0859375 0.771484375 1.0693359375 0.8095703125 1.0810546875 0.8046875 1.09765625
10 0.7197265625 1.0947265625 0.7255859375 1.0751953125 0.7626953125 1.087890625 0.7568359375 1.10546875
10 0.7109375 1.11328125 0.7158203125 1.09765625 0.75390625 1.1083984375 0.7509765625 1.1240234375
10 0.7578125 1.1259765625 0.763671875 1.10546875 0.80078125 1.1201171875 0.796875 1.138671875
10 0.9814453125 0.9716796875 0.9599609375 0.966796875 0.96875 0.9267578125 0.98828125 0.9306640625
10 0.8095703125 0.9365234375 0.7919921875 0.931640625 0.802734375 0.890625 0.8212890625 0.8955078125
9 0.88671875 0.703125 0.8984375 0.6865234375 0.9716796875 0.7294921875 0.9609375 0.7451171875
10 0.9208984375 0.8271484375 0.92578125 0.810546875 0.9716796875 0.822265625 0.9658203125 0.83984375
9 0.3583984375 0.4638671875 0.3779296875 0.4677734375 0.359375 0.552734375 0.3408203125 0.5458984375
9 0.25390625 0.6904296875 0.2763671875 0.69140625 0.2646484375 0.7763671875 0.240234375 0.7744140625
9 0.27734375 0.705078125 0.296875 0.708984375 0.2900390625 0.7607421875 0.2705078125 0.7568359375
9 0.3037109375 0.6982421875 0.3212890625 0.7001953125 0.3115234375 0.7783203125 0.2919921875 0.7734375
9 0.3271484375 0.7021484375 0.3486328125 0.7021484375 0.3388671875 0.779296875 0.3212890625 0.779296875
9 0.357421875 0.7021484375 0.376953125 0.7041015625 0.3623046875 0.783203125 0.3408203125 0.7802734375
9 0.4033203125 0.708984375 0.42578125 0.712890625 0.41015625 0.7900390625 0.3876953125 0.787109375
9 0.427734375 0.7119140625 0.4501953125 0.71484375 0.431640625 0.7978515625 0.41015625 0.79296875
9 0.5205078125 0.7275390625 0.544921875 0.7294921875 0.5263671875 0.8115234375 0.505859375 0.806640625
9 0.544921875 0.73046875 0.5654296875 0.734375 0.548828125 0.8125 0.5283203125 0.80859375
9 0.5693359375 0.7353515625 0.591796875 0.73828125 0.576171875 0.8173828125 0.552734375 0.8125
9 0.6171875 0.7431640625 0.63671875 0.748046875 0.6240234375 0.8232421875 0.6025390625 0.8203125
9 0.6416015625 0.748046875 0.662109375 0.75 0.6474609375 0.826171875 0.6298828125 0.8203125
9 0.689453125 0.7646484375 0.7119140625 0.76953125 0.6953125 0.826171875 0.6748046875 0.8212890625
9 0.380859375 0.5634765625 0.3662109375 0.55859375 0.380859375 0.478515625 0.396484375 0.4814453125
9 0.3115234375 0.587890625 0.3076171875 0.6083984375 0.2451171875 0.5986328125 0.248046875 0.5751953125
9 0.8017578125 0.4814453125 0.798828125 0.50390625 0.7109375 0.494140625 0.7138671875 0.4716796875
9 1.02734375 0.19921875 1.0244140625 0.181640625 1.109375 0.1689453125 1.111328125 0.1875
