9 0.900390625 0.6884765625 0.884765625 0.673828125 0.9267578125 0.6220703125 0.9453125 0.6376953125
9 0.8671875 0.65625 0.8505859375 0.642578125 0.89453125 0.5859375 0.9111328125 0.6015625
10 0.587890625 0.6826171875 0.5712890625 0.6689453125 0.5947265625 0.6416015625 0.609375 0.6552734375
10 0.4814453125 0.595703125 0.4677734375 0.5810546875 0.4912109375 0.552734375 0.5068359375 0.5654296875
10 0.4970703125 0.693359375 0.5126953125 0.705078125 0.482421875 0.7412109375 0.466796875 0.7294921875
10 0.2255859375 0.326171875 0.23828125 0.3359375 0.220703125 0.3603515625 0.2080078125 0.3515625
10 0.251953125 0.33984375 0.2685546875 0.3505859375 0.240234375 0.3818359375 0.2265625 0.3720703125
9 0.59765625 0.572265625 0.6083984375 0.5556640625 0.6591796875 0.5966796875 0.64453125 0.6162109375
9 0.9267578125 0.744140625 0.91015625 0.734375 0.951171875 0.6904296875 0.9658203125 0.703125
9 0.953125 0.6513671875 0.9638671875 0.6640625 0.927734375 0.7060546875 0.9130859375 0.6953125
9 0.80078125 0.6484375 0.8095703125 0.638671875 0.845703125 0.6650390625 0.8330078125 0.6787109375
9 0.671875 0.48046875 0.6572265625 0.46875 0.697265625 0.41796875 0.7109375 0.4306640625
9 0.5498046875 0.3134765625 0.572265625 0.3115234375 0.5703125 0.3984375 0.546875 0.3955078125
9 0.521484375 0.2919921875 0.5478515625 0.291015625 0.5419921875 0.3681640625 0.521484375 0.3681640625
9 0.49609375 0.2705078125 0.51953125 0.26953125 0.5185546875 0.3671875 0.4951171875 0.365234375
9 0.4697265625 0.2509765625 0.4912109375 0.25 0.4892578125 0.341796875 0.47265625 0.3388671875
9 0.349609375 0.2529296875 0.4306640625 0.3251953125 0.4130859375 0.3408203125 0.3291015625 0.2724609375
9 0.3388671875 0.28515625 0.4072265625 0.34375 0.3916015625 0.359375 0.322265625 0.30078125
9 0.310546875 0.2939453125 0.37890625 0.357421875 0.361328125 0.375 0.2958984375 0.30859375
9 0.423828125 0.359375 0.4833984375 0.4091796875 0.470703125 0.423828125 0.4091796875 0.376953125
9 0.5205078125 0.5078125 0.5322265625 0.4921875 0.599609375 0.5458984375 0.5849609375 0.55859375
9 0.55078125 0.4560546875 0.56640625 0.439453125 0.6318359375 0.494140625 0.61328125 0.5107421875
9 0.666015625 0.5390625 0.681640625 0.5244140625 0.7490234375 0.5791015625 0.736328125 0.595703125
9 1.1513671875 0.8779296875 1.1357421875 0.859375 1.18359375 0.8212890625 1.1982421875 0.83984375
9 1.205078125 0.8349609375 1.189453125 0.8232421875 1.2392578125 0.76953125 1.25390625 0.7841796875
9 1.2236328125 0.76171875 1.205078125 0.748046875 1.26171875 0.6806640625 1.28125 0.6962890625
9 0.9453125 0.8515625 0.9345703125 0.8671875 0.8828125 0.8310546875 0.896484375 0.8095703125
9 0.80859375 0.7548828125 0.8212890625 0.740234375 0.8984375 0.80078125 0.8828125 0.8173828125
9 0.73828125 0.6943359375 0.751953125 0.6806640625 0.814453125 0.7353515625 0.80078125 0.75390625
10 0.623046875 0.7138671875 0.6103515625 0.705078125 0.6337890625 0.671875 0.6484375 0.681640625
10 0.638671875 0.7255859375 0.6279296875 0.712890625 0.65234375 0.6875 0.6669921875 0.6982421875
10 0.693359375 0.7724609375 0.6787109375 0.759765625 0.703125 0.73046875 0.716796875 0.7431640625
10 1.2109375 0.5830078125 1.2197265625 0.568359375 1.251953125 0.58984375 1.2431640625 0.6044921875
9 0.84765625 0.6318359375 0.8310546875 0.6181640625 0.8671875 0.5673828125 0.88671875 0.5830078125
9 0.794921875 0.57421875 0.775390625 0.55859375 0.8037109375 0.5205078125 0.8232421875 0.53515625
9 0.81640625 0.587890625 0.80078125 0.5771484375 0.822265625 0.5380859375 0.8427734375 0.552734375
9 0.822265625 0.6318359375 0.80078125 0.6171875 0.8359375 0.568359375 0.853515625 0.5810546875
9 0.751953125 0.57421875 0.734375 0.55859375 0.77734375 0.5068359375 0.796875 0.5244140625
10 1.048828125 0.830078125 1.0390625 0.8388671875 1.0107421875 0.8125 1.0205078125 0.8017578125
10 1.0322265625 0.8408203125 1.01953125 0.8525390625 0.9931640625 0.828125 1.005859375 0.81640625
10 1.1240234375 0.685546875 1.1328125 0.671875 1.162109375 0.6943359375 1.154296875 0.708984375
10 1.1396484375 0.669921875 1.150390625 0.658203125 1.1806640625 0.6806640625 1.16796875 0.6943359375
10 1.1494140625 0.654296875 1.1630859375 0.638671875 1.189453125 0.6611328125 1.1787109375 0.6767578125
10 1.236328125 0.5400390625 1.2470703125 0.525390625 1.2734375 0.5458984375 1.263671875 0.5615234375
10 1.22265625 0.56640625 1.2314453125 0.5498046875 1.2646484375 0.57421875 1.255859375 0.5888671875
10 0.7978515625 0.1611328125 0.78125 0.16015625 0.7802734375 0.1240234375 0.7958984375 0.123046875
10 0.7548828125 0.6142578125 0.765625 0.5986328125 0.798828125 0.623046875 0.7861328125 0.642578125
10 0.8193359375 0.1728515625 0.80078125 0.171875 0.798828125 0.1328125 0.8193359375 0.1328125
10 0.921875 0.26953125 0.9013671875 0.2666015625 0.9013671875 0.2255859375 0.9248046875 0.228515625
10 1.056640625 0.3193359375 1.044921875 0.333984375 1.0146484375 0.3056640625 1.029296875 0.291015625
10 1.1962890625 0.4072265625 1.205078125 0.384765625 1.2509765625 0.40234375 1.2451171875 0.423828125
10 1.19921875 0.3828125 1.20703125 0.361328125 1.25 0.3818359375 1.244140625 0.3994140625
10 1.0869140625 0.7353515625 1.095703125 0.72265625 1.1259765625 0.7431640625 1.1162109375 0.7587890625
10 1.103515625 0.69921875 1.1171875 0.6826171875 1.15234375 0.708984375 1.1416015625 0.7255859375
10 1.0751953125 0.7509765625 1.0849609375 0.736328125 1.11328125 0.759765625 1.1044921875 0.7724609375
10 1.0595703125 0.763671875 1.068359375 0.75 1.1015625 0.77734375 1.08984375 0.7939453125
10 1.0400390625 0.7744140625 1.052734375 0.7607421875 1.08203125 0.791015625 1.068359375 0.8046875
10 1.068359375 0.8095703125 1.0498046875 0.8271484375 1.017578125 0.794921875 1.0361328125 0.77734375
10 1.0107421875 0.7109375 1.0322265625 0.724609375 0.9990234375 0.7666015625 0.9794921875 0.7529296875
9 0.671875 0.638671875 0.685546875 0.62109375 0.75 0.67578125 0.7373046875 0.6953125
