10 0.8271484375 0.2021484375 0.8134765625 0.193359375 0.833984375 0.162109375 0.845703125 0.171875
10 0.1005859375 0.224609375 0.08984375 0.21484375 0.1171875 0.1796875 0.12890625 0.1904296875
9 0.3701171875 0.248046875 0.357421875 0.2646484375 0.2861328125 0.21484375 0.298828125 0.1953125
9 0.6142578125 0.4482421875 0.6328125 0.4599609375 0.5869140625 0.51953125 0.568359375 0.5068359375
9 0.59375 0.69140625 0.6181640625 0.7041015625 0.578125 0.78125 0.552734375 0.7705078125
9 0.466796875 0.6416015625 0.4541015625 0.6572265625 0.3857421875 0.6015625 0.40234375 0.5791015625
9 0.2060546875 0.455078125 0.1884765625 0.443359375 0.228515625 0.3935546875 0.244140625 0.4052734375
9 0.4150390625 0.1630859375 0.3955078125 0.1806640625 0.361328125 0.1484375 0.375 0.1298828125
9 0.3193359375 0.2861328125 0.3046875 0.302734375 0.2490234375 0.26171875 0.26171875 0.2421875
9 0.2548828125 0.3701171875 0.240234375 0.3857421875 0.1708984375 0.330078125 0.1845703125 0.3134765625
10 0.3671875 0.02734375 0.3828125 0.0419921875 0.3525390625 0.0712890625 0.337890625 0.060546875
10 0.3310546875 0.0693359375 0.3427734375 0.080078125 0.3173828125 0.1083984375 0.3046875 0.09765625
10 0.2734375 0.130859375 0.2880859375 0.1435546875 0.26171875 0.1787109375 0.24609375 0.16796875
10 0.15625 0.1572265625 0.1455078125 0.146484375 0.1728515625 0.1171875 0.1826171875 0.126953125
10 0.1328125 0.1884765625 0.1220703125 0.1787109375 0.1455078125 0.1474609375 0.1572265625 0.158203125
10 0.2236328125 0.22265625 0.2099609375 0.212890625 0.2314453125 0.1865234375 0.2431640625 0.197265625
10 0.802734375 0.1953125 0.7880859375 0.185546875 0.81640625 0.146484375 0.83203125 0.1591796875
10 0.2919921875 0.1376953125 0.2783203125 0.1298828125 0.2998046875 0.1015625 0.3115234375 0.111328125
10 0.0703125 0.2578125 0.05859375 0.2509765625 0.0830078125 0.22265625 0.09375 0.232421875
10 0.18359375 0.2666015625 0.169921875 0.2578125 0.19140625 0.23046875 0.2041015625 0.240234375
10 0.1513671875 0.3037109375 0.1416015625 0.29296875 0.1630859375 0.2666015625 0.1748046875 0.27734375
10 0.1201171875 0.337890625 0.1103515625 0.3291015625 0.130859375 0.298828125 0.142578125 0.30859375
10 0.0830078125 0.3798828125 0.0703125 0.3701171875 0.09765625 0.3369140625 0.111328125 0.3466796875
10 0.326171875 0.251953125 0.314453125 0.2724609375 0.271484375 0.24609375 0.2802734375 0.2255859375
10 0.42578125 0.3447265625 0.4423828125 0.35546875 0.4130859375 0.4013671875 0.39453125 0.3876953125
10 0.0380859375 0.296875 0.025390625 0.2841796875 0.05078125 0.255859375 0.0615234375 0.267578125
10 0.6728515625 0.1044921875 0.6513671875 0.091796875 0.6728515625 0.0498046875 0.6943359375 0.060546875
10 0.6923828125 0.1162109375 0.67578125 0.10546875 0.6982421875 0.056640625 0.7197265625 0.0693359375
10 0.708984375 0.1298828125 0.6943359375 0.1201171875 0.7158203125 0.078125 0.7314453125 0.087890625
10 0.787109375 0.177734375 0.7734375 0.1689453125 0.79296875 0.1376953125 0.80859375 0.146484375
9 0.3994140625 0.1982421875 0.3876953125 0.21875 0.322265625 0.1884765625 0.33203125 0.16796875
