10 1.087890625 0.9248046875 1.072265625 0.9375 1.046875 0.90234375 1.0625 0.892578125
9 0.427734375 0.91015625 0.4130859375 0.892578125 0.4921875 0.8408203125 0.501953125 0.85546875
10 0.2265625 0.7080078125 0.21484375 0.7158203125 0.193359375 0.6845703125 0.205078125 0.67578125
10 0.1435546875 0.5859375 0.12890625 0.595703125 0.107421875 0.564453125 0.1201171875 0.5556640625
9 0.6123046875 0.31640625 0.6220703125 0.3330078125 0.5087890625 0.4140625 0.490234375 0.3955078125
9 0.6904296875 0.2578125 0.7080078125 0.248046875 0.76171875 0.3173828125 0.7373046875 0.330078125
9 0.83203125 0.45703125 0.845703125 0.4453125 0.8935546875 0.5029296875 0.8759765625 0.517578125
9 0.8466796875 0.4404296875 0.8271484375 0.453125 0.787109375 0.3935546875 0.8076171875 0.37890625
9 0.64453125 0.3974609375 0.6572265625 0.384765625 0.716796875 0.4599609375 0.7001953125 0.47265625
9 0.7216796875 0.576171875 0.7353515625 0.591796875 0.67578125 0.634765625 0.66015625 0.6181640625
9 0.705078125 0.552734375 0.716796875 0.5693359375 0.6591796875 0.6103515625 0.6455078125 0.5927734375
9 0.8408203125 0.658203125 0.8583984375 0.6806640625 0.73828125 0.7568359375 0.7275390625 0.73828125
9 0.8408203125 0.8076171875 0.853515625 0.8232421875 0.80078125 0.8623046875 0.7841796875 0.845703125
9 0.9482421875 0.8994140625 0.9609375 0.916015625 0.828125 1.0078125 0.8115234375 0.990234375
9 0.4931640625 0.96875 0.4794921875 0.9501953125 0.5390625 0.90625 0.556640625 0.9296875
9 0.4501953125 0.9287109375 0.4375 0.912109375 0.5185546875 0.853515625 0.5341796875 0.87109375
9 0.4169921875 0.8896484375 0.404296875 0.87109375 0.4873046875 0.806640625 0.4970703125 0.8251953125
10 1.072265625 0.9443359375 1.0595703125 0.9541015625 1.037109375 0.9248046875 1.048828125 0.9150390625
9 0.4140625 0.8544921875 0.4013671875 0.83984375 0.462890625 0.7939453125 0.4736328125 0.8125
9 0.3720703125 0.84765625 0.3603515625 0.83203125 0.439453125 0.7744140625 0.451171875 0.791015625
9 0.3740234375 0.8115234375 0.359375 0.79296875 0.4365234375 0.7412109375 0.4501953125 0.7578125
9 0.3427734375 0.7958984375 0.3330078125 0.77734375 0.412109375 0.7236328125 0.423828125 0.740234375
9 0.328125 0.7763671875 0.3134765625 0.7548828125 0.3984375 0.6953125 0.4111328125 0.7158203125
9 0.3095703125 0.75390625 0.296875 0.734375 0.380859375 0.6767578125 0.39453125 0.6923828125
9 0.2578125 0.6220703125 0.2451171875 0.60546875 0.3125 0.5576171875 0.326171875 0.576171875
9 0.23828125 0.5966796875 0.228515625 0.5791015625 0.2958984375 0.5341796875 0.30859375 0.55078125
9 0.21484375 0.546875 0.2021484375 0.53125 0.267578125 0.4873046875 0.2783203125 0.5068359375
9 0.1982421875 0.525390625 0.1865234375 0.51171875 0.2470703125 0.462890625 0.259765625 0.4794921875
9 0.1650390625 0.48046875 0.1533203125 0.4658203125 0.2158203125 0.4189453125 0.2265625 0.4326171875
9 0.1484375 0.4609375 0.1357421875 0.4443359375 0.1962890625 0.396484375 0.208984375 0.412109375
9 0.126953125 0.4345703125 0.1171875 0.4189453125 0.18359375 0.375 0.1943359375 0.3876953125
9 0.1162109375 0.412109375 0.1025390625 0.40234375 0.169921875 0.3505859375 0.1806640625 0.3671875
10 0.12109375 0.7265625 0.1337890625 0.7431640625 0.10546875 0.7626953125 0.09375 0.7470703125
10 0.091796875 0.6728515625 0.103515625 0.689453125 0.068359375 0.7119140625 0.05859375 0.6962890625
10 0.0537109375 0.626953125 0.064453125 0.642578125 0.03125 0.666015625 0.0205078125 0.650390625
10 0.0693359375 0.7138671875 0.080078125 0.7314453125 0.048828125 0.7509765625 0.0380859375 0.7353515625
10 0.9013671875 0.8564453125 0.8876953125 0.8662109375 0.86328125 0.828125 0.87890625 0.818359375
10 0.93359375 0.828125 0.919921875 0.83984375 0.8994140625 0.80859375 0.91796875 0.7958984375
10 0.9599609375 0.818359375 0.943359375 0.8310546875 0.9189453125 0.7958984375 0.9375 0.7841796875
10 0.6552734375 1.2255859375 0.6435546875 1.2109375 0.6865234375 1.1845703125 0.69921875 1.19921875
10 0.7080078125 1.1923828125 0.6962890625 1.1787109375 0.7265625 1.158203125 0.73828125 1.1728515625
10 0.69140625 1.1787109375 0.6796875 1.162109375 0.7119140625 1.1416015625 0.72265625 1.1572265625
10 0.8740234375 0.3916015625 0.8876953125 0.4111328125 0.85546875 0.431640625 0.8447265625 0.4169921875
10 0.669921875 0.0986328125 0.6806640625 0.11328125 0.6474609375 0.13671875 0.6376953125 0.123046875
10 0.4580078125 1.1123046875 0.4765625 1.0986328125 0.4951171875 1.1298828125 0.478515625 1.1416015625
10 0.3828125 1.2099609375 0.3662109375 1.2216796875 0.33984375 1.1865234375 0.359375 1.1728515625
10 0.3154296875 1.2568359375 0.2978515625 1.2685546875 0.275390625 1.2353515625 0.2939453125 1.2236328125
10 0.19921875 1.328125 0.1845703125 1.337890625 0.1650390625 1.30078125 0.1826171875 1.2919921875
10 0.19140625 1.1142578125 0.181640625 1.1015625 0.2099609375 1.080078125 0.2216796875 1.09375
10 0.1748046875 1.1552734375 0.162109375 1.1416015625 0.1884765625 1.1201171875 0.2001953125 1.134765625
10 0.0107421875 1.1689453125 0.00390625 1.1552734375 0.0322265625 1.1337890625 0.0419921875 1.1474609375
10 0.0244140625 1.185546875 0.0126953125 1.1689453125 0.04296875 1.1474609375 0.0546875 1.1640625
10 0.091796875 1.2109375 0.0791015625 1.1962890625 0.111328125 1.173828125 0.1220703125 1.189453125
10 0.0703125 1.177734375 0.05859375 1.1640625 0.08984375 1.140625 0.1005859375 1.1552734375
10 0.0458984375 1.14453125 0.0341796875 1.130859375 0.0634765625 1.1103515625 0.0732421875 1.1259765625
10 0.048828125 1.0986328125 0.0576171875 1.11328125 0.03125 1.12890625 0.0234375 1.115234375
10 0.01953125 1.115234375 0.009765625 1.1005859375 0.0380859375 1.078125 0.05078125 1.095703125
10 0.029296875 1.0625 0.0380859375 1.0771484375 0.0107421875 1.095703125 0.0029296875 1.083984375
10 0.1005859375 1.0595703125 0.0888671875 1.0458984375 0.119140625 1.0224609375 0.1318359375 1.0380859375
10 0.11328125 1.001953125 0.1015625 0.984375 0.1328125 0.9619140625 0.146484375 0.9814453125
10 0.0634765625 1.009765625 0.0537109375 0.99609375 0.0869140625 0.970703125 0.09765625 0.98828125
10 0.0732421875 0.9560546875 0.0859375 0.9736328125 0.0556640625 0.9921875 0.044921875 0.978515625
10 0.041015625 0.9072265625 0.0517578125 0.9228515625 0.025390625 0.94140625 0.0126953125 0.9267578125
10 0.1455078125 0.759765625 0.1572265625 0.7744140625 0.1259765625 0.794921875 0.115234375 0.7802734375
10 0.0390625 0.611328125 0.0498046875 0.6279296875 0.0244140625 0.6435546875 0.013671875 0.6279296875
9 0.099609375 0.3896484375 0.0859375 0.3740234375 0.150390625 0.32421875 0.1640625 0.3408203125
