9 0.4560546875 0.5478515625 0.4453125 0.5703125 0.3857421875 0.5439453125 0.3935546875 0.5205078125
9 0.3642578125 0.32421875 0.3515625 0.3486328125 0.294921875 0.3203125 0.3056640625 0.296875
9 0.4296875 0.6259765625 0.4228515625 0.6494140625 0.3515625 0.6259765625 0.3583984375 0.6025390625
9 0.46484375 0.5283203125 0.455078125 0.5478515625 0.396484375 0.5205078125 0.4052734375 0.5009765625
9 0.4775390625 0.505859375 0.4677734375 0.5234375 0.404296875 0.4970703125 0.4111328125 0.478515625
9 0.482421875 0.47265625 0.474609375 0.4912109375 0.419921875 0.4755859375 0.4248046875 0.4541015625
9 0.49609375 0.4462890625 0.4892578125 0.4677734375 0.427734375 0.439453125 0.4365234375 0.41796875
9 0.5146484375 0.419921875 0.50390625 0.435546875 0.4521484375 0.4111328125 0.4609375 0.3935546875
9 0.521484375 0.3837890625 0.5087890625 0.404296875 0.453125 0.376953125 0.46484375 0.3603515625
9 0.533203125 0.36328125 0.525390625 0.3818359375 0.4677734375 0.357421875 0.4765625 0.33984375
9 0.4873046875 0.3349609375 0.494140625 0.3125 0.5625 0.3349609375 0.5517578125 0.3564453125
