1 0.724609375 0.375 0.7109375 0.3916015625 0.65625 0.3505859375 0.6708984375 0.3291015625
10 0.1953125 0.8720703125 0.2060546875 0.8564453125 0.240234375 0.8857421875 0.2294921875 0.8994140625
10 0.5126953125 0.5185546875 0.525390625 0.5009765625 0.55078125 0.5263671875 0.5380859375 0.5419921875
9 0.697265625 0.40625 0.6845703125 0.421875 0.6162109375 0.3681640625 0.6298828125 0.3525390625
9 0.607421875 0.5009765625 0.595703125 0.515625 0.5283203125 0.4609375 0.5419921875 0.4453125
9 0.5380859375 0.5849609375 0.5234375 0.599609375 0.45703125 0.5390625 0.4716796875 0.5234375
9 0.5166015625 0.6005859375 0.5029296875 0.6162109375 0.4423828125 0.5654296875 0.45703125 0.548828125
9 0.4658203125 0.6591796875 0.4521484375 0.673828125 0.388671875 0.6123046875 0.40234375 0.59765625
9 0.4150390625 0.720703125 0.4013671875 0.736328125 0.333984375 0.671875 0.3486328125 0.6572265625
9 0.38671875 0.744140625 0.373046875 0.7578125 0.3095703125 0.6982421875 0.32421875 0.68359375
9 0.3603515625 0.779296875 0.3466796875 0.794921875 0.2861328125 0.73828125 0.2998046875 0.724609375
9 0.32421875 0.7861328125 0.3134765625 0.80078125 0.2705078125 0.7666015625 0.28125 0.751953125
9 0.314453125 0.822265625 0.3017578125 0.8369140625 0.234375 0.78125 0.248046875 0.7666015625
9 0.2978515625 0.841796875 0.28515625 0.8583984375 0.2177734375 0.8037109375 0.23046875 0.7900390625
9 0.27734375 0.876953125 0.26171875 0.888671875 0.205078125 0.82421875 0.220703125 0.8115234375
9 0.2451171875 0.916015625 0.2333984375 0.9326171875 0.16015625 0.875 0.173828125 0.8583984375
