10 1.1923828125 0.3544921875 1.17578125 0.3486328125 1.1884765625 0.3134765625 1.2060546875 0.3203125
9 0.8603515625 0.3603515625 0.8798828125 0.3623046875 0.875 0.416015625 0.8515625 0.4140625
9 0.7392578125 0.349609375 0.76171875 0.353515625 0.7578125 0.4091796875 0.732421875 0.4072265625
9 0.673828125 0.3662109375 0.6982421875 0.36328125 0.7001953125 0.4169921875 0.67578125 0.4189453125
9 0.9169921875 0.31640625 0.8974609375 0.3125 0.9072265625 0.2587890625 0.927734375 0.263671875
9 0.8876953125 0.3037109375 0.8671875 0.2998046875 0.880859375 0.2412109375 0.9033203125 0.2421875
9 0.857421875 0.2998046875 0.8359375 0.2978515625 0.8466796875 0.240234375 0.869140625 0.2451171875
9 0.7158203125 0.275390625 0.69921875 0.271484375 0.7041015625 0.2177734375 0.7255859375 0.21875
9 0.6416015625 0.2646484375 0.6220703125 0.259765625 0.6279296875 0.212890625 0.6484375 0.2119140625
9 0.556640625 0.255859375 0.537109375 0.251953125 0.544921875 0.1953125 0.5673828125 0.2001953125
9 0.529296875 0.259765625 0.509765625 0.25390625 0.5185546875 0.1953125 0.5419921875 0.1982421875
9 0.50390625 0.2451171875 0.4833984375 0.2392578125 0.4921875 0.1875 0.5107421875 0.1875
9 0.4755859375 0.2392578125 0.45703125 0.2392578125 0.4560546875 0.1923828125 0.4765625 0.1884765625
9 0.4267578125 0.2265625 0.4091796875 0.22265625 0.4189453125 0.1748046875 0.4384765625 0.1796875
9 0.4033203125 0.2275390625 0.3857421875 0.220703125 0.39453125 0.173828125 0.4150390625 0.177734375
9 0.376953125 0.232421875 0.359375 0.2265625 0.3662109375 0.1796875 0.388671875 0.181640625
9 0.3916015625 0.1826171875 0.37109375 0.1796875 0.37890625 0.1279296875 0.3994140625 0.1279296875
9 0.365234375 0.1796875 0.3466796875 0.17578125 0.3515625 0.1171875 0.3701171875 0.1201171875
9 0.3408203125 0.1787109375 0.3212890625 0.1796875 0.326171875 0.1220703125 0.3447265625 0.12109375
9 0.3115234375 0.2119140625 0.29296875 0.20703125 0.296875 0.16015625 0.3154296875 0.16015625
9 0.2890625 0.20703125 0.263671875 0.205078125 0.267578125 0.158203125 0.2919921875 0.15625
9 0.80078125 0.353515625 0.822265625 0.3525390625 0.8203125 0.408203125 0.798828125 0.4091796875
9 0.2529296875 0.142578125 0.2275390625 0.1357421875 0.2373046875 0.0771484375 0.263671875 0.08203125
10 1.1181640625 0.3115234375 1.0986328125 0.310546875 1.1025390625 0.267578125 1.1240234375 0.2705078125
9 0.4501953125 0.2333984375 0.431640625 0.232421875 0.435546875 0.1875 0.455078125 0.1884765625
10 1.1259765625 0.26171875 1.1064453125 0.259765625 1.1083984375 0.2158203125 1.130859375 0.21875
10 1.1357421875 0.2119140625 1.1162109375 0.2080078125 1.12109375 0.169921875 1.1416015625 0.1728515625
10 1.1396484375 0.1552734375 1.1181640625 0.15234375 1.123046875 0.1064453125 1.1455078125 0.109375
10 0.8828125 0.365234375 0.9033203125 0.369140625 0.896484375 0.4169921875 0.876953125 0.4140625
10 0.720703125 0.4482421875 0.744140625 0.4482421875 0.7421875 0.4921875 0.7197265625 0.4912109375
10 0.6982421875 0.44140625 0.7177734375 0.443359375 0.7119140625 0.482421875 0.69140625 0.482421875
10 0.671875 0.4306640625 0.6953125 0.4365234375 0.6845703125 0.482421875 0.6630859375 0.4794921875
10 0.6396484375 0.4384765625 0.6640625 0.4443359375 0.650390625 0.486328125 0.62890625 0.48046875
10 0.4541015625 0.3125 0.4755859375 0.314453125 0.4716796875 0.365234375 0.4501953125 0.36328125
10 0.5400390625 0.326171875 0.560546875 0.3271484375 0.5546875 0.375 0.5361328125 0.3740234375
10 0.6220703125 0.333984375 0.64453125 0.3359375 0.638671875 0.38671875 0.6171875 0.3837890625
10 0.650390625 0.3388671875 0.6728515625 0.341796875 0.666015625 0.3896484375 0.64453125 0.3876953125
10 0.7705078125 0.28515625 0.75 0.283203125 0.751953125 0.232421875 0.7724609375 0.234375
10 0.7470703125 0.28515625 0.7275390625 0.28515625 0.724609375 0.23828125 0.74609375 0.23828125
10 0.5830078125 0.26171875 0.5625 0.2578125 0.5703125 0.212890625 0.587890625 0.21484375
9 0.83203125 0.3515625 0.853515625 0.3544921875 0.8466796875 0.4111328125 0.8271484375 0.4091796875
9 0.771484375 0.3564453125 0.7958984375 0.3564453125 0.7939453125 0.4111328125 0.767578125 0.4091796875
9 0.3310546875 0.2919921875 0.3505859375 0.294921875 0.3388671875 0.337890625 0.3232421875 0.3330078125
9 0.6123046875 0.2646484375 0.5927734375 0.265625 0.59375 0.20703125 0.619140625 0.20703125
9 0.25390625 0.2080078125 0.2314453125 0.2060546875 0.2353515625 0.1591796875 0.2568359375 0.1591796875
