10 0.154296875 0.6240234375 0.173828125 0.6240234375 0.1689453125 0.669921875 0.150390625 0.6689453125
9 0.3046875 0.2294921875 0.3203125 0.23046875 0.3173828125 0.2890625 0.30078125 0.2890625
9 0.5205078125 0.30859375 0.50390625 0.302734375 0.5302734375 0.2275390625 0.5478515625 0.234375
9 0.48046875 0.408203125 0.4609375 0.4013671875 0.4921875 0.3291015625 0.5078125 0.3388671875
9 0.3955078125 0.5947265625 0.380859375 0.5859375 0.41015625 0.5234375 0.4267578125 0.533203125
9 0.2001953125 0.2265625 0.2197265625 0.2275390625 0.21484375 0.2890625 0.197265625 0.287109375
9 0.2255859375 0.23046875 0.2431640625 0.2314453125 0.2421875 0.2900390625 0.22265625 0.291015625
9 0.359375 0.2294921875 0.376953125 0.2314453125 0.3720703125 0.291015625 0.353515625 0.2900390625
9 0.24609375 0.3701171875 0.263671875 0.3701171875 0.2587890625 0.4287109375 0.2412109375 0.427734375
9 0.193359375 0.37109375 0.2138671875 0.37109375 0.2099609375 0.431640625 0.1904296875 0.431640625
9 0.14453125 0.3642578125 0.1650390625 0.3662109375 0.1572265625 0.4267578125 0.1396484375 0.4248046875
9 0.2197265625 0.3681640625 0.236328125 0.3701171875 0.23046875 0.4287109375 0.2138671875 0.427734375
9 0.3505859375 0.3779296875 0.369140625 0.3779296875 0.361328125 0.4404296875 0.34375 0.439453125
9 0.2529296875 0.228515625 0.2705078125 0.2294921875 0.265625 0.2919921875 0.2490234375 0.291015625
9 0.3916015625 0.2294921875 0.40625 0.2294921875 0.4052734375 0.2880859375 0.388671875 0.2880859375
10 0.06640625 0.6181640625 0.0849609375 0.6171875 0.083984375 0.658203125 0.0654296875 0.6572265625
9 0.279296875 0.23046875 0.2958984375 0.23046875 0.291015625 0.2900390625 0.2744140625 0.2900390625
9 0.416015625 0.234375 0.4345703125 0.2353515625 0.4306640625 0.2919921875 0.4130859375 0.29296875
9 0.3388671875 0.0302734375 0.3388671875 0.0078125 0.4248046875 0.0107421875 0.4267578125 0.033203125
10 0.0361328125 0.0927734375 0.052734375 0.091796875 0.0498046875 0.1318359375 0.0341796875 0.1318359375
10 0.0654296875 0.083984375 0.08203125 0.0859375 0.0791015625 0.125 0.0625 0.123046875
10 0.0615234375 0.1328125 0.076171875 0.1328125 0.0732421875 0.1650390625 0.05859375 0.1650390625
10 0.0341796875 0.1337890625 0.05078125 0.1328125 0.048828125 0.16796875 0.0302734375 0.16796875
10 0.0283203125 0.212890625 0.0439453125 0.212890625 0.0439453125 0.2548828125 0.0302734375 0.2568359375
10 0.0537109375 0.2138671875 0.0693359375 0.212890625 0.0673828125 0.2529296875 0.052734375 0.251953125
10 0.0517578125 0.2626953125 0.0673828125 0.263671875 0.0654296875 0.2998046875 0.0498046875 0.30078125
10 0.08203125 0.26171875 0.0966796875 0.2646484375 0.0888671875 0.3037109375 0.076171875 0.298828125
10 0.052734375 0.392578125 0.06640625 0.3916015625 0.064453125 0.43359375 0.0517578125 0.43359375
9 0.560546875 0.2099609375 0.541015625 0.201171875 0.5693359375 0.12890625 0.5869140625 0.13671875
