9 0.2822265625 0.8251953125 0.3046875 0.841796875 0.24609375 0.90625 0.2294921875 0.890625
9 0.4716796875 0.4072265625 0.46875 0.390625 0.5439453125 0.3720703125 0.546875 0.3916015625
10 0.2783203125 0.255859375 0.2822265625 0.2724609375 0.22265625 0.283203125 0.21875 0.2666015625
10 0.4853515625 0.15625 0.5009765625 0.1474609375 0.5205078125 0.1796875 0.5078125 0.1884765625
10 0.4580078125 0.1591796875 0.4736328125 0.1484375 0.5 0.181640625 0.4873046875 0.193359375
9 0.5380859375 0.7529296875 0.5595703125 0.7412109375 0.630859375 0.884765625 0.6103515625 0.896484375
9 0.5732421875 0.7119140625 0.59375 0.7001953125 0.6767578125 0.8486328125 0.6513671875 0.8583984375
9 0.4677734375 0.384765625 0.4599609375 0.36328125 0.53515625 0.34375 0.5400390625 0.365234375
9 0.3544921875 0.7431640625 0.365234375 0.7607421875 0.2275390625 0.8388671875 0.2119140625 0.822265625
9 0.3828125 0.525390625 0.4091796875 0.5224609375 0.4228515625 0.6025390625 0.3974609375 0.607421875
9 0.1640625 0.33203125 0.333984375 0.2939453125 0.3408203125 0.3193359375 0.169921875 0.359375
9 0.8671875 0.2412109375 1.046875 0.24609375 1.048828125 0.267578125 0.869140625 0.26171875
9 0.869140625 0.2724609375 1.044921875 0.2763671875 1.044921875 0.298828125 0.8701171875 0.2919921875
9 0.873046875 0.3095703125 1.0419921875 0.318359375 1.0419921875 0.3369140625 0.87109375 0.3291015625
9 0.83203125 0.4326171875 0.833984375 0.41015625 1.009765625 0.4267578125 1.0068359375 0.4482421875
9 0.462890625 0.3564453125 0.455078125 0.337890625 0.5341796875 0.3154296875 0.541015625 0.3359375
10 0.26171875 0.4130859375 0.2412109375 0.4169921875 0.2314453125 0.375 0.2529296875 0.3701171875
10 0.5458984375 0.330078125 0.5712890625 0.3212890625 0.5830078125 0.3662109375 0.5595703125 0.37109375
10 0.2607421875 0.4677734375 0.2421875 0.4716796875 0.2333984375 0.427734375 0.251953125 0.4248046875
10 0.2021484375 0.4873046875 0.201171875 0.47265625 0.236328125 0.4677734375 0.2392578125 0.484375
10 0.2783203125 0.5 0.2919921875 0.49609375 0.2998046875 0.53125 0.2861328125 0.53515625
1 0.2158203125 0.462890625 0.1953125 0.466796875 0.18359375 0.416015625 0.205078125 0.412109375
1 0.244140625 0.62109375 0.2490234375 0.6435546875 0.181640625 0.6591796875 0.17578125 0.6337890625
10 0.3310546875 0.8095703125 0.3193359375 0.798828125 0.3466796875 0.775390625 0.3564453125 0.7861328125
10 0.3828125 0.8232421875 0.39453125 0.833984375 0.3681640625 0.8603515625 0.3564453125 0.8486328125
10 0.67578125 0.6708984375 0.6875 0.654296875 0.716796875 0.6806640625 0.70703125 0.6953125
10 0.697265625 0.134765625 0.71484375 0.1240234375 0.7333984375 0.150390625 0.720703125 0.1611328125
10 0.71875 0.1201171875 0.7333984375 0.107421875 0.75390625 0.1376953125 0.7421875 0.1484375
10 0.740234375 0.10546875 0.7578125 0.0986328125 0.775390625 0.130859375 0.7626953125 0.1396484375
10 0.763671875 0.0947265625 0.7783203125 0.0869140625 0.794921875 0.1220703125 0.7822265625 0.1298828125
10 0.68359375 0.6455078125 0.689453125 0.6279296875 0.724609375 0.6416015625 0.71875 0.65625
9 0.71875 0.662109375 0.7275390625 0.642578125 0.806640625 0.673828125 0.798828125 0.69140625
9 0.4716796875 0.4345703125 0.4677734375 0.412109375 0.5546875 0.3974609375 0.5576171875 0.419921875
9 0.458984375 0.32421875 0.451171875 0.306640625 0.52734375 0.28515625 0.53515625 0.3046875
