10 0.15625 0.7197265625 0.1640625 0.7001953125 0.205078125 0.720703125 0.1962890625 0.7412109375
9 0.2353515625 0.5302734375 0.2421875 0.5107421875 0.3095703125 0.5439453125 0.3017578125 0.5654296875
9 0.3349609375 0.232421875 0.3125 0.21875 0.3466796875 0.15234375 0.3701171875 0.1611328125
9 0.35546875 0.240234375 0.337890625 0.2353515625 0.3720703125 0.1630859375 0.392578125 0.1728515625
9 0.37890625 0.2509765625 0.3564453125 0.240234375 0.3935546875 0.1748046875 0.4140625 0.181640625
9 0.4150390625 0.51171875 0.421875 0.4921875 0.478515625 0.5126953125 0.466796875 0.537109375
9 0.341796875 0.625 0.3525390625 0.60546875 0.412109375 0.625 0.4033203125 0.6484375
9 0.3310546875 0.650390625 0.3369140625 0.6328125 0.4013671875 0.6533203125 0.3916015625 0.669921875
9 0.32421875 0.6708984375 0.3310546875 0.65625 0.390625 0.6748046875 0.3828125 0.6943359375
9 0.279296875 0.728515625 0.259765625 0.71875 0.296875 0.6435546875 0.3173828125 0.6513671875
9 0.21875 0.55859375 0.2314453125 0.5380859375 0.314453125 0.5771484375 0.3056640625 0.59765625
9 0.3662109375 0.541015625 0.3408203125 0.5322265625 0.3662109375 0.46875 0.392578125 0.478515625
9 0.6591796875 0.4384765625 0.6865234375 0.453125 0.6337890625 0.5634765625 0.60546875 0.5546875
9 0.4248046875 0.2763671875 0.40625 0.263671875 0.43359375 0.20703125 0.45703125 0.2197265625
10 0.1455078125 0.701171875 0.1298828125 0.6953125 0.1455078125 0.6572265625 0.162109375 0.6640625
10 0.10546875 0.77734375 0.111328125 0.76171875 0.15625 0.7783203125 0.1494140625 0.794921875
10 0.1650390625 0.75390625 0.1708984375 0.73828125 0.201171875 0.751953125 0.1962890625 0.7666015625
10 0.07421875 0.8544921875 0.0830078125 0.8359375 0.1201171875 0.8515625 0.1103515625 0.869140625
10 0.0830078125 0.83203125 0.0908203125 0.81640625 0.125 0.833984375 0.1171875 0.8486328125
10 0.869140625 0.09375 0.8740234375 0.080078125 0.9072265625 0.0947265625 0.9013671875 0.1083984375
9 0.294921875 0.212890625 0.2705078125 0.2001953125 0.3037109375 0.1357421875 0.330078125 0.1435546875
