10 0.53125 0.4404296875 0.52734375 0.4248046875 0.564453125 0.4140625 0.568359375 0.4287109375
10 0.701171875 0.755859375 0.6845703125 0.7568359375 0.6826171875 0.712890625 0.7001953125 0.7119140625
9 0.333984375 0.2939453125 0.3095703125 0.3037109375 0.2763671875 0.212890625 0.2998046875 0.203125
9 0.3642578125 0.2822265625 0.3359375 0.29296875 0.3037109375 0.193359375 0.3251953125 0.1845703125
9 0.4208984375 0.2626953125 0.39453125 0.2724609375 0.359375 0.1689453125 0.3857421875 0.1611328125
9 0.4794921875 0.142578125 0.5 0.1337890625 0.52734375 0.2236328125 0.505859375 0.23046875
9 0.580078125 0.21875 0.5546875 0.2265625 0.521484375 0.1279296875 0.54296875 0.1171875
9 1.029296875 0.4541015625 1.0068359375 0.46875 0.9365234375 0.3955078125 0.9521484375 0.3798828125
9 1.0556640625 0.435546875 1.0400390625 0.4501953125 0.9580078125 0.3740234375 0.9775390625 0.3583984375
9 1.0859375 0.416015625 1.060546875 0.431640625 0.9853515625 0.34765625 1.0048828125 0.328125
10 0.251953125 0.154296875 0.2578125 0.1708984375 0.21484375 0.189453125 0.2080078125 0.173828125
10 0.26953125 0.3046875 0.2685546875 0.3193359375 0.2333984375 0.3173828125 0.234375 0.3037109375
10 0.2783203125 0.3271484375 0.2822265625 0.345703125 0.24609375 0.3486328125 0.244140625 0.3310546875
10 0.28125 0.3505859375 0.2841796875 0.365234375 0.244140625 0.3740234375 0.240234375 0.3583984375
10 0.2900390625 0.3876953125 0.2978515625 0.404296875 0.259765625 0.4228515625 0.25 0.4072265625
10 0.32421875 0.4462890625 0.3271484375 0.4638671875 0.2822265625 0.47265625 0.28125 0.455078125
10 0.3271484375 0.4638671875 0.330078125 0.478515625 0.2861328125 0.48828125 0.2822265625 0.474609375
10 0.33203125 0.48046875 0.3369140625 0.498046875 0.2958984375 0.509765625 0.2890625 0.4931640625
10 0.33203125 0.5048828125 0.3388671875 0.51953125 0.30078125 0.5361328125 0.29296875 0.5224609375
10 0.3037109375 0.5595703125 0.296875 0.5400390625 0.3427734375 0.5244140625 0.349609375 0.5439453125
10 0.580078125 0.4287109375 0.5849609375 0.4482421875 0.55078125 0.4580078125 0.544921875 0.4404296875
10 0.5849609375 0.4501953125 0.5927734375 0.4658203125 0.552734375 0.482421875 0.5458984375 0.46484375
10 0.6123046875 0.4697265625 0.6171875 0.4873046875 0.578125 0.4990234375 0.5732421875 0.4814453125
10 0.5859375 0.521484375 0.5810546875 0.50390625 0.6171875 0.49609375 0.62109375 0.513671875
10 0.5810546875 0.544921875 0.576171875 0.5283203125 0.619140625 0.5166015625 0.625 0.533203125
10 0.5966796875 0.5634765625 0.5888671875 0.5478515625 0.626953125 0.537109375 0.6337890625 0.552734375
10 0.3095703125 0.5771484375 0.302734375 0.5615234375 0.345703125 0.546875 0.3515625 0.564453125
10 0.9619140625 0.158203125 0.9375 0.154296875 0.9443359375 0.107421875 0.9658203125 0.111328125
10 1.044921875 0.6923828125 1.03125 0.6826171875 1.0537109375 0.65625 1.0673828125 0.666015625
9 0.3076171875 0.3203125 0.287109375 0.3271484375 0.248046875 0.2265625 0.267578125 0.21484375
