0 0.84765625 0.611328125 0.91796875 0.568359375 0.9482421875 0.62109375 0.8828125 0.6611328125
0 0.4970703125 0.8583984375 0.55859375 0.8173828125 0.58984375 0.8681640625 0.529296875 0.9091796875
9 0.65625 0.376953125 0.67578125 0.3662109375 0.716796875 0.4287109375 0.6982421875 0.4384765625
0 0.27734375 1.015625 0.3486328125 0.970703125 0.3857421875 1.021484375 0.3134765625 1.0673828125
9 0.5732421875 0.4287109375 0.591796875 0.4140625 0.6513671875 0.4892578125 0.630859375 0.5048828125
10 0.701171875 0.345703125 0.72265625 0.3330078125 0.7421875 0.37109375 0.7216796875 0.380859375
9 0.765625 0.28515625 0.7890625 0.26953125 0.828125 0.32421875 0.8076171875 0.3388671875
0 0.4150390625 0.9052734375 0.4921875 0.861328125 0.5234375 0.9130859375 0.447265625 0.9580078125
0 0.5283203125 0.99609375 0.4560546875 1.0380859375 0.4248046875 0.98046875 0.498046875 0.9375
0 1.0322265625 0.64453125 0.96484375 0.697265625 0.9228515625 0.646484375 0.986328125 0.595703125
0 0.599609375 0.94921875 0.533203125 0.994140625 0.4931640625 0.9375 0.56640625 0.8916015625
0 0.67578125 0.908203125 0.5966796875 0.9453125 0.568359375 0.8818359375 0.6494140625 0.84375
0 0.7451171875 0.8525390625 0.6826171875 0.8974609375 0.634765625 0.8359375 0.701171875 0.794921875
0 0.6328125 0.7646484375 0.703125 0.71875 0.7392578125 0.775390625 0.66796875 0.81640625
0 0.8896484375 0.748046875 0.81640625 0.8037109375 0.7744140625 0.740234375 0.8427734375 0.6904296875
0 0.9560546875 0.7001953125 0.8916015625 0.744140625 0.8544921875 0.6884765625 0.9228515625 0.6494140625
9 0.4501953125 0.513671875 0.4716796875 0.498046875 0.525390625 0.5693359375 0.5029296875 0.587890625
