10 0.984375 0.1005859375 0.9765625 0.080078125 1.015625 0.0693359375 1.021484375 0.0888671875
9 0.7431640625 0.328125 0.7275390625 0.3330078125 0.7060546875 0.259765625 0.7255859375 0.2529296875
9 0.9521484375 0.4189453125 0.970703125 0.4111328125 0.9921875 0.478515625 0.97265625 0.486328125
9 0.92578125 0.4208984375 0.947265625 0.4130859375 0.966796875 0.4873046875 0.947265625 0.4931640625
9 0.78125 0.51953125 0.796875 0.513671875 0.8193359375 0.6005859375 0.8017578125 0.6044921875
9 0.751953125 0.5185546875 0.771484375 0.5146484375 0.791015625 0.6025390625 0.771484375 0.607421875
9 0.56640625 0.6240234375 0.5478515625 0.630859375 0.525390625 0.552734375 0.5439453125 0.5458984375
9 0.5361328125 0.615234375 0.517578125 0.62109375 0.4912109375 0.552734375 0.5107421875 0.546875
9 0.37890625 0.552734375 0.384765625 0.57421875 0.2138671875 0.6171875 0.2080078125 0.59765625
9 0.7939453125 0.3828125 0.7734375 0.388671875 0.734375 0.2509765625 0.755859375 0.2431640625
9 0.7109375 0.33984375 0.69140625 0.3447265625 0.6708984375 0.2666015625 0.69140625 0.2607421875
9 1.02734375 0.3955078125 1.0458984375 0.3876953125 1.0654296875 0.4638671875 1.0458984375 0.4677734375
9 0.646484375 0.3505859375 0.6279296875 0.3583984375 0.6083984375 0.2841796875 0.626953125 0.27734375
9 0.6123046875 0.359375 0.5927734375 0.365234375 0.5751953125 0.2900390625 0.595703125 0.28515625
9 0.58203125 0.3701171875 0.5625 0.3759765625 0.544921875 0.2998046875 0.5634765625 0.29296875
9 0.48046875 0.3837890625 0.4609375 0.3896484375 0.4453125 0.3232421875 0.46484375 0.3173828125
9 0.44921875 0.3916015625 0.4306640625 0.3984375 0.412109375 0.3310546875 0.43359375 0.3251953125
9 0.38671875 0.41796875 0.369140625 0.4248046875 0.34765625 0.3505859375 0.3671875 0.34375
9 0.3525390625 0.4140625 0.3349609375 0.421875 0.3154296875 0.357421875 0.3369140625 0.3515625
9 0.322265625 0.4345703125 0.302734375 0.4404296875 0.283203125 0.365234375 0.302734375 0.361328125
9 0.9794921875 0.4130859375 0.998046875 0.408203125 1.0166015625 0.474609375 0.9970703125 0.4794921875
9 1.05078125 0.3896484375 1.0712890625 0.3828125 1.08984375 0.45703125 1.0703125 0.4619140625
10 0.88671875 0.1083984375 0.8818359375 0.0888671875 0.921875 0.0791015625 0.9267578125 0.09765625
10 0.8828125 0.2978515625 0.8779296875 0.2822265625 0.91796875 0.271484375 0.921875 0.287109375
10 0.9267578125 0.1181640625 0.9306640625 0.13671875 0.896484375 0.1455078125 0.8916015625 0.126953125
10 0.998046875 0.1689453125 0.994140625 0.1494140625 1.0361328125 0.1396484375 1.0390625 0.1611328125
10 0.91015625 0.2119140625 0.9033203125 0.1943359375 0.94140625 0.185546875 0.9482421875 0.203125
10 0.9140625 0.234375 0.908203125 0.2158203125 0.947265625 0.2060546875 0.9541015625 0.2236328125
10 0.931640625 0.2958984375 0.9287109375 0.279296875 0.96484375 0.2734375 0.966796875 0.2890625
10 0.9287109375 0.2744140625 0.9228515625 0.2587890625 0.962890625 0.251953125 0.9658203125 0.2685546875
10 0.921875 0.2529296875 0.9189453125 0.23828125 0.9580078125 0.228515625 0.9599609375 0.244140625
10 0.873046875 0.2685546875 0.8701171875 0.2529296875 0.9091796875 0.244140625 0.9130859375 0.259765625
10 0.0673828125 0.8037109375 0.0625 0.783203125 0.0986328125 0.7734375 0.1044921875 0.7919921875
9 0.681640625 0.3505859375 0.6630859375 0.3544921875 0.640625 0.2734375 0.6611328125 0.26953125
10 0.056640625 0.7578125 0.0517578125 0.73828125 0.091796875 0.728515625 0.09375 0.75
10 0.0498046875 0.732421875 0.046875 0.7158203125 0.091796875 0.70703125 0.0947265625 0.724609375
10 0.0439453125 0.71484375 0.0390625 0.6982421875 0.08203125 0.689453125 0.0849609375 0.705078125
10 0.1376953125 0.4375 0.15625 0.43359375 0.1640625 0.47265625 0.1455078125 0.4765625
10 0.166015625 0.455078125 0.18359375 0.451171875 0.19140625 0.48828125 0.1748046875 0.4931640625
9 0.806640625 0.51171875 0.82421875 0.5068359375 0.849609375 0.5869140625 0.8310546875 0.591796875
9 1.078125 0.3896484375 1.0947265625 0.3857421875 1.1142578125 0.439453125 1.09765625 0.4462890625
9 1.001953125 0.400390625 1.0224609375 0.39453125 1.041015625 0.4697265625 1.0205078125 0.4755859375
9 0.2626953125 0.4365234375 0.244140625 0.4443359375 0.2255859375 0.3798828125 0.24609375 0.375
