9 1.294921875 0.5166015625 1.31640625 0.5009765625 1.3642578125 0.56640625 1.345703125 0.5849609375
9 1.044921875 0.2802734375 1.06640625 0.267578125 1.1240234375 0.349609375 1.1044921875 0.3642578125
10 1.134765625 0.2236328125 1.1455078125 0.2138671875 1.1689453125 0.24609375 1.1572265625 0.2548828125
10 1.0361328125 0.1865234375 1.0341796875 0.1728515625 1.0703125 0.16796875 1.0703125 0.1806640625
10 1.0244140625 0.16796875 1.0244140625 0.154296875 1.064453125 0.15234375 1.0634765625 0.1650390625
10 1.013671875 0.1416015625 1.01171875 0.126953125 1.05078125 0.125 1.05078125 0.1376953125
0 1.0458984375 0.8916015625 1.1806640625 0.8203125 1.23828125 0.9365234375 1.1044921875 1.0
0 0.9150390625 0.9677734375 1.0390625 0.904296875 1.103515625 1.029296875 0.97265625 1.0888671875
0 0.353515625 0.1328125 0.4697265625 0.0654296875 0.53125 0.1669921875 0.41796875 0.2333984375
0 0.6640625 0.58984375 0.77734375 0.5283203125 0.8349609375 0.6494140625 0.7255859375 0.70703125
0 0.3876953125 0.7734375 0.509765625 0.689453125 0.6015625 0.8349609375 0.47265625 0.9091796875
0 0.537109375 0.6806640625 0.64453125 0.6064453125 0.7138671875 0.716796875 0.6142578125 0.7822265625
0 0.173828125 0.240234375 0.3564453125 0.14453125 0.47265625 0.3466796875 0.2783203125 0.455078125
