10 0.65625 0.2578125 0.6611328125 0.275390625 0.62109375 0.28515625 0.6162109375 0.2666015625
9 1.1591796875 0.7880859375 1.1640625 0.8076171875 1.099609375 0.826171875 1.09375 0.8056640625
9 0.98046875 0.7548828125 0.9873046875 0.7734375 0.9111328125 0.80078125 0.9033203125 0.7802734375
9 0.9736328125 0.720703125 0.98046875 0.7412109375 0.912109375 0.767578125 0.904296875 0.74609375
9 0.9658203125 0.6923828125 0.9716796875 0.7109375 0.8994140625 0.740234375 0.890625 0.720703125
9 0.9560546875 0.66796875 0.962890625 0.6865234375 0.8876953125 0.7109375 0.8818359375 0.69140625
9 0.9501953125 0.640625 0.953125 0.6611328125 0.884765625 0.6748046875 0.8818359375 0.654296875
9 1.146484375 0.7509765625 1.1513671875 0.7685546875 1.1064453125 0.783203125 1.099609375 0.7666015625
10 0.162109375 0.38671875 0.1826171875 0.3818359375 0.189453125 0.4169921875 0.1708984375 0.421875
9 0.3076171875 0.4111328125 0.27734375 0.41796875 0.259765625 0.3388671875 0.2900390625 0.333984375
10 0.201171875 0.4599609375 0.181640625 0.46484375 0.1708984375 0.42578125 0.1904296875 0.4208984375
10 1.1328125 0.7109375 1.1396484375 0.73046875 1.08984375 0.744140625 1.0849609375 0.7255859375
9 0.1787109375 0.4716796875 0.150390625 0.48046875 0.1259765625 0.37890625 0.1513671875 0.3720703125
9 0.2294921875 0.4404296875 0.19921875 0.447265625 0.1767578125 0.3564453125 0.2060546875 0.3505859375
9 0.25390625 0.4345703125 0.224609375 0.44140625 0.2060546875 0.3515625 0.236328125 0.3466796875
9 0.279296875 0.4326171875 0.25390625 0.4384765625 0.234375 0.345703125 0.2587890625 0.3408203125
9 0.3134765625 0.900390625 0.318359375 0.9208984375 0.2490234375 0.9365234375 0.2451171875 0.9150390625
